0 0.19680587705761318 0.0975599184575522 0.06712962962962961 0.3647119341563786
0 0.25815141675240055 0.09137850556317634 0.07137345679012345 0.35545267489711935
0 0.33646851423182444 0.10217811690291115 0.07021604938271603 0.3523662551440329
0 0.4089980388374486 0.0929231443377534 0.06828703703703698 0.35699588477366256
0 0.4838343407064472 0.09446778311233045 0.05478395061728389 0.3585390946502057
0 0.5270694015775034 0.07950674439871971 0.09104938271604944 0.3117283950617284
0 0.6211869855967078 0.0928726566072245 0.06481481481481476 0.3024691358024691
0 0.7187885802469136 0.076385078494132 0.05555555555555555 0.2736625514403292
0 0.7754795739026061 0.07793400396281054 0.023919753086419842 0.279835390946502
0 0.8345309284979423 0.08404921124828532 0.057870370370370475 0.2175925925925926
0 0.8993653013545954 0.08404921124828532 0.08603395061728397 0.2175925925925926
0 0.20375728737997253 0.5375890679774424 0.07716049382716052 0.04063786008230455
0 0.200260684585048 0.5844797858558146 0.04205246913580246 0.12705761316872433
0 0.24462394975994514 0.5829394337753392 0.036265432098765434 0.1301440329218106
0 0.29331248928326475 0.5891289437585734 0.1477623456790123 0.14814814814814814
0 0.44222795567558304 0.5906678669410151 0.14158950617283944 0.14351851851851852
0 0.5884275334362141 0.49815672153635127 0.11342592592592596 0.23148148148148137
0 0.7029698752572016 0.5197445130315501 0.0543981481481481 0.21296296296296285
0 0.7620048868312757 0.6008554336229234 0.06481481481481492 0.034979423868312806
0 0.7608528377914953 0.6420034103033073 0.0725308641975308 0.030349794238683173
0 0.7596954303840877 0.6754324798049078 0.0725308641975308 0.02263374485596709
0 0.7608520340363512 0.6996203894223442 0.07137345679012333 0.034465020576131745
0 0.9163060485253772 0.6677459609815577 0.03626543209876555 0.054526748971193334
0 0.9390769675925925 0.6163670743789056 0.04861111111111111 0.12088477366255143
0 0.263955868484225 0.7768428021643042 0.09645061728395063 0.10133744855967079
0 0.23111925582990397 0.7722117436366408 0.033950617283950595 0.09979423868312752
0 0.3615968471364883 0.7799206485291876 0.1439043209876543 0.09207818930041153
0 0.5000535836762688 0.8508873456790124 0.07716049382716048 0.06944444444444445
0 0.5783706811556928 0.8508844878829447 0.07600308641975309 0.06635802469135799
0 0.6597522290809328 0.8267075331504343 0.04320987654320984 0.0663580246913581
0 0.7280462319958848 0.8400934499314129 0.05324074074074064 0.0787037037037038
0 0.8403281464334704 0.8524038827922573 0.0725308641975308 0.040637860082304446
0 0.8414839463305899 0.8961214944368235 0.07021604938271603 0.03343621399176953
0 0.003907857510288066 0.8175549649443683 0.07175925925925926 0.18158436213991766
0 0.9275195044581619 0.4198483462886755 0.0725308641975308 0.10288065843621391
