0 0.35112686471193416 0.8226423182441701 0.06712962962962968 0.12037037037037027
0 0.17366362311385458 0.40086638850784945 0.07561728395061726 0.15792181069958847
0 0.25661249356995885 0.6338925087639079 0.07754629629629627 0.15946502057613163
0 0.41286035022290807 0.631311442615455 0.07445987654320992 0.14969135802469133
0 0.569091595936214 0.6225637288523092 0.04745370370370373 0.14660493827160487
0 0.6184812778635117 0.6282097812833409 0.0574845679012346 0.13323045267489703
0 0.10652863511659809 0.6328451265051059 0.06790123456790123 0.13940329218106995
0 0.17829378858024691 0.635938214449017 0.07638888888888892 0.14660493827160487
0 0.1404720186042524 0.19817910760554794 0.057484567901234566 0.14454732510288065
0 0.2052868334190672 0.20075398186252094 0.057484567901234566 0.14763374485596711
0 0.5042842828360768 0.6276944253924706 0.05825617283950611 0.13220164609053503
0 0.08838305898491083 0.2028139765279683 0.04938271604938272 0.1502057613168724
0 0.33840020576131685 0.6318296563023929 0.07407407407407413 0.15380658436214
0 0.26971986454046637 0.20486682670324646 0.06327160493827162 0.1450617283950617
0 0.6809761874142661 0.6369465401615608 0.05015432098765436 0.12448559670781884
0 0.8900821973593965 0.6369594002438653 0.05169753086419746 0.13837448559670784
0 0.937927329818244 0.6384968945282731 0.05979938271604952 0.13220164609053503
0 0.8765863447359397 0.0006682479804907789 0.062114197530864286 0.1661522633744856
0 0.9641452867798352 0.4244932174973327 0.035879629629629685 0.11934156378600831
0 0.8310699588477366 0.4255153558908703 0.07407407407407413 0.11213991769547323
0 0.9460251628943758 0.0037489521414418537 0.05401234567901238 0.15997942386831276
0 0.6165412808641976 0.8380506020423715 0.04166666666666659 0.09465020576131693
0 0.19372133273319617 0.8416676192653559 0.0698302469135802 0.11213991769547323
0 0.5042754415294924 0.838065843621399 0.0455246913580246 0.11111111111111122
0 0.2670259452160494 0.8447368922420364 0.07291666666666663 0.0936213991769546
0 0.6701710390946501 0.8334266880048773 0.046296296296296426 0.10082304526748963
0 0.4244271905006859 0.838576912818168 0.06404320987654326 0.1075102880658436
0 0.9356125150034292 0.8143885269013871 0.059799382716049364 0.09516460905349788
0 0.8110093021262003 0.6467187738149672 0.0756172839506173 0.12294238683127577
0 0.06293563528806584 0.005263107757963724 0.07175925925925923 0.12860082304526751
0 0.14356111754115225 0.005263107757963724 0.0613425925925926 0.12860082304526751
0 0.32180802040466394 0.0006291914342325866 0.07021604938271607 0.12397119341563788
0 0.39896315586419756 0.0006334781283340954 0.0625 0.12860082304526751
0 0.46570537551440333 0.0006339544276787075 0.06018518518518524 0.12911522633744857
0 0.5339940200617284 0.0006430041152263374 0.0625 0.1388888888888889
0 0.5953379522462278 0.0016680003048315805 0.06442901234567897 0.13477366255144035
0 0.6644022205075446 0.0006587219935985368 0.07253086419753087 0.1558641975308642
0 0.7427099408436215 0.0006572930955647006 0.057870370370370315 0.154320987654321
0 0.4024329668209877 0.20948788294467308 0.059027777777777776 0.13580246913580246
0 0.47727784207818924 0.20949788523090992 0.0578703703703704 0.14660493827160495
0 0.5386078425068587 0.21411894147233654 0.039737654320987775 0.13734567901234568
0 0.6200137710048012 0.21823178631306206 0.04205246913580246 0.1347736625514403
0 0.6620662401406036 0.2228628448407255 0.04205246913580246 0.13631687242798354
0 0.717621795696159 0.22595069349184577 0.04205246913580254 0.13786008230452676
0 0.8596088927469137 0.2398319615912208 0.059027777777777776 0.12962962962962968
0 0.9186390817901235 0.23675268632830362 0.0625 0.13734567901234562
0 0.9074435763888888 0.4270695206523396 0.052083333333333176 0.12397119341563784
0 0.7075946823559671 0.4209066834324036 0.04745370370370365 0.13477366255144033
0 0.6223192086762689 0.40445435147081243 0.028549382716049444 0.14403292181069963
0 0.5397644461591221 0.4029249542752629 0.038580246913580314 0.15895061728395068
0 0.49192574374142667 0.4137231367169639 0.03973765432098762 0.1543209876543209
0 0.42710637431412896 0.4167995541838135 0.03317901234567905 0.14351851851851852
0 0.38081141760973936 0.4060099451303155 0.035108024691358014 0.1574074074074073
0 0.3287334426440329 0.4106352880658436 0.04282407407407405 0.15277777777777773
0 0.2546746399176955 0.4121756401463192 0.06481481481481476 0.14969135802469144
0 0.08339790166323732 0.40909064929126654 0.09297839506172839 0.1512345679012346
0 0.8742661715534978 0.8298010973936899 0.0543981481481481 0.07407407407407407
0 0.7971169302983541 0.83392061042524 0.0706018518518519 0.0787037037037037
0 0.09805705589849109 0.8540142508763908 0.09104938271604938 0.11316872427983544
