0 0.1123234417866941 0.19317986968449932 0.07908950617283951 0.3009259259259258
0 0.9209624699931412 0.6601323159579332 0.07484567901234572 0.16512345679012339
0 0.5679513353052126 0.1772467040085353 0.07214506172839508 0.315329218106996
0 0.42945387517146777 0.5439571902149063 0.08024691358024691 0.25154320987654316
0 0.21650028935185184 0.5722631839658588 0.09375 0.2664609053497943
0 0.48847817001028815 0.16851280292638318 0.07523148148148151 0.3271604938271605
0 0.6489674425582991 0.182384545038866 0.0686728395061727 0.308641975308642
0 0.3021272719478738 0.1704980185947264 0.06327160493827158 0.2489711934156379
0 0.3981912830075446 0.1612530483158055 0.06211419753086421 0.26440329218106995
0 0.020121474194101506 0.537731957780826 0.08603395061728394 0.1949588477366255
0 0.2241975844478738 0.16279768709038256 0.06674382716049385 0.2659465020576131
0 0.04942424339849109 0.18083419067215364 0.059799382716049385 0.30092592592592593
0 0.17634307484567902 0.18697607072092667 0.04513888888888891 0.2674897119341564
0 0.14819342635459531 0.5439371856424327 0.06520061728395063 0.2299382716049382
0 0.3676973486796982 0.17767680231672003 0.03973765432098762 0.22427983539094645
0 0.8869968492798352 0.43327903520804756 0.0532407407407408 0.16358024691358017
0 0.9548895104595336 0.46206561499771376 0.04089506172839508 0.14197530864197538
0 0.6185080697016461 0.5635407140679773 0.09606481481481484 0.29063786008230463
0 0.31719419795953363 0.5681698673982624 0.09297839506172838 0.2901234567901236
0 0.5181986239711934 0.5588977480566988 0.09490740740740745 0.27623456790123463
0 0.16982703189300413 0.8776829942081998 0.10648148148148147 0.11985596707818931
0 0.08339013203017832 0.876138355433623 0.08179012345679014 0.11831275720164613
0 0.28209635416666673 0.8884740321597319 0.10763888888888885 0.1075102880658437
0 0.404794131515775 0.888472603261698 0.12577160493827166 0.10596707818930043
0 0.5679816100823045 0.8946382982777016 0.1157407407407408 0.09825102880658423
0 0.7211234889403291 0.5619946463953667 0.0844907407407408 0.2875514403292181
0 0.8974137838648834 0.9244484453589392 0.05362654320987651 0.07098765432098762
0 0.8487914201817558 0.9254772519433013 0.03742283950617286 0.07098765432098762
0 0.0015812542866941017 0.0006068053650358177 0.05478395061728395 0.09979423868312756
0 0.06175063228737997 0.00934070644718793 0.03202160493827161 0.08796296296296297
0 0.10268722136488341 0.002142870751409846 0.09182098765432099 0.09207818930041152
0 0.2072201324588477 0.005230719402530101 0.06365740740740743 0.09362139917695472
0 0.27744154020919065 0.00522357491236092 0.0713734567901235 0.08590534979423868
0 0.3727221579218107 0.0036765546410608137 0.0532407407407408 0.08179012345679013
0 0.4487592699759945 0.0005915637860082305 0.10223765432098769 0.08333333333333333
0 0.560244127229081 0.002131915866483768 0.0848765432098765 0.08024691358024691
0 0.6520731524348422 0.002137155159274501 0.09645061728395071 0.08590534979423868
0 0.0004190243484224966 0.18495132220698066 0.047839506172839504 0.30298353909465014
0 0.7199398255315501 0.17466849565614997 0.04668209876543206 0.3086419753086419
0 0.9093932184499315 0.22748675887821976 0.08179012345679 0.13014403292181068
0 0.8449593835733882 0.6693606157597927 0.07484567901234555 0.13168724279835387
0 0.0015914351851851853 0.8735701493674745 0.06944444444444443 0.1224279835390947
0 0.6960468642832647 0.8977204313366864 0.08526234567901238 0.09362139917695492
