0 0.6206615561424099 0.5577155059989567 0.0906690140845071 0.22007042253521125
0 0.8429391016236307 0.09708963658494174 0.09991197183098595 0.27934272300469487
0 0.6158322329812207 0.08360013475917231 0.108274647887324 0.2881455399061033
0 0.8209259463028169 0.5196308250739002 0.09110915492957758 0.2857981220657275
0 0.26548134291862285 0.09648485046078943 0.1100352112676056 0.25997652582159625
0 0.4868593505477308 0.12991979655712052 0.09154929577464799 0.24295774647887325
0 0.9212750024452269 0.5319433576769257 0.08670774647887325 0.2734741784037559
0 0.10704897789514867 0.523234002782125 0.13644366197183097 0.3744131455399061
0 0.09782221977699532 0.013807381324986961 0.1597711267605634 0.3345070422535211
0 0.3904669772104852 0.5459941749260998 0.08934859154929574 0.23708920187793422
0 0.4899559247848201 0.5354824161015475 0.11399647887323938 0.2928403755868545
0 0.2707553917253521 0.5389405103460266 0.09903169014084506 0.22476525821596255
0 0.7174995720852896 0.5694727003999304 0.10079225352112675 0.2417840375586855
0 0.7368581279342722 0.11057316118935837 0.08978873239436622 0.26408450704225356
0 0.0005003545579029734 0.5232334593983655 0.08670774647887323 0.37382629107981213
0 0.6061341573748045 0.7166427577812554 0.08670774647887325 0.10093896713615028
0 0.4956716427034428 0.7172209181011998 0.10519366197183101 0.09154929577464783
0 0.002701058783255086 0.008540905929403583 0.08670774647887325 0.3509389671361503
