0 0.3469245649005487 0.0351856614845298 0.12692901234567897 0.2227366255144033
0 0.4838563100137174 0.05986939871970736 0.08641975308641985 0.21450617283950618
0 0.5691186556927298 0.07168971955494588 0.08641975308641976 0.20267489711934158
0 0.667879265260631 0.12153111187319007 0.07947530864197531 0.14248971193415638
0 0.7539212534293551 0.08555336457857035 0.09104938271604952 0.17541152263374488
0 0.8561358667695474 0.08810347126962353 0.057870370370370315 0.1517489711934156
0 0.6736748756858711 0.30775891632373115 0.09182098765432087 0.1574074074074074
0 0.5714404363854595 0.3000442958390489 0.09645061728395063 0.15895061728395068
0 0.4819230109739369 0.28204827770156987 0.08024691358024691 0.1676954732510288
0 0.34884821887860085 0.2697087905807041 0.11921296296296298 0.17438271604938274
0 0.2504511745541838 0.27279235253772294 0.09413580246913583 0.1712962962962963
0 0.24004174168381343 0.06242950769699741 0.1045524691358025 0.20164609053497942
0 0.048312917952674894 0.021784026825179086 0.1261574074074074 0.1934156378600823
0 0.07802720979080932 0.22604452446273438 0.13695987654320987 0.2391975308641975
0 0.0015975973079561045 0.22447035512879135 0.07831790123456789 0.205761316872428
0 0.05410290209190671 0.5012264708123761 0.13040123456790123 0.21347736625514402
0 0.2909778485082305 0.5526820416095107 0.11921296296296294 0.2299382716049383
0 0.1956642768347051 0.7239516651425087 0.08989197530864194 0.20113168724279842
0 0.05409727580589849 0.7296034331656759 0.12229938271604938 0.1939300411522635
0 0.41480302640603567 0.7799725651577503 0.09413580246913579 0.14814814814814825
0 0.5158682698902607 0.7568472793781436 0.07253086419753087 0.17283950617283947
0 0.5953626007373114 0.787166114159427 0.09992283950617285 0.13940329218106995
0 0.41480383016117967 0.5542128677030941 0.09529320987654326 0.21656378600823048
0 0.5814713005829903 0.5588424973327237 0.09645061728395063 0.21656378600823048
0 0.8291382673182441 0.3077655845145557 0.07021604938271603 0.1646090534979424
0 0.8175649969993141 0.7629972565157751 0.0713734567901235 0.14814814814814814
0 0.705306123542524 0.7496437280902302 0.08526234567901246 0.17078189300411523
0 0.887026856138546 0.6997804260021339 0.09645061728395063 0.2073045267489712
0 0.8164006237139917 0.542375876390794 0.0613425925925927 0.21039094650205756
0 0.7461907364540467 0.5315705494589239 0.07021604938271588 0.20730452674897132
0 0.6767425411522633 0.5182084476451762 0.06481481481481492 0.22067901234567905
0 0.9163376628943758 0.3123966430422192 0.08179012345679015 0.16615226337448555
