0 0.44450686942729767 0.0233429545800945 0.08989197530864199 0.21039094650205759
0 0.5351669667352538 0.01615321597317482 0.08487654320987659 0.22325102880658435
0 0.3534537358539095 0.7676225994513032 0.08449074074074071 0.14351851851851852
0 0.2589281121399177 0.7763650739216583 0.07870370370370369 0.1409465020576131
0 0.25738650977366256 0.6107148300563939 0.08101851851851849 0.1275720164609053
0 0.24966992455418383 0.06035998704465782 0.08024691358024691 0.1887860082304527
0 0.4437341928155007 0.45125361987501905 0.08834876543209873 0.13168724279835392
0 0.3465074159807956 0.04853061652187166 0.0817901234567902 0.19084362139917693
0 0.4614677104766804 0.6148205304069502 0.06905864197530866 0.11728395061728392
0 0.35924211248285326 0.6096984072549917 0.08641975308641968 0.1409465020576131
0 0.1536045739026063 0.6101975689681451 0.07947530864197531 0.12448559670781895
0 0.544034797239369 0.6106976832799877 0.0767746913580246 0.10905349794238688
0 0.4410330396947874 0.31080580323121476 0.08757716049382715 0.11471193415637862
0 0.5401773083847736 0.3020647576588935 0.07754629629629643 0.11882716049382715
0 0.16709587191358025 0.08397205075445816 0.0625 0.13425925925925927
0 0.54633889531893 0.45689443301326016 0.06134259259259254 0.11265432098765434
0 0.25968980409807957 0.34420486587410454 0.06442901234567901 0.07458847736625518
0 0.35344944915980797 0.4846564929126658 0.07831790123456786 0.09567901234567905
0 0.8515083804869685 0.43165723593964334 0.060956790123456825 0.0787037037037037
0 0.9386959876543212 0.2835481443377534 0.0555555555555554 0.12088477366255149
0 0.8630819187242799 0.2835329027587258 0.06018518518518508 0.1044238683127572
0 0.7762755594135803 0.28764765279682974 0.059027777777777776 0.10390946502057614
0 0.9190149712791497 0.6143175582990398 0.04822530864197524 0.12962962962962962
0 0.8345405735596707 0.0006263336381649139 0.07175925925925937 0.12088477366255146
0 0.9448591820987654 0.43988054412437133 0.041666666666666824 0.07098765432098772
0 0.7836020554698216 0.42035655768937663 0.05362654320987666 0.0961934156378601
0 0.8364768197016461 0.6215387326627039 0.08217592592592587 0.15072016460905355
0 0.15167904449588476 0.7614307079713457 0.08449074074074073 0.12294238683127577
0 0.4603070880486969 0.7676025948788294 0.06442901234567897 0.12191358024691354
0 0.547875675154321 0.7480695587562871 0.052083333333333336 0.1373456790123457
0 0.7535204475308641 0.774793762383783 0.06944444444444445 0.11059670781893005
0 0.8395412701474623 0.7758092325864959 0.05054012345679016 0.0961934156378601
0 0.15360993227023317 0.28407588401158357 0.08719135802469134 0.13528806584362144
0 0.33996163408779145 0.2887040847431794 0.10030864197530868 0.1337448559670782
0 0.1428079989711934 0.4440610234720317 0.08796296296296298 0.1414609053497942
0 0.23771326303155008 0.44303174058832495 0.08487654320987655 0.1409465020576131
0 0.7269091863854596 0.010922020271300107 0.08256172839506158 0.12911522633744857
0 0.9066700960219478 0.7706632944673069 0.0493827160493827 0.09413580246913576
0 0.7600812328532235 0.6385064205151654 0.07253086419753095 0.1424897119341564
0 0.6651234567901234 0.0030864197530864196 0.0 0.0
