0 0.308226354655712 0.07236132846461486 0.18397887323943662 0.19248826291079812
0 0.494365891529734 0.10284950443401149 0.1263204225352112 0.1619718309859155
0 0.630841035798122 0.06649441401495391 0.1716549295774648 0.1942488262910798
0 0.8082043476134585 0.023100330377325683 0.15228873239436622 0.23004694835680753
0 0.0035978457550860724 0.31013519387932525 0.11047535211267606 0.2981220657276996
0 0.1445245256259781 0.44088093375065207 0.22799295774647885 0.16549295774647876
0 0.37464758167057904 0.3271284341853591 0.12632042253521128 0.2705399061032863
0 0.5440987504890453 0.3236160015649452 0.12191901408450702 0.2799295774647888
0 0.7346412240805948 0.43500423839332286 0.06646126760563378 0.1566901408450704
0 0.7980646028951485 0.4444085811163276 0.12852112676056338 0.17253521126760568
0 0.9252280174100156 0.44264367066597116 0.0748239436619719 0.16784037558685452
0 0.03494045872456964 0.7676849678316814 0.24383802816901404 0.08568075117370902
0 0.038436521909233176 0.8533461571900539 0.20774647887323944 0.06455399061032865
0 0.2337884511932707 0.853420057381325 0.10607394366197183 0.14436619718309845
0 0.3442809198943662 0.8516627543035994 0.1307218309859155 0.147887323943662
0 0.37376485475352106 0.7119995435576422 0.1227992957746479 0.15669014084507035
0 0.4886474227308294 0.8727612589114937 0.13116197183098588 0.11737089201877937
0 0.6466640991784038 0.8698324204486176 0.1399647887323944 0.12323943661971849
0 0.791013179773083 0.8897588462876022 0.11531690140845068 0.09448356807511729
0 0.9071947745500782 0.9120506216310207 0.0928697183098592 0.08509389671361495
