0 0.0004890453834115806 0.03646594070596418 0.07042253521126761 0.08744131455399061
0 0.0004905736502347418 0.13037569553121198 0.07262323943661972 0.10152582159624413
0 0.0013702440336463223 0.23599700052164838 0.07174295774647887 0.08802816901408453
0 0.0004890453834115806 0.33164449660928536 0.07042253521126761 0.07746478873239437
0 0.07097790737480439 0.03823791514519214 0.16593309859154928 0.09976525821596242
0 0.07317708333333334 0.14503455920709443 0.1637323943661972 0.0880281690140845
0 0.07405767067683881 0.2389394235785081 0.1641725352112676 0.09683098591549298
0 0.07625287314162753 0.33574595722483047 0.15625000000000003 0.07042253521126757
0 0.23910437451095462 0.027678881933576767 0.15536971830985916 0.10446009389671361
0 0.24130507873630674 0.14386085028690662 0.15536971830985913 0.0880281690140845
0 0.241305690043036 0.23599428360285166 0.15625 0.08509389671361502
0 0.24042540835289516 0.3269583550686837 0.15624999999999997 0.08685446009389672
0 0.3975611918035994 0.03823248130759868 0.16417253521126757 0.09389671361502347
0 0.3975618031103286 0.1344809598330725 0.16505281690140844 0.09859154929577467
0 0.4010798733372457 0.23775593375065204 0.1606514084507042 0.08626760563380284
0 0.4032796606025039 0.3328268996696227 0.15933098591549297 0.08685446009389666
0 0.5661235206377152 0.0441064597461311 0.14744718309859148 0.09976525821596242
0 0.5661256602112676 0.14797154842636062 0.15052816901408445 0.09096244131455399
0 0.5661250489045383 0.24186282820379063 0.14964788732394366 0.08509389671361504
0 0.5683233079029734 0.3299007781255434 0.14612676056338034 0.09565727699530518
0 0.7179757800273866 0.057017257868196836 0.15272887323943662 0.09976525821596244
0 0.7223765771713614 0.16145942010085204 0.1518485915492958 0.08039906103286386
0 0.7210540150625978 0.24656309772213528 0.14876760563380267 0.09096244131455401
0 0.7179751687206573 0.34456235872022256 0.15184859154929567 0.085093896713615
0 0.874207135172144 0.04414123630672926 0.12588028169014082 0.13732394366197184
0 0.87728567586072 0.18614588767170925 0.12235915492957743 0.12206572769953052
0 0.8750868055555555 0.3170024778299426 0.125 0.10915492957746477
0 0.0027233714788732393 0.5030554468788037 0.11883802816901409 0.13086854460093902
0 0.0005232785602503913 0.6368446791862284 0.11971830985915494 0.11619718309859153
0 0.000524195520344288 0.7571498435054773 0.1210387323943662 0.11619718309859153
0 0.1246662265258216 0.5030201269344461 0.15316901408450703 0.09272300469483567
0 0.12378349960876368 0.604547035298209 0.14964788732394363 0.09389671361502352
0 0.1281824628325509 0.6996055033907147 0.14612676056338028 0.08098591549295775
0 0.12158432365023474 0.7835360154755695 0.15184859154929573 0.0921361502347417
0 0.2809153095657277 0.5106476047643888 0.15184859154929578 0.09096244131455407
0 0.2822363434076683 0.6074758737610851 0.15272887323943654 0.0880281690140845
0 0.27432083822378717 0.7013736741436273 0.16285211267605634 0.08920187793427235
0 0.2787170505672926 0.7894018431577118 0.15536971830985918 0.08920187793427224
0 0.43628808440923317 0.5106514084507041 0.15625 0.09507042253521127
0 0.43936754205790296 0.6104085159102765 0.1540492957746479 0.08626760563380279
0 0.44156610670970264 0.7025462962962964 0.15096830985915494 0.0880281690140845
0 0.44376436570813776 0.7993691314553991 0.14744718309859156 0.07922535211267592
0 0.5947348151408451 0.5089239914797427 0.15052816901408453 0.1308685446009389
0 0.600009169600939 0.6456415188662841 0.1399647887323944 0.10974178403755874
0 0.6000106978677621 0.7659439662667362 0.14216549295774655 0.10680751173708919
0 0.7465797388497654 0.5147762345679011 0.1452464788732393 0.11326291079812208
0 0.7474594092331768 0.6397691705790297 0.1443661971830985 0.10563380281690145
0 0.7509765625 0.7524588115110415 0.13864436619718326 0.12030516431924883
0 0.8948775552621283 0.5224047991653626 0.10255281690140837 0.1126760563380281
0 0.8961988947574334 0.6427034428794991 0.10387323943661973 0.10563380281690145
0 0.8961988947574334 0.7553843896713616 0.10387323943661973 0.11091549295774639
0 0.32931643681533646 0.9548540471222395 0.131161971830986 0.045187793427230095
