0 0.004508692781690141 0.1861279560076508 0.1544894366197183 0.10269953051643196
0 0.00452091891627543 0.2976417144844375 0.17209507042253522 0.11502347417840374
0 0.23603775430359938 0.17144953051643191 0.17605633802816897 0.09507042253521127
0 0.24180726721439746 0.27243577203964525 0.24471830985915494 0.1461267605633803
0 0.6061803110328638 0.12711267605633803 0.15316901408450703 0.38028169014084506
0 0.7853243593505478 0.15407592157885586 0.16285211267605634 0.3456572769953052
0 0.002264891431924883 0.7314298600243435 0.09242957746478873 0.2259389671361504
0 0.1017758460485133 0.7150104329681795 0.14876760563380284 0.23943661971830982
0 0.2597699041471049 0.7483894105372978 0.125 0.1619718309859155
0 0.3869669405320814 0.5987882542166579 0.11971830985915494 0.21244131455399062
0 0.5419301398669797 0.6006612980351244 0.16813380281690135 0.3339201877934272
0 0.718001149256651 0.5947873195965919 0.1892605633802816 0.3280516431924882
0 0.918629572574335 0.596551686663189 0.08010563380281689 0.3321596244131456
0 0.4595748973004695 0.18201997478699355 0.0977112676056337 0.10269953051643188
0 0.49566277875586856 0.2906804251434533 0.09242957746478879 0.20246478873239437
