0 0.19526748971193417 0.3500385802469136 0.07407407407407401 0.26388888888888895
0 0.1254364390432099 0.3633821063862216 0.07291666666666664 0.23045267489711943
0 0.10730425883058986 0.061854614388050594 0.07368827160493825 0.13631687242798354
0 0.19525891632373116 0.736860329980186 0.061728395061728336 0.2536008230452676
0 0.47999131944444445 0.7573764479500076 0.0763888888888889 0.1887860082304526
0 0.8295195151748971 0.031562928669410156 0.06365740740740745 0.19907407407407407
0 0.28901668595679014 0.31608510516689525 0.07291666666666667 0.26080246913580246
0 0.3843149862825788 0.3412837219935985 0.08024691358024698 0.2530864197530863
0 0.5251283329046639 0.30531454808718184 0.07368827160493825 0.2952674897119342
0 0.6767385223765432 0.417862178021643 0.059027777777777776 0.1800411522633745
0 0.7608327439128943 0.028473651120256058 0.04359567901234555 0.19598765432098766
0 0.7785796574931412 0.40296925011431184 0.04359567901234571 0.20679012345679015
0 0.04863817086762689 0.4492079141899101 0.03896604938271605 0.14454732510288074
0 0.6092155885631001 0.40346412513336377 0.0482253086419754 0.18569958847736626
0 0.6227382330246914 0.008417638317329675 0.07638888888888881 0.2021604938271605
0 0.022030928497942387 0.020204618198445354 0.05787037037037036 0.154320987654321
0 0.743079132373114 0.40450436290199665 0.033950617283950636 0.19804526748971202
0 0.18254190243484222 0.08703989483310473 0.0825617283950617 0.1141975308641975
0 0.5224451303155007 0.0012183737235177566 0.0987654320987654 0.20473251028806586
0 0.3376347629458162 0.004804431489102271 0.08294753086419754 0.18878600823045266
0 0.1983354230967078 0.7274538942234416 0.04745370370370373 0.09465020576131672
0 0.26855977794924557 0.004813004877305288 0.059413580246913573 0.19804526748971193
0 0.8345333397633744 0.364917695473251 0.0613425925925927 0.22222222222222227
0 0.9124552576303154 0.3767380163084896 0.04668209876543206 0.2103909465020576
0 0.8970368227023319 0.015102023319615911 0.0663580246913581 0.19907407407407407
0 0.25121018732853223 0.7219512078951379 0.07600308641975313 0.262860082304527
0 0.34302474494170093 0.768202255753696 0.06674382716049385 0.21399176954732496
0 0.7616016696673527 0.8000428669410151 0.03973765432098762 0.1574074074074074
0 0.12002475565843622 0.7676859472641365 0.0578703703703704 0.21193415637860086
0 0.7164641203703704 0.8108367626886145 0.041666666666666664 0.14814814814814806
0 0.41438694915980795 0.762032274043591 0.05054012345679016 0.21707818930041142
0 0.8148434820816186 0.7753624638012498 0.04128086419753095 0.16923868312757195
0 0.5872213648834019 0.7218673792104862 0.04320987654320984 0.17232510288065853
0 0.057131451474622764 0.841693339429965 0.04706790123456791 0.139917695473251
0 0.8680984224965707 0.7414356614845298 0.06172839506172841 0.1949588477366255
0 0.9317531507201645 0.7506849184575523 0.057870370370370475 0.18415637860082307
0 0.6462628064986282 0.795927164304222 0.06288580246913579 0.15689300411522636
0 0.4259875471536352 0.01254762993446121 0.08873456790123452 0.21810699588477364
