0 0.5667826753257889 0.1051249809480262 0.05594135802469135 0.20164609053497942
0 0.4946427040466392 0.09585238530711782 0.06327160493827158 0.18724279835390953
0 0.5667778527949247 0.8679217154397195 0.048996913580246826 0.13323045267489714
0 0.677506376457476 0.10975556317634506 0.05362654320987659 0.20267489711934158
0 0.46762286736968456 0.41369503505563177 0.04359567901234564 0.12397119341563784
0 0.6609091006515776 0.38183013260173754 0.04243827160493825 0.154320987654321
0 0.6149964634773663 0.38850975461057763 0.0393518518518519 0.14609053497942381
0 0.2909285515260631 0.6112906759640299 0.04822530864197528 0.1939300411522634
0 0.5135368441358025 0.5814886259716506 0.04861111111111111 0.2299382716049383
0 0.6180885095164609 0.5891851470812376 0.04745370370370373 0.2088477366255144
0 0.3541977451989026 0.5989592859320225 0.0447530864197531 0.20936213991769556
0 0.06909293552812071 0.474400815424478 0.049382716049382706 0.13065843621399184
0 0.365380658436214 0.10820949550373417 0.03703703703703706 0.19958847736625515
0 0.3966365526406035 0.12158017070568511 0.04552469135802476 0.19547325102880658
0 0.5050440993655693 0.4028944711172078 0.041280864197530874 0.1260288065843621
0 0.4205538944615912 0.3864483310470964 0.04205246913580246 0.14197530864197544
0 0.12966526277434842 0.4749180765127267 0.05131172839506173 0.1337448559670781
0 0.44526025591563784 0.5860963458314282 0.06365740740740738 0.206275720164609
0 0.3275706768689986 0.10513164913885079 0.035108024691358014 0.2088477366255144
0 0.09650152177640603 0.26966163694558754 0.07330246913580248 0.12345679012345682
0 0.17640951860425239 0.10361749352232892 0.14081790123456792 0.24022633744855962
0 0.5613723315329218 0.38645261774119793 0.042824074074074125 0.14660493827160498
0 0.3125348293895748 0.4106005182136869 0.05015432098765429 0.11522633744855963
0 0.10616185485253771 0.0639093697607072 0.09529320987654322 0.1332304526748971
0 0.37155537337105626 0.4044381572930956 0.03973765432098762 0.12654320987654322
0 0.0015949181241426613 0.07830932784636488 0.07445987654320987 0.12962962962962962
0 0.023177619170096017 0.46513965096784027 0.04243827160493827 0.12860082304526757
0 0.40280081875857343 0.6056198559670781 0.033179012345678965 0.18055555555555566
0 0.22958033264746228 0.39518508992531626 0.040123456790123455 0.13323045267489725
0 0.7650835369513033 0.10924068358481939 0.05362654320987651 0.20216049382716053
0 0.6254200960219479 0.09896785932022556 0.0493827160493827 0.21862139917695472
0 0.7025754993998627 0.3885183279987807 0.04205246913580246 0.15534979423868317
0 0.7457826967592592 0.38336334019204393 0.03819444444444445 0.14351851851851852
0 0.35265399948559667 0.8581580551745162 0.04398148148148147 0.14403292181069946
0 0.5656201774691358 0.5907326436518824 0.048611111111111036 0.21347736625514402
0 0.30326860425240054 0.8581475765889347 0.040123456790123455 0.13271604938271597
0 0.5042770490397805 0.8627748247218412 0.04783950617283945 0.13014403292181068
0 0.4101356202846365 0.8612363778387441 0.0397376543209877 0.13528806584362138
0 0.2052734375 0.8555822283188538 0.03819444444444445 0.1399176954732511
0 0.45681852280521257 0.859695549458924 0.04089506172839508 0.13786008230452668
0 0.6188579711076817 0.8643194634964181 0.0443672839506173 0.13168724279835406
0 0.7191695601851851 0.8571211515012955 0.04861111111111127 0.1352880658436215
0 0.7214953596536352 0.6071925964029873 0.06442901234567905 0.2124485596707819
0 0.09729616769547327 0.6672891899100747 0.10648148148148147 0.11676954732510296
0 0.2581278399348423 0.8612344726413657 0.03742283950617282 0.13323045267489714
0 0.6717102301954732 0.8627748247218412 0.04050925925925936 0.13014403292181068
0 0.6678607788923182 0.5845740931260478 0.052854938271605 0.22890946502057608
0 0.003917234653635117 0.26814033683889654 0.08526234567901234 0.14711934156378603
0 0.45450531550068585 0.12004220012193262 0.04320987654320984 0.20113168724279834
0 0.0004048246742112483 0.462060375704923 0.027391975308641976 0.13631687242798354
0 0.1867567944101509 0.4136978928516995 0.04089506172839508 0.1270576131687243
0 0.2785753707990398 0.3941572359396433 0.03742283950617282 0.13425925925925936
0 0.9039911801268862 0.05064109891784789 0.0806327160493827 0.24794238683127567
0 0.0027244620198902604 0.6600875438195398 0.03433641975308642 0.11676954732510286
0 0.0005071694958847737 0.8401272671848803 0.17476851851851855 0.11522633744855978
0 0.9332963605967078 0.3467835505258345 0.057870370370370315 0.08179012345679011
