0 0.22144525136932708 0.42211517562163103 0.0783450704225352 0.18016431924882625
0 0.5599095877347419 0.13690553816727527 0.07262323943661965 0.18192488262910803
0 0.5854249193075118 0.43329257955138234 0.054137323943661955 0.20950704225352107
0 0.4208082697574334 0.44090538601982265 0.04841549295774649 0.1919014084507042
0 0.9155229117762129 0.5276712745609459 0.043133802816901344 0.0962441314553991
0 0.5312857614436619 0.4391459094070596 0.05149647887323938 0.19307511737089203
0 0.8891187402190923 0.7448356807511736 0.04929577464788729 0.12676056338028183
0 0.4128952098004695 0.1750152147452617 0.0620598591549296 0.14319248826291076
0 0.47714415835289514 0.4332866023300296 0.04533450704225351 0.2030516431924882
0 0.2676481196205008 0.20316466701443225 0.061179577464788755 0.12206572769953049
0 0.48551814358372464 0.16622272213528083 0.0616197183098592 0.15434272300469484
0 0.7782078320618153 0.10396778821074595 0.05589788732394364 0.10211267605633803
0 0.36579127543036 0.4426594287949922 0.04929577464788729 0.18485915492957747
0 0.7579641040688576 0.22602916884020172 0.059859154929577586 0.09741784037558682
0 0.74387470657277 0.43621000695531215 0.05281690140845067 0.19131455399061031
0 0.18182279440532081 0.21020311684924362 0.06426056338028169 0.11795774647887322
0 0.6422000317879499 0.435039014953921 0.04973591549295778 0.19424882629107987
0 0.8244210925273865 0.2160635106937924 0.05369718309859163 0.10915492957746473
0 0.34422834751564946 0.17091103721091985 0.0550176056338028 0.14730046948356804
0 0.959974997554773 0.529430751173709 0.04005281690140852 0.09507042253521127
0 0.7984518657081378 0.4379656798817597 0.05237676056338027 0.18603286384976533
0 0.7042504156885758 0.4409037558685446 0.03609154929577466 0.19014084507042256
0 0.26016694786776207 0.7078404842636062 0.06294014084507044 0.10152582159624425
0 0.19942965082159628 0.49774441401495395 0.06602112676056338 0.09917840375586856
0 0.8913130257237872 0.21782135715527734 0.04005281690140837 0.10622065727699531
0 0.6408738018388107 0.20021517996870108 0.04137323943661957 0.10563380281690139
0 0.6884148205203443 0.193764127977743 0.04973591549295778 0.11032863849765262
0 0.14396273474178403 0.09048100330377325 0.05281690140845073 0.11384976525821597
0 0.2399274990219092 0.3809630933750652 0.07306338028169017 0.10211267605633807
0 0.1510221048513302 0.3915188662841245 0.07746478873239436 0.09389671361502341
0 0.26808520393192486 0.07698117718657625 0.056778169014084494 0.11150234741784036
0 0.11800726232394367 0.5094728090766824 0.07130281690140844 0.08978873239436612
0 0.36624761590375593 0.705447965571205 0.07262323943661973 0.05281690140845062
0 0.13471610915492957 0.22309924360980699 0.04753521126760564 0.10211267605633799
0 0.9476553330399061 0.10807033559380978 0.04621478873239432 0.09624413145539905
0 0.8561069542253522 0.5147832985567727 0.04753521126760552 0.1208920187793427
0 0.838938710387324 0.10279788297687359 0.043573943661971745 0.1062206572769953
0 0.9415013081964005 0.19905722917753435 0.057658450704225414 0.12265258215962437
0 0.45912650381455394 0.8106068509824378 0.08582746478873243 0.17370892018779333
0 0.8966048024256651 0.8915297339593115 0.05457746478873244 0.10563380281690134
0 0.36977393877151804 0.8164726786645802 0.08010563380281689 0.17077464788732385
0 0.3037356954225352 0.8405016518866284 0.05545774647887324 0.13615023474178406
0 0.7940477063771518 0.8950421665797252 0.04841549295774649 0.096244131455399
0 0.6862156445618153 0.8927034428794991 0.05193661971830994 0.10563380281690134
0 0.22847619571596245 0.8586772952529995 0.0620598591549296 0.11795774647887325
0 0.08322390942879498 0.7777049643540254 0.05369718309859155 0.13262910798122063
0 0.5730994473787168 0.8387242436098069 0.051936619718309866 0.11795774647887335
0 0.9450178501564945 0.741317270909407 0.051056338028169064 0.12969483568075116
0 0.15189413390062598 0.7888731307598678 0.06558098591549294 0.15199530516431928
0 0.8534627469679186 0.8921116979655712 0.042693661971830936 0.1003521126760563
0 0.7447458186619718 0.8827220266040688 0.03961267605633812 0.1003521126760563
0 0.6316357345461658 0.9008976699704401 0.04841549295774649 0.08215962441314538
0 0.9621760074334897 0.8891823161189358 0.04049295774647892 0.10563380281690145
0 0.03392385563380282 0.22310033037732566 0.047535211267605626 0.10328638497652584
0 0.08014170089984352 0.2834947183098591 0.051936619718309845 0.04753521126760563
0 0.0660431338028169 0.13037189184489653 0.03169014084507042 0.09741784037558687
0 0.09993764671361502 0.11982100938967137 0.03697183098591549 0.11091549295774646
0 0.092894781885759 0.23068270735524254 0.03609154929577466 0.052816901408450724
0 0.2099808049687011 0.09927186576247608 0.04841549295774645 0.10093896713615023
0 0.3301557609546166 0.0839962615197357 0.07218309859154932 0.08215962441314555
0 0.8930757286776213 0.10104057989914797 0.0431338028169015 0.10974178403755869
0 0.29318056778169016 0.5118316379760042 0.06734154929577467 0.10211267605633813
0 0.3222200826486698 0.37628618935837244 0.05325704225352108 0.12147887323943662
0 0.6246240463615024 0.3592147017909929 0.09242957746478864 0.0645539906103286
0 0.958212294600939 0.8979802425665102 0.03697183098591555 0.10035211267605619
0 0.4591261981611893 0.7324530516431925 0.08538732394366196 0.0633802816901408
0 0.35921606025039127 0.7652995131281517 0.08802816901408453 0.04460093896713612
0 0.8838495818661973 0.42203855851156324 0.06734154929577459 0.0974178403755869
