0 0.6017342771909233 0.32000304294905235 0.08890845070422533 0.1807511737089202
0 0.3601186546361502 0.3411629499217528 0.12015845070422541 0.21654929577464788
0 0.24301306973787168 0.33531070683359415 0.07966549295774644 0.23415492957746473
0 0.809016774256651 0.3429137323943662 0.05457746478873244 0.20598591549295775
0 0.6884478310837246 0.007831246739697444 0.09727112676056329 0.2183098591549296
0 0.43887116099374024 0.6885172143974961 0.07306338028169006 0.147887323943662
0 0.8345583920187792 0.014287732568249 0.0739436619718311 0.2194835680751174
0 0.5233821767410015 0.6779500304294905 0.0787852112676056 0.1437793427230047
0 0.29012006064162754 0.6668166405842462 0.09683098591549298 0.1619718309859155
0 0.5009294918818467 0.3299801121544079 0.07086267605633796 0.181338028169014
0 0.36537039074726135 0.022446639714832205 0.077024647887324 0.1578638497652582
0 0.2584286971830986 0.030704442705616414 0.09507042253521132 0.20305164319248828
0 0.6113855878325508 0.0388867153538515 0.043133802816901344 0.16666666666666666
0 0.10437328834115804 0.010761171970092158 0.08626760563380284 0.2136150234741784
0 0.029528254597026606 0.08462713006433664 0.05589788732394366 0.12969483568075119
0 0.49519726868153363 0.04652234394018432 0.05589788732394364 0.17370892018779344
0 0.04360725987871675 0.3904098200312989 0.04797535211267607 0.16373239436619716
0 0.02250678550469484 0.6714875673795861 0.08582746478873238 0.13615023474178406
0 0.9388592405125195 0.010096613632411756 0.05589788732394364 0.12969483568075116
0 0.9208256919992176 0.3334295122587376 0.07350352112676038 0.10387323943661973
0 0.1418035993740219 0.9443053382020516 0.1126760563380282 0.06103286384976533
0 0.6056830130086072 0.6609480959833073 0.07086267605633804 0.1619718309859155
0 0.28000629645931147 0.9214321422361329 0.11047535211267605 0.07629107981220647
0 0.7316015013693271 0.9208518083811512 0.12588028169014082 0.08333333333333333
0 0.5110389769170579 0.923774126238915 0.05105633802816898 0.07042253521126766
0 0.7174726745892019 0.6662319596591897 0.06205985915492944 0.1643192488262911
0 0.004466818270735524 0.9091109154929577 0.09419014084507042 0.07922535211267613
0 0.8077125513497653 0.6673904538341159 0.07790492957746473 0.14788732394366189
0 0.599541214299687 0.9202513693270735 0.09991197183098587 0.06866197183098606
0 0.2161473616001565 0.6527419144496609 0.05501760563380284 0.17253521126760557
0 0.13737040297339595 0.6591581898800208 0.0669014084507042 0.13028169014084504
0 0.8939719043427229 0.743060989393149 0.06602112676056338 0.11150234741784036
