0 0.45839173954046636 0.35362130391708585 0.08410493827160492 0.24434156378600821
0 0.5432650677297668 0.3561871284865112 0.0794753086419754 0.2376543209876544
0 0.6131020126028807 0.3315133935375705 0.08912037037037032 0.2566872427983538
0 0.3823790080589849 0.34640012955342175 0.07021604938271603 0.22325102880658435
0 0.13854702503429356 0.04339468068891937 0.06327160493827158 0.19958847736625515
0 0.3187041859567902 0.046979309556470054 0.04513888888888889 0.18209876543209877
0 0.2137723443930041 0.0413256363359244 0.05439814814814813 0.18724279835390947
0 0.03554767875514403 0.051624657064471884 0.0775462962962963 0.19907407407407407
0 0.07218069487311385 0.3941910531931108 0.05131172839506173 0.17078189300411523
0 0.32911790552126197 0.3700241007468374 0.04089506172839512 0.18158436213991777
0 0.25775972007887515 0.3690133935375705 0.06288580246913583 0.20113168724279837
0 0.4089854466735254 0.019740702636793173 0.05015432098765429 0.2088477366255144
0 0.7187971536351166 0.3695354176192654 0.06790123456790127 0.20936213991769545
0 0.5937947423696845 0.012032750342935529 0.06442901234567897 0.21759259259259262
0 0.19370740097736627 0.3633735329980186 0.04976851851851849 0.22119341563786005
0 0.13005320859053499 0.384445016003658 0.05439814814814813 0.20061728395061734
0 0.6898523233882029 0.023340096784026824 0.05401234567901238 0.20730452674897118
0 0.008923557527434843 0.6741007468373723 0.07214506172839506 0.2510288065843622
0 0.5073669517318243 0.012558584819387288 0.052854938271605076 0.2299382716049383
0 0.013536576217421123 0.3905921353452218 0.04822530864197531 0.1728395061728394
0 0.8268140753600824 0.0007377876848041457 0.05671296296296286 0.24125514403292186
0 0.46530189043209874 0.018725708733424783 0.034722222222222224 0.22376543209876545
0 0.8024994105795611 0.6581351928059748 0.04359567901234555 0.23045267489711938
0 0.7608469435871056 0.0007358824874256972 0.06404320987654318 0.2391975308641975
0 0.7901574824245542 0.3422744246303917 0.048996913580246826 0.21193415637860089
0 0.17983539094650203 0.6648071940253011 0.07407407407407413 0.21399176954732507
0 0.26279256687242797 0.656088058222832 0.08796296296296294 0.24176954732510275
0 0.7500420631858711 0.6766499009297364 0.06057098765432095 0.2263374485596707
0 0.535146872856653 0.6782016841944826 0.05594135802469135 0.23559670781892994
0 0.08261557998971193 0.6704956370980033 0.07754629629629628 0.24639917695473249
0 0.6061396176268862 0.6761293057460753 0.06327160493827158 0.21965020576131694
0 0.43868419924554186 0.6699474165523548 0.03858024691358024 0.20987654320987661
0 0.38853309327846364 0.6807579827770157 0.04320987654320984 0.21862139917695472
0 0.5050432956104252 0.6724727556774882 0.04012345679012341 0.15946502057613174
0 0.4595220871913581 0.6817505906111873 0.04513888888888889 0.17952674897119344
0 0.6717163923182442 0.6745570416095107 0.0493827160493827 0.18827160493827153
