0 0.36347977752057614 0.10713496418228928 0.07754629629629627 0.15020576131687244
0 0.44796006944444444 0.4255134506934919 0.0625 0.110082304526749
0 0.4522033607681756 0.1004682022557537 0.061728395061728336 0.17232510288065847
0 0.11538949974279834 0.13176868998628258 0.04976851851851853 0.08796296296296297
0 0.5332261659807955 0.4178040695016003 0.06790123456790119 0.11728395061728403
0 0.23808968835733882 0.42398976909007774 0.07137345679012345 0.13117283950617287
0 0.7076137045610426 0.10661389269928365 0.07484567901234572 0.14300411522633746
0 0.8013647762345679 0.1261331161408322 0.0763888888888889 0.11265432098765431
0 0.3661726251714677 0.4142003886602652 0.0663580246913581 0.11419753086419762
0 0.49155467678326475 0.7429131420515165 0.06095679012345675 0.12397119341563799
0 0.7624011381172839 0.44919553040695015 0.0798611111111111 0.13117283950617292
0 0.6165493184156379 0.13538142051516538 0.053240740740740713 0.10082304526748971
0 0.07565773962620027 0.4321811652187166 0.05825617283950619 0.08899176954732509
0 0.24851600008573385 0.09424916171315349 0.08526234567901234 0.12242798353909466
0 0.19216124399862825 0.09272262231367169 0.04552469135802472 0.1404320987654321
0 0.5467214827674897 0.1369208199969517 0.056712962962963014 0.09670781893004114
0 0.6755706661522635 0.25880153558908703 0.04398148148148143 0.0612139917695473
0 0.16285445601851853 0.4275601089772901 0.06597222222222222 0.09825102880658429
0 0.008128643689986283 0.42292476375552507 0.038580246913580245 0.09207818930041153
0 0.039814011059670786 0.7166066529492455 0.10995370370370369 0.046296296296296294
0 0.6802715620713307 0.7295076969974089 0.14660493827160492 0.09053497942386836
0 0.8947415659293553 0.6075474394147233 0.09452160493827158 0.040123456790123385
0 0.7597380294067215 0.25625523929279076 0.13387345679012333 0.08899176954732509
0 0.4240258487654321 0.7392732624599908 0.041666666666666664 0.08179012345679015
0 0.3530422132201646 0.7402892089620485 0.04745370370370369 0.06790123456790127
0 0.2643014831961591 0.7495513260173754 0.03858024691358024 0.07098765432098772
0 0.05636332947530864 0.8205161179698217 0.052083333333333336 0.046296296296296294
0 0.9151786479766805 0.24390717878372198 0.07947530864197525 0.08641975308641979
0 0.022024766375171468 0.1353618922420363 0.0489969135802469 0.07973251028806584
0 0.5270463605967077 0.5859629820149368 0.057870370370370475 0.06224279835390942
0 0.2990293317043896 0.5983000876390794 0.04668209876543206 0.05298353909465026
0 0.001574020490397805 0.6116507582685566 0.04436728395061729 0.02726337448559672
0 0.11963895318930043 0.8338786960829142 0.05787037037037038 0.03343621399176953
