0 0.0004982149843505478 0.19038482437836896 0.08362676056338028 0.2634976525821596
0 0.3174029856220657 0.6188320509476612 0.08846830985915498 0.3104460093896714
0 0.44065067488262916 0.17048828464614854 0.10035211267605627 0.3245305164319249
0 0.55200722564554 0.17342255694661798 0.10167253521126764 0.3245305164319249
0 0.6629251638302035 0.15759378803686316 0.10519366197183094 0.3421361502347418
0 0.1783297877543036 0.14174763084680925 0.10475352112676058 0.34096244131455405
0 0.3130180824530516 0.1569933489827856 0.11223591549295774 0.3274647887323943
0 0.7962869229264474 0.14880618588071642 0.10387323943661973 0.3585680751173709
0 0.20736594043427228 0.6223580681620587 0.08582746478873243 0.3157276995305165
0 0.6514854753521127 0.5901028082072683 0.11091549295774657 0.33920187793427226
0 0.07972570667057904 0.6111958789775692 0.08670774647887322 0.30281690140845063
0 0.10875635758998434 0.22673774126238913 0.05985915492957749 0.22887323943661975
0 0.5295365072378716 0.6123483959311424 0.06778169014084515 0.27992957746478875
0 0.7769277557707356 0.5889557250912885 0.11399647887323947 0.36795774647887336
0 0.41732657228090764 0.6229460093896714 0.10519366197183094 0.31690140845070425
