0 0.16901408450704225 0.4859154929577465 0.0 0.0
0 0.1725776970852895 0.4821308250739002 0.061179577464788734 0.34917840375586856
0 0.26061503570031297 0.4850591201530168 0.07438380281690142 0.3427230046948358
0 0.3486377029538341 0.4832866023300296 0.06646126760563383 0.32981220657277
0 0.42433734350547725 0.46685848113371586 0.0598591549295775 0.33392018779342725
0 0.4943273792057903 0.47153212484785256 0.07086267605633796 0.31103286384976525
0 0.5731098395931142 0.4686163275952008 0.06690140845070426 0.33098591549295786
0 0.6431007922535211 0.47447672143974956 0.079225352112676 0.32218309859154926
0 0.8349997554773083 0.47570042166579724 0.07570422535211271 0.37617370892018787
0 0.920826303305947 0.4651359546165884 0.07438380281690134 0.37500000000000006
0 0.8679944248826291 0.14753901495392105 0.05281690140845083 0.2576291079812207
0 0.9322458186619718 0.14168025126065031 0.03961267605633812 0.26819248826291076
0 0.6105263962245696 0.0818863023821944 0.07350352112676062 0.3386150234741784
0 0.5370118715766823 0.08773800208659363 0.057658450704225414 0.32042253521126757
0 0.45470859008215964 0.09243664145366022 0.062059859154929516 0.3245305164319249
0 0.3869207868740219 0.07542709963484612 0.05325704225352115 0.33450704225352107
0 0.30682523963223785 0.04553175534689619 0.0677816901408451 0.3714788732394366
0 0.22452134683098596 0.05021844027125718 0.07130281690140844 0.36267605633802813
0 0.14880520099765257 0.04082061815336463 0.054137323943661976 0.3538732394366197
