0 0.012815072016460904 0.25276444139612864 0.12037037037037038 0.2078189300411523
0 0.1663451646090535 0.28052126200274347 0.0925925925925926 0.18518518518518517
0 0.26936835562414263 0.2512645747599451 0.11265432098765436 0.2546296296296296
0 0.3897438164437586 0.23683270461819844 0.1199845679012346 0.22376543209876543
0 0.6478127143347051 0.2722779492455419 0.0725308641975308 0.1712962962962963
0 0.7338455932784638 0.289237540009145 0.07098765432098762 0.154320987654321
0 0.8156362525720167 0.2707361682670325 0.0717592592592592 0.17283950617283952
0 0.8912430877057613 0.2794786427373876 0.056712962962963014 0.17026748971193412
0 0.955277992112483 0.2840935070873342 0.044753086419753015 0.154320987654321
0 0.9452492712620026 0.5356386221612559 0.047839506172839524 0.1563786008230452
0 0.8835254308127571 0.5181584362139917 0.0543981481481481 0.16666666666666666
0 0.806374582047325 0.5073602537722909 0.06828703703703715 0.1712962962962962
0 0.7369290659293553 0.5155921353452217 0.0667438271604938 0.17283950617283947
0 0.6613088348765431 0.5155921353452217 0.0625 0.17283950617283947
0 0.5833772719478738 0.518159388812681 0.06327160493827158 0.1676954732510288
0 0.5760298782578875 0.3175001905197378 0.03858024691358024 0.12242798353909466
0 0.42253595464677646 0.5279559137326627 0.11844135802469134 0.1923868312757202
0 0.285564021776406 0.5253781816796221 0.10108024691358024 0.1862139917695473
0 0.16558883101851854 0.526929012345679 0.11458333333333336 0.19444444444444445
0 0.050618623542524006 0.5269051973784484 0.11304012345679013 0.168724279835391
0 0.02401298868312757 0.8339977709190672 0.13425925925925927 0.16203703703703715
0 0.16250830546982167 0.8303898033836306 0.12307098765432098 0.15432098765432106
0 0.2932838220164609 0.8401648948331046 0.10648148148148143 0.15586419753086433
0 0.4325611925582991 0.8488959381191892 0.11033950617283944 0.14094650205761322
0 0.5914818029835391 0.7557913237311384 0.06712962962962953 0.14351851851851852
0 0.6659390003429355 0.749653730376467 0.06327160493827158 0.18158436213991766
0 0.7349976423182442 0.741421848803536 0.06327160493827158 0.1800411522633745
0 0.804826013803155 0.7434785093735711 0.06057098765432095 0.17901234567901228
0 0.868874582047325 0.7470655197378449 0.06828703703703715 0.1640946502057614
0 0.9387000064300413 0.7424363664075598 0.06134259259259254 0.16460905349794244
