0 0.6042521326303155 0.11591554260021338 0.12307098765432095 0.1887860082304527
0 0.19875471536351164 0.058318091754305745 0.09567901234567905 0.205761316872428
0 0.228832304526749 0.34889974851394606 0.07407407407407404 0.14506172839506165
0 0.5023895640432099 0.3607591258954428 0.10763888888888896 0.17541152263374488
0 0.3661943265603566 0.6040861720774272 0.0976080246913581 0.19084362139917682
0 0.615805576989026 0.36385745313214457 0.09336419753086421 0.18827160493827153
0 0.37390528549382723 0.37570349413199206 0.09027777777777769 0.20421810699588477
0 0.13393695344650208 0.3627772062185643 0.09143518518518517 0.13271604938271603
0 0.09613420567558298 0.05780225956409084 0.09992283950617285 0.20421810699588477
0 0.5066240140603567 0.09741131306203323 0.09413580246913579 0.20421810699588477
0 0.2716665594993141 0.5998904511507391 0.0887345679012346 0.10390946502057619
0 0.06871731395747599 0.3493993865264441 0.06404320987654322 0.12911522633744857
0 0.7303988233024692 0.39677592973632064 0.10763888888888873 0.18467078189300407
0 0.8426713605967078 0.4060280445054108 0.11342592592592587 0.17695473251028804
0 0.8052436985596709 0.05934975613473555 0.10648148148148143 0.20884773662551442
0 0.6169712898662552 0.6539694787379973 0.10532407407407404 0.17592592592592593
0 0.4992951067386831 0.6133616255144033 0.09606481481481484 0.20833333333333343
0 0.730018915037723 0.7069020538027739 0.1161265432098765 0.12088477366255143
0 0.8573302469135802 0.6770904778235025 0.11111111111111127 0.14660493827160487
0 0.005075445816186556 0.060885821521109586 0.08641975308641976 0.20113168724279837
0 0.3001969200102881 0.06089725270538028 0.06134259259259258 0.21347736625514407
0 0.3661769118655693 0.07634459304983997 0.07253086419753087 0.22993827160493827
0 0.03707320601851852 0.4635488111568358 0.05208333333333332 0.07716049382716053
0 0.30251870070301784 0.3514650967840269 0.0713734567901235 0.13786008230452676
0 0.7338230881344308 0.09125704923030026 0.03858024691358016 0.2242798353909465
