0 0.024887519561815334 0.851655690314728 0.3450704225352113 0.14025821596244126
0 0.6687668109350549 0.8100281472787341 0.2777288732394366 0.1825117370892018
0 0.4002558318661972 0.40458181185880715 0.24163732394366197 0.25821596244131456
0 0.6736111111111112 0.4475009780907669 0.2816901408450704 0.3433098591549296
0 0.07634120696400626 0.3276364980003478 0.28345070422535207 0.1854460093896714
0 0.009935568270735523 0.6492501304121022 0.363556338028169 0.20422535211267615
0 0.8710778560250391 0.0007058555033907147 0.05633802816901405 0.12852112676056338
0 0.07794191363458527 0.0006998782820379065 0.05325704225352113 0.12206572769953052
0 0.5124315336463224 0.0007053121196313685 0.15492957746478872 0.12793427230046947
0 0.0004917962636932707 0.0007096591897061381 0.0743838028169014 0.13262910798122066
0 0.6673623337245697 0.0007025952008346375 0.15669014084507032 0.125
0 0.8283741074921753 0.0007042253521126761 0.041813380281690134 0.1267605633802817
0 0.38707544747652584 0.7777777777777778 0.27596830985915494 0.2112676056338029
0 0.132152594385759 0.0024615284298382892 0.15889084507042256 0.12323943661971831
0 0.29236691852503915 0.002463158581116328 0.16329225352112672 0.125
0 0.45910296850547727 0.00363415058250739 0.05193661971830994 0.12206572769953052
0 0.9305042057902975 0.0036428447226569296 0.06690140845070418 0.13145539906103285
