0 0.6070532570422535 0.0712457616066771 0.14260563380281696 0.2552816901408451
0 0.7443509145148669 0.09764008433315945 0.1047535211267607 0.24002347417840378
0 0.4481746381064163 0.0460246044166232 0.16021126760563387 0.2699530516431925
0 0.739977626173709 0.3829290558163798 0.14524647887323947 0.32394366197183094
0 0.8843144806338028 0.41810011302382194 0.10299295774647876 0.2805164319248827
0 0.4692907008020344 0.39057500869414014 0.14480633802816897 0.34213615023474186
0 0.6189263619913928 0.4591609067988176 0.1272007042253521 0.25997652582159625
0 0.34074695569248825 0.38238567205703355 0.11223591549295774 0.3708920187793427
0 0.642678684956964 0.3897267866458008 0.10519366197183094 0.05985915492957743
0 0.8323977283841941 0.09704670926795339 0.13160211267605634 0.232981220657277
0 0.0013855267018779342 0.379462267431751 0.09375 0.3826291079812207
0 0.059077904929577464 0.0020311684924360983 0.14260563380281688 0.29225352112676056
0 0.7205967576291081 0.7977167014432273 0.12411971830985903 0.19600938967136164
0 0.444212147887324 0.8188266171100678 0.15845070422535218 0.17781690140845072
0 0.6065892752347418 0.797719418362024 0.108274647887324 0.198943661971831
0 0.8495497725938967 0.7836468657624762 0.1122359154929577 0.21185446009389666
0 0.3622912387519562 0.8199753303773257 0.07966549295774648 0.15082159624413122
0 0.002681802621283255 0.005547404799165362 0.058978873239436624 0.28697183098591544
0 0.2703436766431925 0.00556207616066771 0.13996478873239435 0.3028169014084507
0 0.006242358665884194 0.8657331333681099 0.11575704225352114 0.13262910798122052
