0 0.6682704260973936 0.17656130925163846 0.08719135802469143 0.13065843621399176
0 0.5490679119513031 0.17964296601127877 0.10223765432098769 0.12551440329218108
0 0.36193629972565156 0.5973131953970431 0.07716049382716056 0.09825102880658444
0 0.45799655992798355 0.17910474775186708 0.07060185185185183 0.09979423868312756
0 0.334553165723594 0.21512298049077885 0.08989197530864194 0.11059670781893005
0 0.235392821930727 0.2002195739978662 0.07677469135802473 0.12602880658436214
0 0.4553031764403292 0.40031292866941015 0.08101851851851849 0.11574074074074069
0 0.36886520490397806 0.4049330323121475 0.054783950617283965 0.1054526748971193
0 0.7566165123456788 0.42653416018899554 0.0833333333333335 0.10133744855967079
0 0.8156292866941015 0.5931484339277548 0.06172839506172825 0.04475308641975312
0 0.7755173503943757 0.20484539323273893 0.07831790123456793 0.12191358024691362
0 0.7303704239540467 0.6029587715287305 0.0667438271604938 0.08436213991769545
0 0.8160105345507545 0.6476799458923944 0.05516975308641984 0.04989711934156391
0 0.5536584254972565 0.8637259945130316 0.045910493827160476 0.046296296296296294
0 0.876968664266118 0.7469993141289437 0.05709876543209873 0.09259259259259259
0 0.9109238361625515 0.6024591335162324 0.06365740740740745 0.10030864197530857
0 0.6454957561728395 0.6029668686175887 0.0694444444444446 0.09310699588477366
0 0.12851642875514402 0.2105000190519738 0.0636574074074074 0.11779835390946497
0 0.16712132415980793 0.3915666438042981 0.09915123456790127 0.11419753086419751
0 0.2616308727709191 0.3925959266880049 0.08179012345679013 0.11471193415637862
0 0.653230827760631 0.39569711172077426 0.09683641975308643 0.13065843621399179
0 0.8545985510973938 0.4280854671543972 0.06635802469135793 0.11008230452674894
0 0.9483370306069959 0.4399138850784941 0.04976851851851841 0.10699588477366254
0 0.5471139831961591 0.5808580056393842 0.06635802469135801 0.10442386831275725
0 0.4591515560699589 0.5752048087181831 0.06712962962962968 0.110082304526749
0 0.20568629972565156 0.7233191396128639 0.07716049382716052 0.07355967078189302
0 0.1867889446159122 0.5571983119951228 0.08719135802469138 0.1075102880658436
0 0.2828406314300411 0.5854885878677031 0.06828703703703702 0.10545267489711947
0 0.2971046060528121 0.7295081732967534 0.05285493827160496 0.09104938271604952
0 0.37851294581618655 0.7336019661636946 0.058641975308641986 0.06790123456790137
0 0.45452433770576134 0.7310647195549459 0.07060185185185183 0.10545267489711936
0 0.5417210540980796 0.7541819082456943 0.07831790123456793 0.07201646090534984
0 0.633146326303155 0.7454451493674745 0.06404320987654326 0.08076131687242805
0 0.7091424468449931 0.7454508649596098 0.05401234567901238 0.08693415637860075
0 0.9660686728395061 0.7619031969212011 0.027777777777777776 0.07767489711934149
0 0.4094427833504801 0.9408883935375706 0.15316358024691357 0.048353909465020425
0 0.599251436042524 0.9306155692729766 0.14429012345679024 0.06481481481481481
0 0.2299923911179698 0.8545053155006858 0.0779320987654321 0.08796296296296306
0 0.3291192451131687 0.8657926573693034 0.042824074074074084 0.05606995884773661
0 0.38855425883058986 0.8529525796372504 0.07368827160493825 0.07767489711934158
0 0.7743369020061729 0.8704399100746837 0.04513888888888889 0.0751028806584363
0 0.8383945794753086 0.8956180460295687 0.06597222222222222 0.04526748971193418
0 0.9475630144032922 0.8673577770156988 0.04629629629629635 0.07973251028806581
0 0.8704293124142661 0.2074259830818473 0.08487654320987667 0.13117283950617284
