0 0.7284529320987654 0.7156812033226643 0.08333333333333333 0.15792181069958847
0 0.6111625514403293 0.7023081466239903 0.07407407407407404 0.15946502057613163
0 0.35692970893347054 0.7099946654473405 0.0898919753086419 0.1275720164609053
0 0.6670993548525378 0.36753543667123917 0.0675154320987654 0.2716049382716049
0 0.2639330954218107 0.35721784026825176 0.06365740740740738 0.2397119341563785
0 0.16133830589849107 0.04030540313976527 0.1049382716049383 0.19650205761316872
0 0.31065832904663926 0.058303802773967385 0.12577160493827164 0.19032921810699588
0 0.16787658607681755 0.3433456218564243 0.07561728395061729 0.2577160493827161
0 0.369264403292181 0.36337496189605245 0.07407407407407413 0.22273662551440335
0 0.8634942451131686 0.28966049382716047 0.09837962962962968 0.05555555555555555
0 0.20648174939986283 0.914645252248133 0.11149691358024695 0.03909465020576127
0 0.3596166623799725 0.8873966430422192 0.07021604938271611 0.0550411522633745
0 0.12041511274005486 0.7342144871208658 0.06442901234567901 0.17386831275720158
0 0.2272917738340192 0.7135869151044049 0.0779320987654321 0.11831275720164613
0 0.7438767253943758 0.3726899481786313 0.0713734567901235 0.28292181069958844
0 0.9286761081104251 0.07940386374028349 0.0713734567901235 0.20061728395061731
