0 0.018980462636932705 0.17029918709789604 0.07834507042253522 0.1203051643192488
0 0.09732155956572769 0.15388247696052862 0.07262323943661972 0.13673708920187794
0 0.16554247359154928 0.14975928099460964 0.07130281690140847 0.12030516431924883
0 0.22803513791079813 0.14977123543731524 0.06073943661971831 0.13321596244131456
0 0.2786650894953051 0.1362849939141019 0.08054577464788737 0.14553990610328643
0 0.34820184125586856 0.13627140932011822 0.07262323943661965 0.130868544600939
0 0.4186234595070422 0.13804664406190228 0.07130281690140852 0.14671361502347413
0 0.48773810397104855 0.13628336376282385 0.08934859154929582 0.14377934272300472
0 0.6079161164906103 0.12456420622500436 0.11751760563380284 0.16314553990610325
0 0.703418427230047 0.11577225699878282 0.10563380281690134 0.17488262910798122
0 0.7760493080007824 0.10112100069553122 0.11663732394366204 0.1965962441314554
0 0.8530916837832551 0.07471961398017735 0.1421654929577465 0.2042253521126761
0 0.018107516627543035 0.3563418318553295 0.08890845070422533 0.1308685446009389
0 0.11359546165884195 0.34637563032516083 0.05633802816901407 0.14201877934272303
0 0.23376674980438183 0.3358345287776039 0.07482394366197183 0.1660798122065728
0 0.173014475743349 0.3440282124847853 0.05633802816901411 0.14201877934272297
0 0.3072644635172144 0.3329007998608938 0.06646126760563378 0.16666666666666666
0 0.37548109839593113 0.32996815771170235 0.058978873239436624 0.16842723004694832
0 0.43709714886541473 0.32410667709963487 0.053697183098591554 0.176056338028169
0 0.4899287216353678 0.33407396539732226 0.07482394366197175 0.16607981220657275
0 0.5669466451486699 0.317057902973396 0.06514084507042249 0.16901408450704225
0 0.6364971513106417 0.32410667709963487 0.07702464788732384 0.176056338028169
0 0.717480927230047 0.33290297339593117 0.07394366197183094 0.16901408450704225
0 0.7945242199726135 0.33231829247087463 0.1007922535211266 0.1713615023474178
0 0.8992777410993741 0.3340788558511563 0.10079225352112675 0.1713615023474179
0 0.06078467331768388 0.5488501999652234 0.06514084507042253 0.15258215962441316
0 0.13340363360719873 0.5412205486002435 0.05897887323943664 0.15199530516431917
0 0.1972295579029734 0.5400495565988523 0.06690140845070422 0.15492957746478883
0 0.271167718114241 0.5429783950617285 0.05897887323943658 0.14906103286384972
0 0.3952953834115806 0.5418063162928186 0.07042253521126757 0.15082159624413144
0 0.426056338028169 0.6349765258215962 0.0 0.0
0 0.46263693270735523 0.5447405885932881 0.07042253521126772 0.15082159624413155
0 0.5343798904538342 0.5482617153538515 0.07042253521126764 0.15082159624413144
0 0.63166966206964 0.5441499304468788 0.09727112676056338 0.14671361502347413
0 0.727610585387324 0.5506091331942271 0.0831866197183097 0.15082159624413144
0 0.8134380501760563 0.5465011519735697 0.08318661971830986 0.15082159624413144
0 0.8970648107394367 0.5423931707529126 0.08318661971830986 0.15082159624413133
0 0.04318423562206572 0.7554121022430882 0.07262323943661973 0.14084507042253513
0 0.11183826046557122 0.7589370326899669 0.061179577464788734 0.14495305164319253
0 0.17829952807120497 0.7636318683707181 0.06117957746478871 0.14495305164319253
0 0.2465213590571205 0.7565896148495913 0.061179577464788755 0.14495305164319253
0 0.3138629083528951 0.7612844505303424 0.061179577464788755 0.14495305164319253
0 0.37548262666275434 0.7601107416101547 0.06117957746478871 0.14495305164319253
0 0.44194389426838815 0.7689135585115633 0.06117957746478871 0.1449530516431923
0 0.5590332795383411 0.7665753781950966 0.07834507042253527 0.15492957746478875
0 0.6417797584115805 0.7624673969744393 0.0783450704225352 0.15492957746478875
0 0.7254065189749609 0.7601199791340636 0.07834507042253512 0.15492957746478875
0 0.8028713077073552 0.7607068335941575 0.07834507042253527 0.15492957746478883
0 0.8908994767214398 0.7565988523735003 0.07834507042253512 0.15492957746478875
0 0.8900191950312989 0.7554251434533126 0.07834507042253527 0.15492957746478864
0 0.5022395222026603 0.7483165971135455 0.05589788732394364 0.08333333333333333
