0 0.8766259966563786 0.1159560280445054 0.11921296296296302 0.23251028806584365
0 0.6101444615912209 0.409086362597165 0.27469135802469136 0.14660493827160498
0 0.6633377807784636 0.06456047096479195 0.2064043209876543 0.28086419753086417
0 0.3581934799382716 0.3926159312604786 0.24305555555555547 0.1363168724279835
0 0.3083887924382716 0.14217630696540162 0.1909722222222222 0.21707818930041153
0 0.014389092506858709 0.04549516079865874 0.16473765432098766 0.24588477366255138
0 0.2060932677469136 0.038300182898948334 0.10763888888888885 0.2530864197530863
0 0.5193954153806585 0.060921067672610886 0.15162037037037032 0.2391975308641975
0 0.08813228737997257 0.3788042028654169 0.2438271604938271 0.21965020576131683
0 0.35004849322702336 0.027364826245999088 0.18094135802469136 0.1095679012345679
0 0.33658773791152263 0.5345336076817557 0.24189814814814817 0.07407407407407407
0 0.887037840792181 0.43179012345679013 0.11226851851851857 0.2222222222222222
0 0.6475064836248285 0.703887555250724 0.18711419753086406 0.19855967078189302
0 0.257088852451989 0.6620994322511813 0.20794753086419757 0.06738683127572
0 0.0005326217421124828 0.6523533950617284 0.21141975308641975 0.09722222222222222
0 0.22661233281893006 0.7392403978052126 0.21064814814814814 0.046296296296296405
0 0.0074390217764060355 0.7531588172534674 0.1566358024691358 0.07818930041152254
0 0.8554224001200275 0.7161951303155006 0.14158950617283936 0.15740740740740752
0 0.4885363082990398 0.6920181755829903 0.15895061728395063 0.15740740740740752
0 0.16987606095679014 0.79944130086877 0.17708333333333334 0.06327160493827154
