0 0.003926611796982168 0.005275491540923639 0.09876543209876544 0.14197530864197533
0 0.14709790809327847 0.0021905006858710563 0.15432098765432098 0.1435185185185185
0 0.020108882030178323 0.298576817558299 0.06790123456790124 0.24074074074074073
0 0.07680764531893004 0.30475632525529645 0.04745370370370371 0.24794238683127567
0 0.11424388074417009 0.3047648986434995 0.06674382716049383 0.25720164609053503
0 0.17635593492798354 0.29241826703246454 0.0636574074074074 0.2561728395061729
0 0.22998381772976678 0.20966173220545647 0.06558641975308643 0.323559670781893
0 0.28669222608024697 0.1988540237768633 0.05902777777777774 0.31790123456790126
0 0.3434089399005487 0.20350032388355435 0.06442901234567905 0.33590534979423864
0 0.40667840149176954 0.21275100975461056 0.06134259259259262 0.32664609053497934
0 0.4691722393689986 0.20964791952446274 0.052469135802469126 0.308641975308642
0 0.5258852023319616 0.20656578646547782 0.052469135802469126 0.3132716049382717
0 0.5772006815843621 0.20348746380124982 0.0578703703703704 0.32201646090534986
0 0.8630787037037038 0.00842764060356653 0.05555555555555555 0.21296296296296297
0 0.9321453832304526 0.002267661179698217 0.06712962962962968 0.22685185185185186
0 0.6871511702674897 0.2867369684499314 0.053240740740740713 0.23148148148148148
0 0.7415501221707819 0.2970026482243561 0.0543981481481481 0.20730452674897115
0 0.8052043145576132 0.3211448331047096 0.04976851851851841 0.16975308641975312
0 0.8731095679012346 0.36843421353452216 0.05555555555555555 0.13117283950617287
0 0.30829073431069964 0.6586410227099527 0.04976851851851849 0.2211934156378601
0 0.2149235896776406 0.6468006973022405 0.045524691358024685 0.21141975308641978
0 0.04596407750342936 0.661699340801707 0.07716049382716049 0.19084362139917704
0 0.4364395790466392 0.7012674325560129 0.13966049382716048 0.14660493827160487
0 0.6609490204903978 0.653962334247828 0.09992283950617285 0.16820987654320985
0 0.742728963048697 0.693520423715897 0.08526234567901222 0.11316872427983535
0 0.8164274155521262 0.5952708238073465 0.09992283950617285 0.11471193415637862
0 0.8291452331961591 0.7068658550525835 0.08024691358024698 0.08179012345679006
