0 0.15942777992112483 0.06862711476909007 0.13155864197530864 0.2283950617283951
0 0.3060161072530864 0.08095993369913122 0.1076388888888889 0.21450617283950618
0 0.41713981052812066 0.04601432708428593 0.12577160493827158 0.25102880658436216
0 0.5591277113340192 0.06399891403749428 0.1439043209876543 0.2299382716049383
0 0.7065074695644719 0.059887498094802614 0.14853395061728397 0.23405349794238683
0 0.16634141375171466 0.38184823197683276 0.08719135802469137 0.17386831275720163
0 0.023207358110425236 0.5072788065843622 0.08526234567901235 0.08333333333333333
0 0.008546060528120712 0.5890660722450846 0.08410493827160492 0.08024691358024698
0 0.005044635202331961 0.7856271909769852 0.042052469135802475 0.14403292181069946
0 0.14474129801097393 0.669408245694254 0.09413580246913582 0.18312757201646096
0 0.24236995241769546 0.6694558756287151 0.12384259259259257 0.23456790123456783
0 0.40245734739369 0.692070092211553 0.09413580246913579 0.21347736625514402
0 0.5054770554698217 0.6920462772443224 0.10918209876543214 0.18775720164609058
0 0.6281550068587105 0.7162399024538941 0.09876543209876548 0.20576131687242805
0 0.7357938957475995 0.7162232319768327 0.0987654320987654 0.18775720164609058
0 0.46420235339506166 0.4044976947111721 0.11805555555555564 0.190843621399177
0 0.6208311899862825 0.3911213039170858 0.10802469135802469 0.18878600823045263
0 0.7377261231138545 0.3942248704465783 0.10339506172839508 0.2073045267489712
