0 0.2026164909122085 0.2517308718183204 0.10108024691358024 0.20267489711934153
0 0.11541388031550069 0.2491569501600366 0.08487654320987653 0.20061728395061726
0 0.6413106031378601 0.8740354938271605 0.15393518518518515 0.06944444444444445
0 0.36466558427640605 0.5289085124218869 0.11844135802469134 0.110082304526749
0 0.3839291838134431 0.7078898986434995 0.08024691358024683 0.07664609053497937
0 0.03476696459190672 0.5371213420210335 0.06442901234567901 0.09104938271604932
0 0.26433899176954734 0.7047996684956561 0.09259259259259262 0.0725308641975309
0 0.02898769718792867 0.30056203322664227 0.0756172839506173 0.1625514403292181
0 0.47264821244855965 0.008365245389422344 0.0578703703703704 0.14557613168724282
0 0.05946180555555555 0.7068587105624142 0.06944444444444443 0.07407407407407407
0 0.242732178069273 0.536042524005487 0.08989197530864194 0.037037037037037035
0 0.34229332776063104 0.0006587219935985368 0.12461419753086425 0.1558641975308642
0 0.24543681412894378 0.5875052392927907 0.09567901234567901 0.0612139917695473
0 0.12930276920438954 0.6029192386831275 0.08487654320987659 0.041666666666666775
0 0.15282895018861456 0.7161127305288827 0.07368827160493828 0.06841563786008233
0 0.13470373585390943 0.55302069044353 0.08449074074074076 0.040123456790123385
0 0.7705037937242797 0.5885173754000914 0.08101851851851857 0.04320987654320984
0 0.7496865354938274 0.3796848803536046 0.1041666666666665 0.05967078189300413
0 0.868105656292867 0.38841449474165524 0.07214506172839508 0.04320987654320984
0 0.7635641718106996 0.518061271147691 0.08796296296296302 0.06172839506172836
0 0.8669648598251029 0.5376152644413962 0.09606481481481476 0.06893004115226338
0 0.8059804741083677 0.75981081390032 0.05632716049382699 0.04012345679012349
0 0.4988626864711935 0.78708276177412 0.028935185185185158 0.049382716049382644
0 0.1450834297839506 0.7999395099832343 0.03125 0.045781893004115136
0 0.6736799661351167 0.7505606043286085 0.09915123456790119 0.04989711934156381
0 0.08110532407407407 0.04274738987959153 0.125 0.05606995884773661
0 0.20958129715363508 0.00683013260173754 0.13040123456790123 0.15432098765432098
0 0.7029848786865569 0.14871732586495962 0.07600308641975317 0.05915637860082302
0 0.6960594564471879 0.2109329751562262 0.10339506172839508 0.029835390946502036
0 0.3206578467935528 0.22590163465935073 0.08063271604938274 0.0848765432098765
0 0.31836500128600825 0.30923068129858255 0.11226851851851853 0.08024691358024688
0 0.3160574202674897 0.39511650281969213 0.12268518518518516 0.05915637860082307
0 0.0062360682441700965 0.10192329675354367 0.09104938271604938 0.07716049382716048
0 0.007383830589849108 0.01087962962962963 0.07716049382716049 0.08333333333333333
0 0.9309855645576133 0.14412008459076361 0.0636574074074073 0.09413580246913579
0 0.8164250042866941 0.12150967840268252 0.09645061728395063 0.11934156378600823
0 0.06178358624828532 0.802511050144795 0.0794753086419753 0.04526748971193418
0 0.006201238854595337 0.7130272633744855 0.04089506172839507 0.06944444444444454
0 0.022064954132373114 0.9095240816948635 0.10686728395061729 0.0637860082304527
0 0.14128407921810698 0.9110672915714068 0.11574074074074071 0.0637860082304527
0 0.42292068544238687 0.9084890832190214 0.1168981481481481 0.05709876543209884
0 0.8322453167866941 0.8508663885078495 0.09992283950617285 0.04681069958847725
0 0.952577106910151 0.85089020347508 0.04436728395061714 0.0725308641975309
0 0.8472851830418381 0.9069377762536199 0.0906635802469135 0.048353909465020634
0 0.6994955096879286 0.5134583142813596 0.05131172839506175 0.09053497942386836
0 0.6509047603737999 0.3694034827008078 0.08063271604938278 0.0668724279835391
0 0.8924243398491083 0.6965454008535285 0.09104938271604937 0.046810699588477354
0 0.8993631580075446 0.7510635764365189 0.08294753086419746 0.037551440329218096
0 0.0038754393861454048 0.529943510897729 0.025077160493827157 0.11676954732510296
