0 0.38276963305898487 0.685870579942082 0.07716049382716048 0.18467078189300412
0 0.46806520061728396 0.7285431908245694 0.125 0.1599794238683128
0 0.7878868741426612 0.7316129401005945 0.11265432098765428 0.14197530864197536
0 0.9093988447359397 0.7254501028806585 0.0898919753086419 0.1527777777777778
0 0.8631298761145405 0.5633444787379972 0.12924382716049382 0.0787037037037037
0 0.7030328360768175 0.5484448826398415 0.14506172839506173 0.09825102880658435
0 0.5984490204903978 0.5422620408474318 0.09992283950617285 0.08744855967078191
0 0.5942207325960219 0.4681641518061271 0.12229938271604944 0.06172839506172836
0 0.4557240762174211 0.4527477709190672 0.13155864197530864 0.07870370370370365
0 0.4591930834190672 0.5438028692272521 0.12692901234567897 0.0848765432098765
0 0.37158698774005483 0.48615588324950465 0.08526234567901231 0.04835390946502053
0 0.37852098336762685 0.5453289323273891 0.07021604938271603 0.06635802469135799
0 0.900530746313443 0.3457628410303307 0.0976080246913581 0.09053497942386836
0 0.7493261852709191 0.33496751638469746 0.14081790123456794 0.09825102880658439
0 0.6077294453017832 0.31388412589544273 0.13040123456790134 0.10596707818930043
0 0.4703939471879287 0.31539637631458617 0.14506172839506168 0.07253086419753085
0 0.7473875278635117 0.2516075102880659 0.12692901234567905 0.06944444444444439
0 0.3750613533093278 0.28963810775796367 0.08834876543209873 0.031378600823045236
0 0.36927753129286695 0.3333614349946655 0.09297839506172842 0.030349794238683173
0 0.3773700060013718 0.37142680231672 0.07947530864197525 0.029835390946502064
0 0.6690342614026064 0.11119922648986436 0.07600308641975309 0.09516460905349794
0 0.5779864861968449 0.111193510897729 0.07831790123456793 0.0889917695473251
0 0.126586612654321 0.3972393689986283 0.0625 0.12962962962962962
0 0.1956366812414266 0.4044262498094803 0.05015432098765433 0.11368312757201646
0 0.03668847522290809 0.3997980490778845 0.05362654320987654 0.11522633744855963
0 0.09338482724622771 0.3982534103033074 0.029706790123456804 0.11368312757201651
0 0.0027172282235939644 0.39980519356805366 0.023919753086419755 0.1229423868312756
0 0.22418418852880656 0.20022338439262308 0.04745370370370369 0.1301440329218107
0 0.14934172453703703 0.2032974203627496 0.052083333333333336 0.11676954732510286
0 0.08221450617283951 0.20022195549458924 0.05555555555555555 0.1286008230452675
0 0.00041822059327846365 0.20536979881115683 0.046682098765432105 0.13271604938271606
0 0.1898558063271605 0.6101875666819083 0.05902777777777774 0.1136831275720164
0 0.14238870670438958 0.6117207742722146 0.03973765432098766 0.10288065843621397
0 0.04594987782921811 0.5983715325407712 0.05671296296296296 0.13014403292181068
0 0.008531057098765431 0.7526796601127876 0.0625 0.1162551440329218
0 0.08221611368312758 0.7660222336534065 0.05787037037037038 0.08179012345679015
0 0.1524308234739369 0.7737730528882791 0.05594135802469135 0.11934156378600826
0 0.21492975180041154 0.7799235063252553 0.0543981481481481 0.095164609053498
