0 0.7836098251028806 0.08806060432860845 0.06481481481481492 0.10545267489711933
0 0.6034282836076817 0.643101756591983 0.047839506172839524 0.10545267489711936
0 0.4842179998285323 0.6204789666209419 0.05169753086419754 0.11728395061728392
0 0.5451758616255143 0.628713229690596 0.05324074074074087 0.12139917695473249
0 0.6740282600308642 0.45690634049687545 0.04513888888888881 0.125514403292181
0 0.6809732403120713 0.283551002133821 0.04591049382716055 0.12397119341563788
0 0.6736392425411524 0.6389836724584667 0.04050925925925913 0.10236625514403291
0 0.733827106910151 0.4718054602956866 0.04436728395061714 0.10545267489711936
0 0.553280660579561 0.27788542142966016 0.057484567901234525 0.1162551440329218
0 0.7442467206790122 0.2948573959762231 0.04861111111111127 0.11265432098765434
0 0.41824818887174214 0.6302445320835238 0.05516975308641976 0.10853909465020582
0 0.616160300925926 0.4507301668952904 0.048611111111111036 0.1219135802469136
0 0.5490346900720164 0.4517513526901387 0.054398148148148175 0.1136831275720164
0 0.42017130701303157 0.45072588020118887 0.04668209876543214 0.11728395061728386
0 0.6157739626200274 0.27582733196159126 0.04783950617283945 0.11574074074074069
0 0.48228496870713305 0.44816053193110805 0.045910493827160476 0.12448559670781899
0 0.49231422539437586 0.26965401615607376 0.04359567901234571 0.11522633744855973
0 0.41824979638203025 0.2634807003505563 0.057484567901234525 0.11471193415637862
0 0.41750176826131685 0.10293495656149977 0.09143518518518516 0.05864197530864196
0 0.5216582540294924 0.11219707361682671 0.07677469135802475 0.06172839506172841
0 0.6065366726680385 0.11528920896204846 0.07947530864197525 0.06790123456790123
0 0.013551579646776404 0.0008492417314433777 0.06983024691358025 0.3616255144032922
0 0.8947078082133059 0.6472074569425393 0.045910493827160635 0.09516460905349788
0 0.8619172775205761 0.30771557308337144 0.04976851851851857 0.11059670781893005
0 0.8356802983539094 0.6528654168571865 0.04629629629629635 0.09465020576131693
0 0.9494882758916323 0.6518289894833105 0.04089506172839508 0.08641975308641968
0 0.8005722736625515 0.30976318396585883 0.04629629629629635 0.09979423868312756
0 0.8580581811556929 0.08342049611339736 0.04822530864197524 0.09413580246913582
0 0.9294265474965706 0.30103166438042983 0.04089506172839508 0.11419753086419757
0 0.7245595421810701 0.6379434346898338 0.0324074074074073 0.0900205761316872
0 0.9151438185871056 0.09009583142813596 0.02932098765432095 0.08127572016460904
0 0.7916910472393691 0.5088139193720469 0.0351080246913581 0.07458847736625514
0 0.9714733903463648 0.3210619570187471 0.032793209876543175 0.08024691358024694
0 0.5953248242455419 0.8082109244017681 0.045524691358024685 0.0900205761316872
0 0.6589771412037038 0.8097603261697911 0.03819444444444445 0.09670781893004106
0 0.48266568072702337 0.8030807041609511 0.03858024691358024 0.1049382716049382
0 0.11693270961934156 0.8129091411370218 0.04976851851851851 0.16409465020576128
0 0.4113034765089163 0.799473212924859 0.054783950617283965 0.09773662551440328
0 0.1852181391460905 0.8180431717725957 0.04745370370370373 0.15329218106995895
0 0.061370724022633744 0.8087815310166134 0.040509259259259245 0.15072016460905344
0 0.23924414866255145 0.8072716620941931 0.06712962962962961 0.18672839506172825
0 0.5455482681755831 0.8092468754762993 0.03395061728395048 0.09773662551440339
0 0.7735564557613169 0.8215701684194484 0.03240740740740746 0.0735596707818929
0 0.3136973272462277 0.8087986777930194 0.0574845679012346 0.16923868312757195
0 0.8769568758573388 0.8051245046486816 0.04012345679012349 0.0900205761316872
0 0.9305812757201646 0.8087234224965707 0.037037037037036986 0.08796296296296297
0 0.7110636895576131 0.8164399481786313 0.04282407407407405 0.08847736625514402
0 0.8302726337448559 0.8102661560737692 0.037037037037036986 0.0874485596707818
0 0.7866804376714678 0.6441191319920744 0.04205246913580238 0.09310699588477366
0 0.8804304376714678 0.9501500342935527 0.04205246913580238 0.05092592592592592
0 0.8514898941186557 0.47694711172077425 0.03433641975308651 0.10288065843621397
0 0.905120188185871 0.4784974660874866 0.03973765432098762 0.11059670781893005
0 0.09149037637174212 0.008566243712848653 0.0794753086419753 0.3626543209876543
0 0.1721182698902606 0.011138736473098614 0.07253086419753087 0.3631687242798353
0 0.24463734567901235 0.008574817101051669 0.05555555555555555 0.37191358024691357
0 0.30946475265775036 0.007028749428440786 0.07368827160493825 0.36882716049382713
0 0.3083009152091907 0.4411741731443377 0.06442901234567897 0.35699588477366256
0 0.24926215277777775 0.39440538789818624 0.04861111111111111 0.40226337448559674
0 0.0015882201646090536 0.3686852232891327 0.06481481481481481 0.4022633744855968
0 0.08916377314814813 0.37588020118884313 0.06250000000000001 0.3950617283950618
0 0.16285525977366255 0.3743508039932937 0.06712962962962961 0.4099794238683129
