0 0.28207197359396435 0.8345102690138698 0.07253086419753084 0.1599794238683128
0 0.37543804655349794 0.8478704656302393 0.07523148148148151 0.14454732510288074
0 0.12234519675925927 0.8087962962962963 0.06597222222222224 0.16666666666666657
0 0.9012827932098765 0.15703017832647462 0.06944444444444445 0.14814814814814817
0 0.278988768861454 0.5269099603718946 0.07716049382716056 0.17386831275720158
0 0.04249265903635117 0.8113821254381953 0.0783179012345679 0.18158436213991766
0 0.1049910515260631 0.16065195854290504 0.07600308641975308 0.17078189300411523
0 0.7180338541666667 0.8149486549306508 0.0798611111111111 0.14454732510288062
0 0.3569160450960219 0.5413137288523091 0.07021604938271603 0.17438271604938274
0 0.02435619212962963 0.15603376009754613 0.07291666666666667 0.18312757201646093
0 0.8044351208847735 0.16678717040085353 0.0532407407407408 0.13014403292181073
0 0.9090001821844993 0.4492707857033989 0.0713734567901235 0.2124485596707819
0 0.8160236625514403 0.44464210867245846 0.07407407407407413 0.21347736625514402
0 0.8626768261316872 0.1888846021947874 0.03240740740740746 0.10648148148148151
0 0.7531166945301784 0.22075950693491844 0.04359567901234555 0.08693415637860082
0 0.46031405392661184 0.8427350060966315 0.07445987654320985 0.1538065843621399
0 0.20413156935871055 0.8180603185490016 0.060570987654321035 0.17181069958847747
0 0.5679513353052126 0.8566138926992836 0.07214506172839508 0.14300411522633735
0 0.8808291002229082 0.7568796677335772 0.06057098765432079 0.20781893004115218
0 0.8133005401234569 0.7876986168267033 0.041666666666666664 0.15895061728395068
0 0.19256499699931415 0.16376266956256672 0.07137345679012345 0.1970164609053498
0 0.2832285772462277 0.12933384773662554 0.07137345679012345 0.23611111111111105
0 0.3885505079732511 0.1370427526291724 0.06828703703703698 0.22839506172839502
0 0.4637873478223594 0.14116083676268865 0.07600308641975302 0.23148148148148148
0 0.5656274112654321 0.15348412970583752 0.059027777777777776 0.2073045267489712
0 0.6316138331618656 0.1699340801707057 0.07947530864197525 0.19547325102880653
0 0.2072206682956104 0.498155768937662 0.06442901234567901 0.23045267489711926
0 0.42405907064471876 0.5043143194634965 0.0895061728395062 0.2150205761316872
0 0.72459142446845 0.4441510440481634 0.07831790123456778 0.2386831275720164
0 0.011998456790123457 0.8098432022557538 0.05555555555555555 0.1862139917695474
0 0.6212097586591221 0.49819196768785245 0.09760802469135801 0.26954732510288065
0 0.06409357853223595 0.4466844802621551 0.07253086419753085 0.1970164609053498
