0 0.39241281935871053 0.8525015241579028 0.07445987654320992 0.1460905349794237
0 0.6169503922325104 0.46418609967992686 0.07523148148148151 0.20987654320987645
0 0.6917974108367627 0.4585733882030178 0.07716049382716039 0.25925925925925924
0 0.2994354959705075 0.8632897043133668 0.07600308641975309 0.13065843621399176
0 0.872346536351166 0.5181146166742874 0.06790123456790127 0.11934156378600826
0 0.5656290187757201 0.8689509983234263 0.06134259259259254 0.1337448559670783
0 0.5436559606481481 0.08817586877000456 0.08680555555555548 0.2299382716049383
0 0.34226198131001373 0.06659188766956257 0.07947530864197536 0.2525720164609053
0 0.3287438914609054 0.4945535169943607 0.057870370370370315 0.22890946502057608
0 0.5012024176954732 0.48121475384849866 0.06481481481481476 0.2674897119341564
0 0.4456610618141289 0.07173211019661636 0.08526234567901238 0.24845679012345678
0 0.049044603052126205 0.4806936823654931 0.06867283950617283 0.26028806584362135
0 0.6925574952846364 0.11592935528120714 0.06057098765432111 0.2037037037037037
0 0.40707518861454045 0.4647309861301631 0.07716049382716056 0.24279835390946491
0 0.21881456832990398 0.4719435871056241 0.09297839506172838 0.25462962962962965
0 0.05714511531207132 0.07585162322816645 0.06674382716049382 0.2530864197530864
0 0.12350930212620026 0.4627033798201494 0.0756172839506173 0.27520576131687235
0 0.8314324524176955 0.5212639079408626 0.0405092592592592 0.18724279835390953
0 0.20103014617626888 0.10617617360158513 0.038966049382716035 0.22582304526748967
0 0.12696893218449934 0.09178336000609663 0.057484567901234546 0.23713991769547324
0 0.6269630379801097 0.13187823883554337 0.048996913580246985 0.20627572016460904
0 0.9487233689128943 0.08923896890717879 0.05054012345679016 0.26697530864197533
0 0.790933106138546 0.12724860920591372 0.054783950617283965 0.20627572016460907
0 0.784364819101509 0.500715877914952 0.04089506172839508 0.2175925925925926
0 0.9606760116598079 0.5294719745465631 0.04012345679012349 0.16306584362139914
0 0.2145557377400549 0.8658574340801707 0.07137345679012345 0.1260288065843621
0 0.8160137495713305 0.875101928059747 0.059799382716049364 0.110082304526749
0 0.04556380744170096 0.885392851699436 0.056327160493827154 0.11316872427983535
0 0.10731095679012347 0.8710071825941167 0.08333333333333333 0.13220164609053492
0 0.4776606974451304 0.8704818244170096 0.05362654320987651 0.12037037037037036
0 0.9016578789437585 0.8396552545343697 0.05401234567901238 0.16100823045267504
0 0.8858421210562415 0.6446325826855663 0.05709876543209873 0.09207818930041142
0 0.9467844435871058 0.8416966735253772 0.0362654320987654 0.14351851851851852
0 0.001574824245541838 0.46682860844383484 0.04552469135802469 0.2860082304526748
