0 0.470334201388889 0.38696702103337904 0.059027777777777776 0.14660493827160492
0 0.32567702974965707 0.8524853299801861 0.08603395061728397 0.1286008230452673
0 0.43948420353223594 0.8612301859472642 0.07947530864197531 0.12860082304526751
0 0.6570775998799726 0.6667905044962658 0.0806327160493827 0.1337448559670782
0 0.7465960969650205 0.6637255182136869 0.09837962962962968 0.15689300411522644
0 0.20760914994855967 0.3874857110196616 0.06828703703703698 0.15123456790123455
0 0.47573865097736623 0.1770976223136717 0.06365740740740738 0.15432098765432098
0 0.7029714827674897 0.4065043438500229 0.056712962962963014 0.13580246913580243
0 0.5451814879115225 0.3967387783874409 0.0613425925925927 0.14454732510288068
0 0.39124924982853226 0.1863478318853833 0.06558641975308635 0.14454732510288065
0 0.2211106288580247 0.17760773891175127 0.06597222222222218 0.14969135802469138
0 0.30483271176268867 0.3936523586343546 0.07021604938271603 0.14454732510288057
0 0.06409116726680385 0.18994579713458315 0.06905864197530866 0.14146090534979422
0 0.3163982124485597 0.1925059061118732 0.05787037037037036 0.12860082304526743
0 0.14433111496913578 0.19302030940405426 0.059027777777777776 0.1286008230452675
0 0.08993537808641974 0.6323297706142357 0.06250000000000001 0.13837448559670784
0 0.3916331768689987 0.3921129591525683 0.06288580246913579 0.1486625514403292
0 0.7025856802983539 0.18941662856271912 0.0567129629629631 0.12551440329218105
0 0.6304392789780521 0.39725842097241276 0.05478395061728405 0.15020576131687238
0 0.14124014060356652 0.40238864121322965 0.05246913580246917 0.13528806584362144
0 0.028968139146090532 0.6225556317634507 0.04745370370370371 0.13786008230452668
0 0.18408966692386833 0.6467373494894071 0.08912037037037036 0.14300411522633746
0 0.6319849001200274 0.005784655540313977 0.05825617283950619 0.13631687242798352
0 0.5540549447016462 0.01605319311080628 0.06134259259259254 0.11522633744855966
0 0.6281244641632373 0.18891984834628867 0.05478395061728389 0.14454732510288065
0 0.08143405992798354 0.39723841639993906 0.04282407407407407 0.1286008230452674
0 0.40860473465363517 0.007831313824112177 0.057484567901234525 0.12448559670781892
0 0.1493462791495199 0.022727099527511053 0.058641975308641986 0.1008230452674897
0 0.01739567258230453 0.392615454961134 0.049768518518518524 0.13580246913580254
0 0.22998113854595334 0.005262155159274501 0.06172839506172841 0.12757201646090538
0 0.4830675582990398 0.0037098955951836614 0.06172839506172841 0.11779835390946503
0 0.07180292995541838 0.01502200502972108 0.06288580246913579 0.11265432098765431
0 0.29905531978738 0.6549654206675811 0.08410493827160488 0.14043209876543217
0 0.7037468385631002 0.0006282388355433623 0.06211419753086421 0.12294238683127572
0 0.4039992176783264 0.6626681336686481 0.09220679012345682 0.1260288065843621
0 0.32372792352537727 0.017586400701112635 0.05709876543209877 0.1044238683127572
0 0.775507437414266 0.40548077655845144 0.06404320987654333 0.14146090534979422
0 0.8503520447530863 0.4075326741350404 0.0625 0.1352880658436215
0 0.7793601037379971 0.19353899939033684 0.05632716049382714 0.13323045267489717
0 0.9213418424211249 0.19818006020423717 0.06558641975308635 0.1455761316872428
0 0.8499649026920438 0.2043333714372809 0.06057098765432095 0.12448559670781895
0 0.9197905949931412 0.4265589277549154 0.05401234567901238 0.12808641975308635
0 0.780517779063786 0.009385954884926077 0.056712962962963014 0.1368312757201646
0 0.8534349815672153 0.017611644566377076 0.0574845679012346 0.1316872427983539
0 0.20916120113168726 0.851975689681451 0.08101851851851849 0.1337448559670781
0 0.7527480388374486 0.8843478509373571 0.06828703703703698 0.09567901234567894
0 0.8414769804526749 0.8843640451150739 0.06018518518518508 0.11316872427983535
0 0.6767457561728395 0.8745913351623228 0.0694444444444446 0.11419753086419757
0 0.9209466628086419 0.8864092745008382 0.052083333333333336 0.09979423868312762
0 0.8557913237311385 0.6662980109739369 0.11728395061728397 0.1574074074074073
