0 0.5027025870500782 0.6744990001738829 0.08890845070422541 0.2194835680751174
0 0.7804363507433489 0.8211148061206747 0.09595070422535201 0.11384976525821594
0 0.8997215497848201 0.6638573726308467 0.1060739436619719 0.1349765258215963
0 0.5643702929381847 0.23370772474352286 0.1580105633802816 0.1508215962441315
0 0.21003735084115804 0.392131803164667 0.12984154929577463 0.12206572769953049
0 0.19684932511737088 0.23194118414188836 0.15316901408450706 0.1443661971830986
0 0.5793173537754304 0.40387976004173193 0.13248239436619724 0.1338028169014084
0 0.8227372481416275 0.4261671883150756 0.16417253521126757 0.11971830985915496
0 0.1413160822574335 0.6862072900365154 0.044454225352112686 0.1883802816901409
0 0.37199053697183093 0.3991800339071466 0.10299295774647893 0.12852112676056338
0 0.1386798219874804 0.3915302773430708 0.05105633802816904 0.10622065727699531
0 0.6157912754303599 0.6727558250739001 0.04929577464788737 0.23826291079812217
0 0.03351489143192488 0.3827508259433142 0.09242957746478873 0.13145539906103285
0 0.2007626051447574 0.6832681272822118 0.08406690140845072 0.18309859154929575
0 0.36714593114240995 0.2290161493653278 0.09859154929577467 0.15434272300469482
0 0.34161439994131454 0.6973683924534864 0.09375000000000004 0.20011737089201884
0 0.6778789490414711 0.6885791601460616 0.08934859154929574 0.2147887323943661
0 0.4392999926643193 0.6733258346374543 0.05677816901408453 0.22007042253521117
0 0.0194383313771518 0.23837430446878802 0.10387323943661973 0.12030516431924883
0 0.2931619229264476 0.6897392844722657 0.04049295774647889 0.20011737089201873
0 0.49343762226134585 0.3821704920883324 0.05721830985915501 0.13849765258215965
0 0.8139432951877934 0.2589191010259085 0.17693661971830987 0.125586854460094
0 0.7346375562402192 0.3815961354547035 0.06117957746478879 0.15199530516431928
0 0.7905565336463225 0.6697177664753956 0.09154929577464783 0.12617370892018784
0 0.0515435494913928 0.7647740610328638 0.06778169014084506 0.11091549295774648
0 0.00046826095461658843 0.7295975699878282 0.040492957746478875 0.14847417840375585
0 0.8975138155320812 0.8228601547556947 0.09595070422535217 0.09741784037558673
0 0.11717007775821597 0.004779603547209181 0.13336267605633803 0.09154929577464789
0 0.2584335876369327 0.00594679186228482 0.10211267605633809 0.08450704225352113
0 0.3724056142410015 0.005995153016866632 0.06690140845070426 0.13673708920187796
0 0.44726807022691706 0.004778516779690489 0.12235915492957743 0.0903755868544601
0 0.5850012837441314 0.0024267518692401326 0.07790492957746488 0.08568075117370892
0 0.7425545896909234 0.005950052164840896 0.05325704225352123 0.0880281690140845
0 0.8024155785406886 0.010647604764388802 0.0558978873239438 0.09096244131455399
0 0.875523584213615 0.00948367675186924 0.12015845070422541 0.10152582159624414
0 0.0018375880281690142 0.010640540775517302 0.11091549295774648 0.08333333333333333
