0 0.0671966092249657 0.15350413427831122 0.09645061728395063 0.22890946502057613
0 0.0019734867969821673 0.14217059137326626 0.06404320987654322 0.21090534979423867
0 0.20841263717421124 0.14832533150434385 0.11419753086419754 0.19135802469135804
0 0.3353478116426612 0.12517908855357415 0.12307098765432095 0.19341563786008234
0 0.47771213777434846 0.13394061499771379 0.12770061728395055 0.21141975308641975
0 0.6092509537894375 0.18125142889803386 0.09915123456790127 0.19598765432098764
0 0.7157554762517147 0.1854061880810852 0.1323302469135803 0.23868312757201646
0 0.850766514489026 0.17765298734948942 0.1037808641975308 0.19855967078189302
0 0.05871726037379973 0.41273529187623836 0.10841049382716048 0.19855967078189302
0 0.0008067022462277093 0.4168409922267947 0.05054012345679012 0.18827160493827164
0 0.19222259730795607 0.4142746913580247 0.13387345679012344 0.1944444444444444
0 0.3407452953532236 0.4055336457857034 0.11766975308641976 0.19855967078189307
0 0.4684515389231824 0.426614654778235 0.12577160493827158 0.18827160493827164
0 0.6073372127914952 0.4446192463039171 0.12114197530864199 0.1887860082304526
0 0.7338683663408779 0.44358805822283187 0.1037808641975308 0.1862139917695473
0 0.8534607017318245 0.44256020423715897 0.09452160493827158 0.18724279835390947
0 0.03944187242798354 0.7290861720774272 0.12962962962962965 0.19084362139917682
0 0.2203601894718793 0.7043938614540466 0.0964506172839506 0.18981481481481483
0 0.34073565029149516 0.730110691967688 0.10378086419753087 0.1862139917695473
0 0.4491646304869684 0.7470883821063862 0.1304012345679012 0.1887860082304527
0 0.5841866533779149 0.7352613930803231 0.11766975308641985 0.19341563786008223
0 0.7157369898834018 0.749666114159427 0.10570987654321 0.1949588477366255
0 0.8449757265946503 0.7532636031092821 0.09837962962962968 0.191358024691358
