0 0.26016694786776207 0.6398360067814294 0.06294014084507044 0.17781690140845072
0 0.16949396028951488 0.6322145061728395 0.057218309859154916 0.18603286384976522
0 0.6400088028169014 0.38332463919318377 0.06338028169014089 0.11737089201877932
0 0.3094749486502347 0.26666992696922276 0.08054577464788733 0.25704225352112675
0 0.7390392703442878 0.03299263171622328 0.06161971830985935 0.13908450704225353
0 0.60128404978482 0.6415905929403581 0.0743838028169015 0.17136150234741795
0 0.47363372946009397 0.6679979568770649 0.06073943661971831 0.17018779342723
0 0.22496912901017213 0.2754635063467223 0.08230633802816902 0.24706572769953056
0 0.5352531421165884 0.6603514606155452 0.06029929577464799 0.15140845070422532
0 0.14134328540688576 0.2713658494174927 0.08362676056338028 0.25821596244131456
0 0.4626314309467918 0.3944873717614328 0.06250000000000008 0.1308685446009389
0 0.05682982443270736 0.2895414927838637 0.0743838028169014 0.24002347417840378
0 0.3231043378325508 0.6562494566162406 0.058978873239436624 0.1578638497652583
0 0.8191403193466353 0.030049121891844895 0.05501760563380284 0.12910798122065725
0 0.21879676496478873 0.05704877412623892 0.06734154929577463 0.13380281690140847
0 0.7416749193075118 0.6216147191792732 0.05413732394366204 0.14671361502347402
0 0.6039151139475744 0.02829507911667536 0.06029929577464791 0.13615023474178403
0 0.816504364730047 0.4014932185706834 0.0620598591549296 0.09154929577464788
0 0.07749810494913927 0.6110670970266041 0.04797535211267608 0.1637323943661971
0 0.4001268461463223 0.6732551947487393 0.055897887323943726 0.1437793427230047
0 0.8028621381064162 0.630995696400626 0.06514084507042257 0.1373239436619717
0 0.39220859008215964 0.38861882716049384 0.0620598591549296 0.13086854460093902
0 0.036133423806729265 0.03184283168144671 0.06029929577464789 0.16490610328638497
0 0.4692268192488263 0.04999184924360981 0.05281690140845075 0.11795774647887325
0 0.6813789857198749 0.6233937576073726 0.05897887323943654 0.16666666666666666
0 0.5277545481220657 0.39035874195792036 0.03697183098591547 0.10856807511737085
0 0.7253890967331769 0.37276669274908714 0.05325704225352108 0.12323943661971828
0 0.9573353750978091 0.057616610154755686 0.041813380281690134 0.11326291079812208
0 0.9190464837636934 0.284122326551904 0.04665492957746472 0.09154929577464788
0 0.5282078320618153 0.027113219440097376 0.055897887323943726 0.1273474178403756
0 0.6690489289906103 0.05936847939488785 0.05017605633802818 0.10387323943661972
0 0.16639799735915492 0.08636432794296645 0.03565140845070424 0.10446009389671362
0 0.03699933978873239 0.6151919231438011 0.03961267605633802 0.18192488262910791
0 0.5713379670383413 0.3850759650495566 0.0506161971830985 0.10739436619718301
0 0.00046764964788732397 0.6093353329855677 0.03961267605633803 0.1948356807511737
0 0.10214721488654147 0.057637802121370194 0.04973591549295776 0.13615023474178403
0 0.004437169894366197 0.335855177360459 0.051496478873239444 0.18838028169014082
0 0.8904406910211268 0.4044312945574683 0.051496478873239465 0.09565727699530518
0 0.9001427401212833 0.656829247087463 0.07878521126760568 0.15023474178403767
0 0.9018809908059469 0.03414840897235263 0.04665492957746488 0.11971830985915494
0 0.7940422046165885 0.2864605068683707 0.04049295774647877 0.08157276995305161
0 0.8411357467723004 0.2987855372978612 0.03829225352112676 0.08274647887323947
0 0.27248416715571205 0.8979786124152321 0.05325704225352111 0.09859154929577459
0 0.14263803305946793 0.9003222265692922 0.04665492957746478 0.0944835680751175
0 0.03260893485915493 0.9155690314727875 0.055457746478873235 0.08215962441314538
0 0.3398364143192488 0.9009107111806642 0.06866197183098591 0.0962441314553989
0 0.556378068759781 0.8903598287254391 0.057658450704225254 0.10974178403755865
0 0.44281775723787165 0.8997408059467918 0.051936619718309866 0.10035211267605641
0 0.20865977112676054 0.8962196791862285 0.04753521126760568 0.1003521126760563
0 0.9582156567879498 0.38684576595374714 0.041813380281690134 0.11737089201877937
0 0.7751289857198749 0.9044312945574683 0.058978873239436624 0.09565727699530513
0 0.8389494082550862 0.8856693401147625 0.058978873239436624 0.11443661971830991
0 0.9199463272691707 0.8886008954964354 0.07482394366197175 0.11150234741784036
