0 0.20869492126369324 0.7590261476264998 0.09815140845070422 0.24119718309859153
0 0.22719459115805946 0.1576024821770127 0.11795774647887321 0.3515258215962441
0 0.6831652239827856 0.14052012693444615 0.0959507042253521 0.2828638497652582
0 0.3675949359350548 0.16932218309859157 0.11135563380281681 0.33274647887323944
0 0.7883591916079812 0.12582757346548426 0.09639084507042257 0.2599765258215962
0 0.4991915468505477 0.15991566684054948 0.10343309859154941 0.3145539906103286
0 0.6061240708137715 0.14522148322030953 0.07218309859154926 0.28990610328638494
0 0.7738272080399061 0.5495430142583899 0.08582746478873243 0.26701877934272295
0 0.3605612407081378 0.6927729960006955 0.12367957746478872 0.3075117370892019
0 0.5792929015062598 0.623508954964354 0.09727112676056338 0.2910798122065728
0 0.7073460729655712 0.593494066249348 0.05721830985915509 0.198943661971831
0 0.1461668011541471 0.19037286993566335 0.05765845070422536 0.25058685446009393
0 0.10434791911189358 0.2149604416623196 0.049735915492957736 0.18544600938967137
0 0.8953219752543035 0.10880662058772386 0.10871478873239447 0.2576291079812207
0 0.8627206817292644 0.5284119066249348 0.06426056338028177 0.2623239436619719
0 0.9309458749021909 0.5266339549643542 0.06910211267605636 0.24354460093896713
0 0.47850309321205015 0.6698764345331246 0.10079225352112668 0.2975352112676057
0 0.03220486111111111 0.7859931968353331 0.1073943661971831 0.21068075117370882
0 0.14087746967918624 0.7554637237002261 0.04665492957746478 0.1965962441314554
0 0.9067191779147105 0.9120511650147801 0.04181338028169029 0.08568075117370881
0 0.8750363727503913 0.706647213528082 0.05237676056338027 0.08039906103286387
