0 0.22574400934499314 0.31709628867550677 0.07137345679012345 0.24176954732510292
0 0.4992664394718793 0.3170977175735406 0.054783950617283965 0.24331275720164608
0 0.43445671510631 0.31709628867550677 0.06211419753086421 0.24176954732510292
0 0.06485071587791495 0.2769909312604786 0.05169753086419753 0.26131687242798357
0 0.5552147633744856 0.32274805669867396 0.06481481481481476 0.234567901234568
0 0.373885727451989 0.2924049306508154 0.062114197530864126 0.24176954732510297
0 0.11540852194787381 0.2872818549001676 0.07716049382716049 0.26440329218107006
0 0.30367182141632376 0.30216668571864047 0.0652006172839506 0.22890946502057613
0 0.6709514853395062 0.6488759335467155 0.059027777777777776 0.23045267489711938
0 0.622721622085048 0.31040047248894986 0.05246913580246905 0.2325102880658437
0 0.47344098293895753 0.0006558641975308642 0.08834876543209873 0.1527777777777778
0 0.016235050154320987 0.3155421239140375 0.0451388888888889 0.2299382716049383
0 0.11464361496913579 0.0058070416095107455 0.08680555555555555 0.16049382716049385
0 0.29596809627914955 0.0016822892851699434 0.0829475308641975 0.15020576131687244
0 0.5606323409636489 0.0021976451760402377 0.08834876543209881 0.15123456790123455
0 0.38354927554869683 0.0006558641975308642 0.0887345679012346 0.1527777777777778
0 0.20183925968792865 0.004262879134278311 0.09297839506172838 0.15946502057613168
0 0.04325997728052126 0.0207099718030788 0.07214506172839506 0.14454732510288065
0 0.19023517875514406 0.3001095488492608 0.04976851851851849 0.2294238683127573
0 0.7203339334705074 0.253305517451608 0.05864197530864206 0.23662551440329216
0 0.6709450552983539 0.2553640832190215 0.04976851851851857 0.2376543209876543
0 0.8271990740740741 0.3006058527663466 0.05555555555555555 0.2098765432098765
0 0.8734932270233197 0.30009478356957775 0.05246913580246905 0.21347736625514407
0 0.7789705504115226 0.2908264746227709 0.050925925925925875 0.20370370370370375
0 0.9606776191700959 0.36074340801707055 0.04243827160493841 0.15843621399176952
0 0.9120681155692731 0.3417214410912971 0.044753086419753015 0.17026748971193417
0 0.26586800197187926 0.688468792866941 0.07214506172839508 0.21296296296296308
0 0.41053990912208504 0.6360210905349795 0.06635802469135801 0.236111111111111
0 0.030135727451989024 0.7028697035512879 0.062114197530864196 0.21039094650205756
0 0.7373188871742111 0.6437338058222832 0.07253086419753095 0.2325102880658436
0 0.5177951388888888 0.6463348765432099 0.06944444444444445 0.263888888888889
0 0.21261600865912209 0.6658317139155617 0.05594135802469139 0.20936213991769545
0 0.597268036265432 0.6694601623228167 0.06597222222222222 0.23919753086419746
0 0.08183486582647463 0.6817810737692425 0.06442901234567902 0.2124485596707819
0 0.14896154835390946 0.6689138469745466 0.06018518518518522 0.20473251028806583
0 0.3468739283264746 0.6169472069806433 0.0540123456790123 0.19187242798353904
0 0.8140981331447187 0.6601947111720775 0.07908950617283952 0.2325102880658436
0 0.8901001478909466 0.6715158702941625 0.0775462962962962 0.23713991769547324
0 0.7624038173010975 0.011966068434689834 0.08371913580246905 0.14557613168724282
0 0.6543539416152264 0.011908912513336383 0.04745370370370373 0.0838477366255144
0 0.8681471836419752 0.0006611034903215974 0.13194444444444445 0.15843621399176958
0 0.955277992112483 0.2871037189452827 0.044753086419753015 0.07201646090534979
