0 0.4802431778169014 0.2384335332985568 0.07130281690140837 0.18427230046948356
0 0.3864999021909234 0.24080322987306554 0.0809859154929577 0.20833333333333334
0 0.5678370133998436 0.2525240175621631 0.07966549295774633 0.19072769953051638
0 0.7148416104264477 0.2830034993914102 0.07614436619718311 0.1508215962441315
0 0.8081487187010955 0.2624820683359415 0.07218309859154932 0.17077464788732397
0 0.1523391651995305 0.3275593375065206 0.07262323943661973 0.10211267605633802
0 0.13561564700704226 0.5617267649104503 0.07526408450704225 0.11561032863849766
0 0.5629896566901408 0.5488154234046253 0.07130281690140844 0.11502347417840368
0 0.23948124510954613 0.2882802990784212 0.06426056338028173 0.1455399061032864
0 0.23684345657276995 0.5558484394018433 0.06866197183098591 0.10504694835680747
0 0.6448534086463223 0.5429631803164667 0.06778169014084506 0.13262910798122063
0 0.3059406787949922 0.29237958615892884 0.061619718309859156 0.13615023474178412
0 0.6470492224178405 0.7530070857242218 0.06073943661971823 0.07863849765258216
0 0.3913338101525821 0.5365077812554339 0.06998239436619724 0.13262910798122063
0 0.16905626467136148 0.20432207442183967 0.06073943661971833 0.10446009389671362
0 0.6518819077660406 0.2841826421491914 0.047975352112676166 0.15669014084507046
0 0.32837655271909233 0.5335892670839855 0.04533450704225351 0.1496478873239436
0 0.4762797706377151 0.5669970439923492 0.06822183098591547 0.10328638497652576
0 0.22759866490610328 0.7623842592592593 0.06602112676056338 0.06514084507042252
0 0.7289138913341158 0.759461398017736 0.058538732394366216 0.07746478873239442
0 0.8006663243348983 0.7635585115632064 0.07218309859154917 0.0657276995305164
0 0.7350669992175275 0.5400327117023126 0.04577464788732392 0.13673708920187794
0 0.3134230731611894 0.765904299252304 0.061619718309859114 0.06396713615023478
0 0.11534227063771518 0.21487893409841766 0.03653169014084507 0.09741784037558687
0 0.6461753594483568 0.8404484002782125 0.06998239436619716 0.07863849765258216
0 0.22144097222222223 0.8380933750652061 0.07218309859154928 0.07042253521126766
0 0.4771594410211267 0.8363447661276301 0.06734154929577467 0.08333333333333323
0 0.1347326144366197 0.8316434098417667 0.07130281690140844 0.07629107981220658
0 0.5581468847809077 0.8357497609111458 0.06954225352112675 0.07453051643192486
0 0.31078345070422536 0.8386661015475568 0.0633802816901408 0.055164319248826414
0 0.02292400234741784 0.8351982263954095 0.05281690140845069 0.1126760563380282
0 0.554621784526604 0.745382324813076 0.06382042253521128 0.08333333333333333
0 0.7276001931729266 0.8398533950617285 0.06822183098591555 0.06983568075117369
0 0.38649623435054775 0.8509954790471222 0.07570422535211263 0.061032863849765216
0 0.8794869913928013 0.8117881672752564 0.1232394366197184 0.18192488262910814
0 0.809461499902191 0.8345803990610328 0.06117957746478879 0.07922535211267603
0 0.034790994229264474 0.202589766997044 0.02860915492957746 0.13497652582159628
0 0.003537020735524257 0.20667655625108675 0.022887323943661966 0.11208920187793431
0 0.0008937304381846635 0.33224330551208486 0.019366197183098594 0.0903755868544601
0 0.0035376320422535216 0.5183440923317683 0.023767605633802813 0.16373239436619733
0 0.38033395686619714 0.06118772822117893 0.07526408450704222 0.16725352112676053
0 0.47232003129890454 0.078195639888715 0.07042253521126764 0.15551643192488263
0 0.7914031934663538 0.5511671883150757 0.043133802816901344 0.11971830985915496
0 0.3922165370696401 0.7600482524778299 0.07350352112676053 0.07746478873239442
0 0.4784795579029734 0.7600422752564772 0.06690140845070418 0.07100938967136154
0 0.15409239289906101 0.7518056642323074 0.0620598591549296 0.04870892018779342
