0 0.36714287460876366 0.7019224917405669 0.09419014084507048 0.04812206572769955
0 0.15983225743348983 0.6896088723700227 0.08802816901408449 0.05927230046948361
0 0.4833400577073552 0.8192982742131802 0.09419014084507048 0.0534037558685447
0 0.5617068295187793 0.48538732394366185 0.1254401408450705 0.06338028169014091
0 0.6884701437793428 0.4578339636584942 0.12940140845070427 0.09448356807511729
0 0.719266859839593 0.2524158841940532 0.11047535211267609 0.073943661971831
0 0.7654706450508606 0.7013350938967136 0.09463028169014097 0.04753521126760568
0 0.27382231758607195 0.7001624717440444 0.07878521126760564 0.04870892018779353
0 0.3891584751564945 0.29230948965397324 0.10651408450704222 0.0604460093896714
0 0.19547602455007823 0.3058114893062076 0.07702464788732395 0.06514084507042257
0 0.39048164857198747 0.19490686402364807 0.11047535211267609 0.07687793427230047
0 0.36273810397104855 0.6385432968179447 0.08934859154929574 0.0492957746478874
0 0.24477852357198746 0.46077095287776043 0.08670774647887325 0.09741784037558684
0 0.5564184150039124 0.4302153973222049 0.11575704225352115 0.055164319248826206
0 0.4763409013106416 0.6168997782994262 0.15625 0.125
0 0.19372493642410013 0.21309772213528083 0.09066901408450702 0.07511737089201878
0 0.3363406567879499 0.4572590636411059 0.10519366197183098 0.10739436619718311
0 0.19547999804381844 0.12918188141192835 0.08274647887323947 0.07981220657276995
0 0.6083434198943662 0.2723651321509303 0.099031690140845 0.06983568075117375
0 0.1114048439945227 0.10805186054599202 0.07086267605633802 0.07629107981220655
0 0.18226476917057902 0.4936114371413666 0.06690140845070422 0.07218309859154928
0 0.07706499413145539 0.6937152234394017 0.05809859154929578 0.057511737089201896
0 0.11008350449921753 0.30641247174404446 0.06954225352112675 0.08039906103286387
0 0.10612590473395932 0.20019724830464267 0.07482394366197183 0.08626760563380284
0 0.49827947721048516 0.491257498695879 0.05765845070422534 0.06514084507042263
0 0.7139818075117372 0.11156103286384976 0.10563380281690134 0.06338028169014084
0 0.07134713663928013 0.6092136150234742 0.06382042253521125 0.0633802816901408
0 0.15411103775430357 0.6156597765605981 0.08890845070422537 0.053403755868544595
0 0.6030657032472614 0.19079616588419407 0.10475352112676053 0.073943661971831
0 0.7606235939945226 0.5915878760215614 0.08670774647887325 0.041666666666666664
0 0.717060348200313 0.1843293557642149 0.10211267605633813 0.06161971830985914
0 0.052409771126760554 0.26478438532429144 0.04753521126760563 0.12206572769953049
0 0.03306221879890454 0.7876081333681099 0.0743838028169014 0.053403755868544595
0 0.592506602112676 0.12799078421144147 0.11091549295774657 0.06103286384976527
0 0.5097393388106416 0.22600634672230918 0.08098591549295778 0.07276995305164317
0 0.2658994767214397 0.6373685011302384 0.07834507042253525 0.04812206572769945
0 0.1021637201682316 0.5024071900539037 0.07350352112676058 0.06455399061032865
0 0.7615011248043818 0.6408869109720049 0.08274647887323947 0.04518779342722999
0 0.660304186228482 0.842243196835333 0.13380281690140852 0.11561032863849766
0 0.4802612113654148 0.8815222352634324 0.09727112676056338 0.07218309859154928
0 0.37373826291079815 0.8034526604068858 0.08450704225352115 0.05281690140845062
0 0.25710858030125194 0.8046263693270735 0.09551056338028169 0.05281690140845083
0 0.37197219776995305 0.8779896974439227 0.07658450704225352 0.059859154929577586
0 0.12067500489045384 0.8715326682316119 0.11003521126760564 0.058098591549295656
0 0.25358928746087633 0.8709436402364806 0.09815140845070426 0.05575117370892018
0 0.03658059467918623 0.8633156190227786 0.0704225352112676 0.05692488262910792
0 0.18137562353286388 0.8028728699356634 0.054137323943661955 0.06044600938967135
0 0.8050707893192489 0.8316939445313858 0.07658450704225352 0.13086854460093902
0 0.05108873728482003 0.16148224221874458 0.04665492957746479 0.1050469483568075
0 0.5097427009976525 0.3005162145713789 0.08582746478873252 0.05046948356807508
0 0.618910468016432 0.05463343331594505 0.10431338028169006 0.06044600938967135
0 0.8341442317097025 0.157952964701791 0.11135563380281689 0.09624413145539902
0 0.8737559908059468 0.23848461137193536 0.11003521126760553 0.23943661971830982
0 0.84468499364241 0.3605063249869588 0.07878521126760568 0.1919014084507042
0 0.918628655614241 0.48431631455399066 0.07878521126760553 0.1742957746478874
0 0.8482076486697965 0.5705812032689968 0.08098591549295785 0.17136150234741784
0 0.8873948552425666 0.6528065771170232 0.10211267605633796 0.24237089201877937
0 0.8781433392018779 0.832901343244653 0.08978873239436622 0.16725352112676065
0 0.0013806362480438183 0.4361589288819336 0.08670774647887323 0.136150234741784
0 0.015437940140845069 0.6198302469135802 0.04753521126760563 0.1208920187793428
0 0.2527083944640063 0.6015627716918797 0.09727112676056338 0.03990610328638495
0 0.6444126564945227 0.6186690358198574 0.06690140845070418 0.13438967136150234
0 0.7104224740805948 0.5921790775517302 0.050616197183098656 0.046361502347417836
0 0.7126195104655711 0.6432408494174925 0.04533450704225351 0.05223004694835696
0 0.7161363580790296 0.6972390671187619 0.03917253521126772 0.06044600938967135
0 0.12199053697183097 0.7882102025734655 0.10299295774647886 0.0698356807511738
