0 0.7774466306584363 0.5568444215820758 0.07870370370370365 0.2808641975308642
0 0.2496632265946502 0.5388398300563938 0.07060185185185183 0.28034979423868317
0 0.5374774948559671 0.013698369151044049 0.07870370370370373 0.3497942386831276
0 0.6134779020919068 0.5604533417162019 0.07484567901234564 0.2896090534979423
0 0.4780505186899862 0.49510030864197535 0.05941358024691365 0.2638888888888889
0 0.43832893947187923 0.0203756096631611 0.08256172839506175 0.3389917695473251
0 0.4236507630315501 0.47603499847584213 0.05709876543209881 0.22890946502057608
0 0.6169418188443073 0.01575026672763298 0.06288580246913572 0.3436213991769547
0 0.15050368655692728 0.17820835238530713 0.05864197530864201 0.24279835390946503
0 0.8491812414266118 0.5074602766346593 0.04320987654320984 0.27932098765432095
0 0.0930153677983539 0.16689767184880352 0.053240740740740755 0.2494855967078189
0 0.0012067043895747599 0.21007325483920133 0.07098765432098765 0.21244855967078194
0 0.34648383916323733 0.44570044581618656 0.04783950617283948 0.2453703703703705
0 0.4062800068587106 0.039322797591830515 0.04320987654320992 0.24639917695473249
0 0.893574245541838 0.519809766041762 0.08024691358024698 0.28343621399176955
0 0.8407361861282578 0.07537913427831124 0.10455246913580254 0.29835390946502055
0 0.6817684220679012 0.018836210181374793 0.07986111111111119 0.34310699588477367
0 0.7647097908093279 0.035279492455418386 0.07098765432098762 0.32407407407407407
0 0.9475673010973936 0.07381591982929431 0.05246913580246921 0.2767489711934156
0 0.6863999271262002 0.5604409579332419 0.08256172839506175 0.27623456790123463
0 0.5351586612654321 0.5758859167809784 0.07291666666666674 0.29012345679012347
0 0.038237311385459535 0.7177545343697608 0.06172839506172839 0.17489711934156382
