0 0.7672180653364633 0.5130939184489655 0.07570422535211271 0.19776995305164316
0 0.4921685494913928 0.16623848026430185 0.13116197183098588 0.17136150234741787
0 0.9124691290101723 0.1345597504781777 0.0823063380281689 0.18368544600938963
0 0.37864613898669797 0.49893279429664406 0.18001760563380284 0.11502347417840389
0 0.39317078687402185 0.6192238306381498 0.18001760563380284 0.09976525821596254
0 0.5705426569835681 0.6180512084854808 0.172975352112676 0.10093896713615028
0 0.5670288659037559 0.5024446835332986 0.18353873239436613 0.10504694835680757
0 0.18982755037167454 0.21254455746826642 0.1826584507042253 0.11150234741784036
0 0.21534868935837245 0.5869609633107287 0.1725352112676056 0.11502347417840368
0 0.23117908841940532 0.4396740784211442 0.15140845070422534 0.12969483568075107
0 0.841592392899061 0.5189510519909583 0.0620598591549296 0.18544600938967123
0 0.04941681338028169 0.43145105199095807 0.17429577464788734 0.12206572769953054
0 0.9173002860915495 0.48141138497652586 0.06734154929577459 0.20598591549295764
0 0.17749596537558687 0.09692988175969396 0.17165492957746478 0.10680751173708922
0 0.761933929968701 0.11870435576421492 0.07218309859154932 0.1725352112676056
0 0.6303584091353678 0.18028929751347592 0.11047535211267592 0.13497652582159628
0 0.041928917253521124 0.5875456442357851 0.1663732394366197 0.1126760563380281
0 0.025187671165884194 0.09515519040166927 0.14348591549295775 0.0915492957746479
0 0.03794931044600938 0.19491990523387237 0.13996478873239437 0.09096244131455399
0 0.02779703393974961 0.755921796209355 0.09815140845070422 0.057511737089201896
0 0.4019063600352112 0.190273430707703 0.08318661971830986 0.1431924882629108
0 0.15543696205007823 0.7635460137367415 0.09683098591549298 0.05223004694835675
0 0.8279547510758998 0.11694922622152669 0.07174295774647893 0.1784037558685446
0 0.9076318588615022 0.7870902886454529 0.088468309859155 0.12793427230046944
0 0.5762348395931143 0.7758922361328465 0.13028169014084498 0.07629107981220647
0 0.5665639671361502 0.8803583072509129 0.14788732394366202 0.08274647887323935
0 0.4309761345852895 0.8345613806294556 0.11267605633802825 0.05868544600938964
0 0.29364913438967133 0.8322177664753956 0.10827464788732391 0.06279342723004704
0 0.43714055164319254 0.790535341679708 0.11619718309859156 0.045774647887323966
0 0.28837386296948353 0.7611996826638845 0.11751760563380284 0.0534037558685447
0 0.1369770270931142 0.8387226134585289 0.1342429577464789 0.11619718309859153
0 0.766327391431925 0.7747147235263431 0.06073943661971839 0.07218309859154938
0 0.0603326119913928 0.8387497826464962 0.04797535211267605 0.1455399061032863
