0 0.29634163487871673 0.48836941401495393 0.1826584507042253 0.11502347417840379
0 0.7320893241392802 0.1849450095635542 0.19454225352112658 0.09272300469483562
0 0.7532029416079812 0.5171404973048165 0.1756161971830985 0.13145539906103287
0 0.5058526506259781 0.19139225786819686 0.18838028169014087 0.08392018779342723
0 0.6321308929968701 0.7166058076856198 0.12764084507042256 0.06103286384976533
0 0.3183355340375587 0.394454768735872 0.1637323943661972 0.09565727699530524
0 0.49793408890845076 0.09397604764388802 0.19410211267605634 0.08568075117370895
0 0.7879361673513301 0.7177849504434012 0.12103873239436622 0.06690140845070423
0 0.3706750048904538 0.046418557642149194 0.11003521126760568 0.06161971830985917
0 0.346487737187011 0.7125347765605982 0.1395246478873239 0.10093896713615028
0 0.1510636737089202 0.6714038862806468 0.13732394366197181 0.045774647887323966
0 0.3350367395344288 0.32457561728395057 0.12896126760563378 0.04870892018779348
0 0.6303522960680752 0.35628205964180143 0.10167253521126757 0.06631455399061031
0 0.15680231562989047 0.05522300469483568 0.16153169014084506 0.06338028169014086
0 0.744828650723787 0.08633878890627716 0.15889084507042256 0.07687793427230047
0 0.11586096439749609 0.1626190010432968 0.14964788732394366 0.06514084507042257
0 0.6466304773082943 0.477845700747696 0.0915492957746479 0.1578638497652582
0 0.5066858616979656 0.4784238610676404 0.12059859154929574 0.14847417840375585
0 0.02382262323943662 0.3216696009389671 0.07922535211267605 0.07922535211267609
0 0.1959305311032864 0.3680517518692401 0.09771126760563378 0.10152582159624414
0 0.15194456670579032 0.7101368240306034 0.13820422535211266 0.046361502347417836
0 0.7619703027190923 0.33457768214223615 0.12455985915492959 0.07629107981220658
0 0.7509667815923318 0.4073639367066597 0.12455985915492959 0.09389671361502341
0 0.7439581499413145 0.004164493131629282 0.1729753521126761 0.06103286384976526
0 0.6299353848787168 0.7882172665623369 0.13512323943661966 0.07746478873239442
0 0.13654941803599374 0.78938662841245 0.1522887323943662 0.07276995305164315
0 0.7729884952073554 0.8369691140671188 0.14568661971830987 0.12382629107981205
0 0.5107103995500782 0.005945705094766127 0.21170774647887325 0.08333333333333333
0 0.007100327660406886 0.41321672317857766 0.08362676056338028 0.0768779342723005
0 0.021201034330985913 0.5035901364980002 0.10695422535211269 0.07453051643192497
0 0.01016969874804382 0.680948422013563 0.06690140845070422 0.2130281690140845
0 0.365835289514867 0.11979275343418536 0.11267605633802817 0.08039906103286386
0 0.3614561937597809 0.007067249174056686 0.14480633802816897 0.026995305164319246
0 0.151526738556338 0.009428251608415927 0.17033450704225356 0.041666666666666664
