0 0.419061321159122 0.6411503581771072 0.1149691358024692 0.220164609053498
0 0.3650637109910837 0.007079237158969669 0.13618827160493832 0.4233539094650206
0 0.20150409379286696 0.0024443682365493063 0.16589506172839508 0.4176954732510288
0 0.006669560185185185 0.0009059213534522177 0.1597222222222222 0.4228395061728395
0 0.6351230281207133 0.0009221155311690292 0.1327160493827161 0.4403292181069959
0 0.5317035858196159 0.000916399939033684 0.0976080246913581 0.43415637860082307
0 0.13172475137174214 0.5638498323426308 0.23919753086419754 0.06893004115226338
0 0.11631890860768175 0.649755658436214 0.2770061728395061 0.06944444444444445
0 0.8704464591906722 0.007099241731443377 0.10956790123456793 0.44495884773662553
0 0.810251093106996 0.5475708733424783 0.0949074074074073 0.26543209876543217
0 0.7099411115397806 0.5486087296143881 0.09297839506172834 0.2752057613168723
0 0.7701161158264747 0.0055503162627648225 0.07831790123456793 0.4387860082304527
0 0.11556123542524005 0.8215654054260022 0.29706790123456794 0.06841563786008223
0 0.5598532343106996 0.5743527091906722 0.07754629629629635 0.30092592592592593
0 0.6485794967421125 0.5784579332418838 0.06558641975308643 0.29012345679012347
0 0.12172523362482854 0.7305222146014326 0.28433641975308643 0.0751028806584363
0 0.0016190307784636488 0.6405049725651577 0.1091820987654321 0.0787037037037037
0 0.0016109932270233196 0.7325903063557384 0.09760802469135801 0.08641975308641979
0 0.002763042266803841 0.8323945473251028 0.08989197530864196 0.09722222222222222
