0 0.00044420867626886147 0.7090268251790885 0.08410493827160494 0.19341563786008234
0 0.09152493784293556 0.7599055974698978 0.12924382716049382 0.1424897119341564
0 0.22540160965363512 0.7645352270995275 0.1338734567901235 0.1424897119341564
0 0.36158907750342933 0.7948621589696693 0.13271604938271603 0.11779835390946508
0 0.49546253429355275 0.7917719288218259 0.1327160493827161 0.1136831275720164
0 0.6223789544753087 0.7285517642127723 0.11458333333333333 0.16923868312757195
0 0.7427833504801099 0.7295896204846821 0.16358024691358017 0.1790123456790124
0 0.0008525162894375857 0.4862187547629935 0.11651234567901234 0.1162551440329219
0 0.4908291538065844 0.47543057460752935 0.12731481481481477 0.13168724279835387
0 0.6258726101680384 0.47851556546258195 0.14544753086419762 0.13014403292181068
0 0.769011488340192 0.4044948369151044 0.15432098765432095 0.18775720164609053
0 0.250480913494513 0.5252843507087336 0.13695987654320993 0.0848765432098765
0 0.3955096879286694 0.5026744208199969 0.0895061728395062 0.11059670781893005
0 0.2354466735253772 0.39105700350556316 0.15432098765432098 0.1193415637860082
0 0.5873103137860082 0.3576193606157598 0.17129629629629628 0.11779835390946508
0 0.39551370670438957 0.34273262459990855 0.09529320987654326 0.1512345679012345
0 0.00043643904320987654 0.07477042371589696 0.07291666666666667 0.19650205761316872
0 0.07797925240054869 0.0716868617588782 0.06790123456790124 0.19958847736625512
0 0.2558304398148148 0.018750952598689224 0.0625 0.2510288065843621
0 0.3183374056927297 0.021826417466849563 0.07253086419753084 0.23919753086419757
0 0.3897221150548697 0.020289875781130923 0.0887345679012346 0.24639917695473249
0 0.4861630872770919 0.0840087258039933 0.07484567901234564 0.17386831275720163
0 0.5656416109396434 0.052154778235025144 0.07947530864197531 0.2160493827160494
0 0.6508999378429355 0.05216049382716049 0.07368827160493834 0.22222222222222224
0 0.7245670438957477 0.10355319311080628 0.04320987654320984 0.17078189300411523
0 0.7689380787037037 0.10355319311080628 0.04861111111111111 0.17078189300411523
0 0.815291977451989 0.11846564929126659 0.13155864197530873 0.16512345679012344
0 0.17752111196844994 0.5196254381953972 0.07484567901234569 0.08436213991769545
0 0.9117125878772291 0.7995379896357263 0.08834876543209873 0.16769547325102888
0 0.917495606138546 0.5213496418228928 0.08256172839506175 0.2798353909465021
