0 0.5016715427812072 0.239350422953818 0.1847993827160493 0.1651234567901235
0 0.265179183813443 0.23989626200274344 0.19135802469135801 0.19907407407407407
0 0.4495490933641975 0.4686704580094498 0.12847222222222215 0.05298353909465026
0 0.4480053476508916 0.529879686785551 0.12770061728395063 0.04783950617283957
0 0.08959351423182442 0.506817272519433 0.1257716049382716 0.14043209876543217
0 0.013993912894375857 0.13142861225422953 0.15123456790123457 0.27623456790123463
0 0.00043938614540466395 0.5052793019356805 0.07716049382716049 0.14609053497942392
0 0.2393660515260631 0.12200217192501141 0.24266975308641975 0.09567901234567902
0 0.45417175711591223 0.5977833028501753 0.11844135802469134 0.05041152263374487
0 0.7327380186899862 0.49287265660722446 0.14274691358024683 0.08024691358024698
0 0.33879913623113855 0.48103709419295837 0.09297839506172838 0.07561728395061725
0 0.28019065072016464 0.004683927754915409 0.14120370370370366 0.058641975308641986
0 0.19333499442729765 0.5098770195092212 0.06905864197530866 0.11162551440329217
0 0.6015429419581619 0.5314657636031093 0.11072530864197531 0.09413580246913587
0 0.4488045481824417 0.009822721383935376 0.16743827160493832 0.052983539094650214
0 0.7235283243312758 0.23525186709343088 0.21412037037037032 0.18312757201646093
0 0.8901210455246914 0.12661036808413353 0.1076388888888889 0.07253086419753085
0 0.7489401148834018 0.5792824074074074 0.14043209876543222 0.06944444444444445
0 0.6486368312757201 0.0031292866941015087 0.14814814814814817 0.04629629629629629
0 0.8199240183470506 0.004164761469288218 0.13503086419753096 0.053497942386831275
0 0.051041666666666666 0.7239445206523395 0.16666666666666666 0.19341563786008234
0 0.4364342206790124 0.686924154092364 0.13194444444444445 0.2114197530864197
0 0.2859723293895748 0.7054460067062949 0.13348765432098766 0.2150205761316872
0 0.5934392146776406 0.6550582990397805 0.1080246913580246 0.24074074074074084
0 0.7311891825274349 0.6751628943758574 0.1346450617283949 0.28703703703703703
0 0.9055327824931414 0.7387750533455266 0.07831790123456793 0.09927983539094636
0 0.16363758144718793 0.25474918076512726 0.08256172839506172 0.12911522633744857
0 0.1844679676783265 0.412113244932175 0.0783179012345679 0.08230452674897122
0 0.5109525034293554 0.11476385078494133 0.21604938271604937 0.05606995884773663
