0 0.6070871845657276 0.22629542688228135 0.19146126760563387 0.3849765258215962
0 0.2690363972026604 0.7080138236828377 0.1588908450704225 0.2887323943661972
0 0.4231025039123631 0.2251141105894627 0.1830985915492958 0.3767605633802817
0 0.6581248777386542 0.7121125673795863 0.16461267605633798 0.2787558685446009
0 0.4833984375 0.7127032255259955 0.17825704225352124 0.2828638497652582
0 0.22415547975352113 0.22628673274213182 0.17825704225352115 0.3755868544600939
0 0.10881718260954616 0.7080154538341157 0.1474471830985916 0.2904929577464788
0 0.03884242957746478 0.228054360111285 0.15845070422535212 0.38321596244131456
0 0.804256223102504 0.7144474873934967 0.17121478873239432 0.2652582159624415
0 0.8055928452660407 0.23040069118414186 0.19454225352112675 0.38204225352112675
