0 0.08899403364632238 0.06363947574334898 0.12323943661971828 0.2799295774647887
0 0.26196052181142415 0.061881629281864026 0.110475352112676 0.28286384976525825
0 0.41776396224569645 0.06950530342549122 0.10123239436619708 0.27699530516431925
0 0.18404764524647887 0.41688402017040516 0.09903169014084506 0.23474178403755874
0 0.3138852210485133 0.41571139801773604 0.09330985915492963 0.23591549295774655
0 0.464852919600939 0.40515942879499217 0.09242957746478864 0.24823943661971828
0 0.23685843358763695 0.7120381238045558 0.09022887323943662 0.198356807511737
0 0.3283997823748044 0.7091109154929578 0.07878521126760568 0.20598591549295775
0 0.4085087783646322 0.7138030342549121 0.08362676056338027 0.20305164319248828
0 0.5057740977112676 0.6985529690488611 0.0752640845070423 0.21185446009389666
0 0.08677132237871674 0.6791547122239611 0.09154929577464786 0.17723004694835676
0 0.6409722222222223 0.1946905972874283 0.18309859154929567 0.477112676056338
0 0.8270976990414711 0.20053958007303077 0.10519366197183078 0.4559859154929577
0 0.6409477699530517 0.660991566684055 0.14788732394366189 0.2089201877934271
