0 0.6146345057441701 0.7784498361530255 0.07368827160493825 0.17026748971193398
0 0.5590888631687243 0.09063071559213536 0.08796296296296294 0.10339506172839504
0 0.3623239776234568 0.07161446425849718 0.0798611111111111 0.12139917695473254
0 0.000424650634430727 0.25015146319158665 0.05594135802469136 0.16358024691358025
0 0.8140973293895747 0.8067253467459229 0.07793209876543207 0.15226337448559663
0 0.19912926526063102 0.7419024348422497 0.07947530864197531 0.1435185185185184
0 0.6316004372427984 0.2594116750495351 0.06018518518518524 0.1646090534979424
0 0.41016000085733884 0.5484825102880659 0.07484567901234572 0.13888888888888878
0 0.7353807656035666 0.34113464029873497 0.05941358024691349 0.09207818930041148
0 0.16517302169067216 0.02946244855967078 0.07137345679012343 0.1527777777777778
0 0.8102226937585735 0.3246989788142051 0.054012345679012225 0.11934156378600826
0 0.08723931541495199 0.049508935375704916 0.06905864197530864 0.13631687242798354
0 0.24543199159807957 0.041288484987044655 0.08873456790123452 0.14711934156378603
0 0.08646583504801097 0.502719669257735 0.06635802469135804 0.15946502057613185
0 0.7133873456790124 0.5469674020728548 0.05555555555555555 0.16923868312757195
0 0.463411190414952 0.06698483462886756 0.08989197530864199 0.12139917695473251
0 0.6042039073216736 0.6060494779759183 0.05362654320987659 0.08899176954732509
0 0.5667856224279836 0.264010345221765 0.06018518518518508 0.1311728395061728
0 0.16518373842592593 0.4996284865112025 0.08680555555555554 0.15432098765432095
0 0.2978909465020576 0.28047601356500534 0.07407407407407408 0.13631687242798354
0 0.549805491255144 0.5967873609205913 0.0532407407407408 0.08590534979423874
0 0.051717892661179696 0.055168324188385916 0.029320987654320993 0.1373456790123457
0 0.26855575917352537 0.5166080818472795 0.053626543209876545 0.15895061728395057
0 0.3376240462105624 0.5361463572626124 0.06751543209876548 0.14917695473251028
0 0.46457047325102885 0.269680688919372 0.09259259259259262 0.14403292181069963
0 0.2469457304526749 0.25632668419448257 0.04629629629629635 0.1661522633744856
0 0.7724111046810699 0.5428436023472033 0.04976851851851857 0.1599794238683127
0 0.648954046639232 0.10193710943453742 0.0493827160493827 0.0920781893004115
0 0.6597538365912208 0.5988573578722755 0.045524691358024685 0.09927983539094656
0 0.6929341885288065 0.26404130467916476 0.04745370370370373 0.1646090534979424
0 0.8325861089677642 0.6148100518213687 0.0351080246913581 0.10596707818930032
0 0.0756470228909465 0.7372699474165524 0.04282407407407407 0.14043209876543206
0 0.37041805984224957 0.7480957552202407 0.06867283950617294 0.16563786008230455
0 0.6994917588305898 0.790255391708581 0.045910493827160476 0.1424897119341564
0 0.12001350308641974 0.7295600899253162 0.041666666666666664 0.14711934156378603
0 0.5000385802469136 0.7480962315195854 0.05555555555555555 0.1661522633744856
0 0.4475592635459534 0.7496337258039933 0.04089506172839508 0.1599794238683127
0 0.5579033243312757 0.7799730414570949 0.04745370370370373 0.1486625514403292
0 0.28785820687585734 0.7403792295381801 0.0713734567901235 0.16512345679012339
0 0.16746211634087793 0.744453494131992 0.034336419753086406 0.12088477366255143
0 0.035902402692043894 0.7161965592135344 0.03279320987654321 0.15895061728395068
0 0.7616086355452675 0.7907878943758574 0.04976851851851841 0.16203703703703703
0 0.06754543895747599 0.25322073616826707 0.04320987654320989 0.1450617283950617
0 0.12195135673868313 0.2578446502057613 0.054398148148148154 0.1388888888888889
0 0.18560956790123456 0.2609520271300107 0.05555555555555555 0.16152263374485598
0 0.000801343878600823 0.07931908245694254 0.04282407407407407 0.10905349794238683
0 0.7052948709705075 0.10657102575826856 0.06905864197530866 0.09670781893004117
0 0.793667481138546 0.10657388355433624 0.10339506172839492 0.09979423868312756
0 0.8719411758401919 0.38636307346441084 0.039737654320987775 0.049897119341563864
0 0.8696311835562414 0.3122956675811614 0.04668209876543206 0.05709876543209878
0 0.8017409336419752 0.24695311309251633 0.0625 0.042695473251028834
0 0.7936382780349794 0.2881020423715897 0.06134259259259254 0.03909465020576132
0 0.03359482167352538 0.5119727366255145 0.04320987654320987 0.1527777777777778
0 0.869614572616598 0.585981081390032 0.02276234567901238 0.08179012345679015
0 0.5964908050411523 0.4939152758725804 0.0578703703703704 0.095164609053498
0 0.6643770361796981 0.49083600060966315 0.036265432098765475 0.10288065843621408
0 0.38314980924211245 0.4769066262764823 0.06905864197530866 0.05915637860082307
0 0.5609798311042524 0.5226966163694557 0.03317901234567905 0.06790123456790137
0 0.0007927704903978053 0.7161965592135344 0.03047839506172839 0.15895061728395068
