0 0.7685577440336462 0.27940738567205703 0.10343309859154932 0.06983568075117375
0 0.8842988923122066 0.28878673274213185 0.08054577464788729 0.058685446009389686
0 0.7386153291275431 0.14384183185532948 0.08494718309859163 0.06748826291079814
0 0.9357800885172143 0.46371826638845415 0.058538732394366216 0.11150234741784036
0 0.8204610475352112 0.36749641366718827 0.05545774647887324 0.13556338028169013
0 0.6954977259389672 0.35687978177708224 0.10827464788732384 0.07805164319248824
0 0.6175857663341158 0.31168818466353676 0.09815140845070418 0.073943661971831
0 0.5678403755868545 0.25593972787341335 0.08450704225352107 0.0768779342723005
0 0.49874559859154927 0.20487741262389148 0.09507042253521128 0.07042253521126764
0 0.41070245256259785 0.2077953834115806 0.07350352112676053 0.052816901408450696
0 0.6334143314749608 0.15497576508433314 0.07438380281690142 0.04988262910798121
0 0.5700371063184663 0.13561500173882807 0.07878521126760568 0.05575117370892018
0 0.5224973102503911 0.1127211571900539 0.07218309859154941 0.04870892018779342
0 0.48200832599765264 0.09804218831507565 0.0779049295774648 0.04049295774647886
0 0.42785755330594677 0.09216386280646843 0.058538732394366216 0.02992957746478874
0 0.3680228506455399 0.1896028951486698 0.09375 0.052816901408450696
0 0.28219232932316124 0.13266497130933752 0.08934859154929574 0.03873239436619719
0 0.3037723738262911 0.16846635367762128 0.10827464788732391 0.04225352112676056
0 0.644415713028169 0.6760938315075639 0.07130281690140837 0.04049295774647882
0 0.6026093627738655 0.6966576464962616 0.0814260563380281 0.06631455399061037
0 0.522513204225352 0.695492088332464 0.09507042253521136 0.07511737089201873
0 0.5115063209115807 0.7794128195096505 0.09022887323943662 0.0757042253521126
0 0.5656176643192489 0.5358508302903844 0.05281690140845067 0.05692488262910792
0 0.5238067292644757 0.5628521126760564 0.05633802816901405 0.0633802816901407
0 0.47275925518388107 0.5781168492436098 0.06910211267605636 0.07042253521126757
0 0.4573344581377151 0.6033602851677969 0.04049295774647892 0.0798122065727699
0 0.36360952171361505 0.6262459789601807 0.07658450704225359 0.0780516431924883
0 0.4423785333528952 0.4577948400278213 0.05325704225352108 0.05223004694835675
0 0.4120124828834116 0.47424089288819343 0.058538732394366216 0.06748826291079811
0 0.3578626271517997 0.4906728177708225 0.04049295774647885 0.06748826291079811
0 0.29800683440923315 0.5206056555381673 0.04533450704225351 0.07100938967136143
0 0.39970351623630673 0.8745218222917754 0.08010563380281689 0.11737089201877927
0 0.4626350987871674 0.9044111893583725 0.06778169014084506 0.0739436619718311
0 0.35126815580985915 0.9061902277864718 0.051496478873239424 0.09389671361502352
0 0.25752304626369327 0.9284695053034255 0.05853873239436618 0.07100938967136154
0 0.2654464984350548 0.7407032472613458 0.05985915492957747 0.1003521126760563
0 0.20426294747652582 0.7418731524952182 0.054137323943661955 0.096244131455399
0 0.15452550371674492 0.7659466831855329 0.051936619718309866 0.10974178403755865
0 0.09598218652190922 0.7841657972526518 0.04533450704225351 0.13849765258215954
0 0.19413359497261345 0.5675730307772561 0.045334507042253475 0.09154929577464793
0 0.13648125733568076 0.5734388584593983 0.054137323943661976 0.08861502347417838
0 0.11975040346244128 0.6139388801947488 0.046214788732394374 0.096244131455399
0 0.07221610915492958 0.6262628238567205 0.04753521126760561 0.0962441314553991
0 0.024669894366197185 0.644435750304295 0.03169014084507043 0.07511737089201873
0 0.08233476379107982 0.45900223874108853 0.0409330985915493 0.08861502347417832
0 0.037442537167449136 0.47249880455572946 0.04401408450704225 0.08744131455399058
0 0.006624119718309858 0.48307468266388454 0.031690140845070415 0.10093896713615017
0 0.027302792449139277 0.38855579464440965 0.020246478873239437 0.06279342723004694
0 0.3138589348591549 0.35802469135802467 0.055457746478873284 0.04694835680751176
0 0.30813924344679183 0.3973629586158929 0.0585387323943663 0.06748826291079811
0 0.265444664514867 0.42141312380455576 0.057218309859154895 0.05575117370892018
0 0.21570569248826288 0.44723145974613115 0.05281690140845071 0.0522300469483568
0 0.18049381357589986 0.29348156842288303 0.051936619718309866 0.05868544600938964
0 0.17609546165884193 0.35099167536080683 0.05633802816901411 0.05692488262910797
0 0.1435204543231612 0.37915851591027644 0.04973591549295776 0.05457746478873244
