0 0.6479991930751174 0.29575345592070945 0.16109154929577457 0.6109154929577465
0 0.28090002689749605 0.27168101199791345 0.1298415492957747 0.5985915492957746
0 0.5572834140258215 0.29101949660928533 0.09375 0.568661971830986
0 0.17436271273474177 0.2652343070770301 0.09639084507042256 0.6079812206572769
0 0.4072253398865415 0.27168264214919147 0.13688380281690135 0.6003521126760564
0 0.015953271713615023 0.2488942140497305 0.15580985915492956 0.7071596244131454
0 0.8169940214201877 0.31681446704920885 0.13336267605633811 0.5399061032863849
0 0.9410602503912363 0.3273387237002261 0.05633802816901405 0.4976525821596243
0 0.9221491710680751 0.0007297643888019475 0.07790492957746473 0.15434272300469482
0 0.7346913512323945 0.004823074247956877 0.13864436619718296 0.13849765258215965
0 0.6083599251760563 0.0030625108676751865 0.1227992957746479 0.13849765258215962
0 0.4569612553794992 0.0018665232133541995 0.13688380281690143 0.11443661971830986
0 0.27651267850156497 0.0018480481655364287 0.1500880281690141 0.09448356807511737
