0 0.1979780199759945 0.373608729614388 0.08834876543209877 0.16409465020576133
0 0.40678530092592596 0.4034326893766194 0.2152777777777778 0.15174897119341565
0 0.28593696416323733 0.712546677335772 0.0825617283950617 0.10596707818930043
0 0.03632383830589849 0.2718511850327694 0.08410493827160492 0.26594650205761317
0 0.7666980131172839 0.6497675659198293 0.15625 0.08230452674897122
0 0.47158189729080935 0.003261697911903673 0.18904320987654324 0.18930041152263374
0 0.32566416966735257 0.317539247065996 0.0675154320987654 0.1646090534979424
0 0.08232676397462278 0.024840916018899557 0.21720679012345676 0.16152263374485598
0 0.6428899819958848 0.3674573235787228 0.2060185185185185 0.18724279835390936
0 0.18215770747599452 0.6380305974698979 0.08487654320987655 0.18415637860082296
0 0.31992937671467764 0.01149357948483463 0.1427469135802469 0.19084362139917696
0 0.08107049468449931 0.6168086038713612 0.07484567901234566 0.042181069958847725
0 0.2998277284807956 0.6301983310470964 0.08526234567901234 0.058641975308642014
0 0.6786916473765433 0.0027249085505258344 0.09374999999999992 0.16512345679012347
0 0.412883659122085 0.7094654968754762 0.10802469135802469 0.11162551440329217
0 0.04483748070987654 0.719226299344612 0.12152777777777778 0.09773662551440328
0 0.8754693930041152 0.36385316643804305 0.12037037037037047 0.1836419753086419
0 0.7990542481138547 0.007367398262459991 0.08256172839506158 0.17901234567901236
0 0.1450898598251029 0.34328275034293554 0.040509259259259266 0.18981481481481483
0 0.5541288901748971 0.6297439414723365 0.16782407407407413 0.12345679012345682
0 0.8920479145233196 0.007367398262459991 0.10455246913580254 0.17901234567901236
