0 0.17631253215020576 0.8883773433927755 0.0011574074074074206 0.0030864197530864547
0 0.2138685270919067 0.6936356881572932 0.19290123456790123 0.2376543209876543
0 0.6147047003600823 0.6694639727175736 0.17476851851851857 0.24331275720164602
0 0.4025283457647462 0.6843807155921353 0.1963734567901234 0.24228395061728414
0 0.0009141375171467763 0.7054612482853224 0.20524691358024694 0.23148148148148148
0 0.6031574181241427 0.25336934156378604 0.21334876543209866 0.3055555555555556
0 0.32538740997942384 0.22151301249809482 0.22453703703703703 0.3451646090534979
0 0.1185849622770919 0.25955170705685104 0.20679012345679013 0.31584362139917693
0 0.10856561856995885 0.053672744246303916 0.2233796296296296 0.1887860082304527
0 0.6078028549382715 0.00944311080627953 0.2361111111111112 0.198559670781893
0 0.34354155949931414 0.010983462886755066 0.2554012345679012 0.19547325102880658
0 0.8484433942043896 0.2425754458161866 0.09182098765432095 0.3148148148148149
0 0.0016268004115226338 0.2641799077884469 0.12037037037037036 0.31430041152263377
0 0.8064011059670781 0.6633068510897728 0.10648148148148143 0.26028806584362146
0 0.0008431391460905351 0.006922534674592288 0.10300925925925927 0.2541152263374486
