0 0.8750843603286386 0.041966071118066425 0.12147887323943662 0.32335680751173707
0 0.1334534551056338 0.4362404364458355 0.1307218309859155 0.2241784037558685
0 0.8733259365219092 0.8358372456964006 0.12455985915492959 0.16901408450704225
0 0.3746047901995306 0.06831746652756042 0.0647007042253521 0.26173708920187794
0 0.20823216206964004 0.056585267779516606 0.06558098591549298 0.26701877934272295
0 0.2918619791666667 0.06186641453660233 0.06998239436619716 0.2664319248826291
0 0.13649073258998434 0.053065771170231264 0.06778169014084505 0.26877934272300463
0 0.6739008705007825 0.0941276517127456 0.06514084507042242 0.24941314553990607
0 0.5295337563575899 0.07887812989045384 0.06382042253521136 0.2588028169014085
0 0.7416831719483568 0.1140665753781951 0.06602112676056338 0.2341549295774648
0 0.4595547241784038 0.07652853851504088 0.06866197183098587 0.2564553990610329
0 0.6056741490610328 0.08415927664753955 0.058098591549295815 0.2582159624413146
0 0.08717906396713615 0.04889041036341506 0.0448943661971831 0.19600938967136153
0 0.28003288830203443 0.4086832724743523 0.1487676056338028 0.2511737089201878
0 0.8852030149647888 0.43692401321509305 0.11487676056338027 0.32863849765258224
0 0.8116674002347418 0.12403821074595722 0.06866197183098595 0.22887323943661972
0 0.26727124902190924 0.7900256477134411 0.15228873239436622 0.1291079812206573
0 0.4230749951095462 0.7507835593809772 0.1434859154929577 0.21244131455399062
0 0.0035428281494522696 0.04537254390540776 0.03125 0.1995305164319249
