0 0.8977942279663924 0.47799735177564395 0.045910493827160476 0.12602880658436222
0 0.07025034293552812 0.17143204160951073 0.04938271604938272 0.14660493827160498
0 0.5042794603052126 0.43738092516384697 0.051311728395061665 0.14917695473251033
0 0.2770356438614541 0.1991941015089163 0.04243827160493822 0.12962962962962962
0 0.6273483046124828 0.4569034827008078 0.0482253086419754 0.12242798353909466
0 0.4583660193758573 0.21102156683432405 0.04706790123456786 0.12551440329218103
0 0.39471048739711934 0.20382801783264748 0.04976851851851849 0.13425925925925927
0 0.4487209576474622 0.4373652072854748 0.04706790123456794 0.13220164609053497
0 0.5690940072016462 0.4615369227251943 0.05092592592592595 0.12654320987654313
0 0.10999228395061728 0.41320206523395825 0.05555555555555555 0.14711934156378598
0 0.31561856995884774 0.4383968716659046 0.04629629629629627 0.13528806584362132
0 0.22688373413923182 0.19455875628715136 0.04591049382716052 0.12345679012345682
0 0.6404677319101508 0.23158960143270843 0.051311728395061824 0.1167695473251029
0 0.3854453339334705 0.44559565996037187 0.041280864197530874 0.13220164609053503
0 0.6956423075274348 0.23107853223593963 0.05825617283950611 0.12037037037037039
0 0.5208668231310014 0.20794229157140678 0.048225308641975315 0.13323045267489717
0 0.05713171939300411 0.4054974470355129 0.04745370370370372 0.15946502057613168
0 0.7724111046810699 0.23263031550068586 0.04976851851851857 0.12962962962962965
0 0.18484091006515774 0.4486811271147691 0.059799382716049405 0.1311728395061728
0 0.8403083204732511 0.23468745237006552 0.04398148148148159 0.12911522633744862
0 0.33259521819272975 0.1976551783264746 0.048225308641975356 0.13425925925925927
0 0.13698506087105625 0.6554764898643499 0.03626543209876542 0.13683127572016465
0 0.5903096600651577 0.22490569272976682 0.045910493827160476 0.12037037037037036
0 0.4988704561042524 0.6662641937204694 0.04012345679012349 0.12088477366255153
0 0.7411546746399177 0.46256668190824574 0.0405092592592592 0.1275720164609053
0 0.6917714227537723 0.4502324340801707 0.0397376543209877 0.13991769547325095
0 0.8765764317558298 0.003712753391251334 0.047839506172839524 0.12088477366255146
0 0.7839857145919068 0.0006177602499618961 0.05054012345679 0.11162551440329219
0 0.8865925604423869 0.24958657216887672 0.02662037037037032 0.10905349794238682
0 0.9413872277949245 0.0006306203322664228 0.04205246913580254 0.12551440329218108
0 0.8480270490397804 0.688912227556775 0.047839506172839524 0.1363168724279835
0 0.80172593021262 0.6930179279073312 0.04089506172839508 0.12602880658436222
0 0.40357912165637855 0.9085209952751104 0.042824074074074125 0.09156378600823048
0 0.3850624785665295 0.6734915599756135 0.045524691358024685 0.1486625514403291
0 0.2928575638717421 0.9100618236549307 0.048225308641975315 0.08899176954732509
0 0.5783487118484225 0.928050221002896 0.0443672839506173 0.07201646090534973
0 0.21955563057270236 0.909032540771224 0.0489969135802469 0.08847736625514392
0 0.6327498070987655 0.9069792142966011 0.048611111111111036 0.09310699588477366
0 0.4491046167695473 0.6678302659655541 0.04398148148148151 0.14557613168724265
0 0.09763267318244172 0.6523848308184728 0.03549382716049383 0.1311728395061728
0 0.3457058041838134 0.9080032578875171 0.038580246913580196 0.08796296296296306
0 0.4510363082990398 0.9080070682822741 0.047839506172839524 0.09207818930041153
0 0.16862702546296296 0.9110896776406036 0.04513888888888889 0.08796296296296297
0 0.12232376328875172 0.9085171848803536 0.035108024691358035 0.08744855967078201
0 0.0729506923010974 0.8982400739216583 0.0489969135802469 0.09927983539094645
0 0.9371399176954733 0.6811837943910989 0.037037037037036986 0.12294238683127577
0 0.8977872620884774 0.6853004496265813 0.035879629629629685 0.12448559670781895
0 0.7126098465363512 0.6745094116750495 0.04706790123456794 0.13683127572016454
0 0.5254945773319615 0.9265070111263528 0.045524691358024685 0.07201646090534963
0 0.6821314514746228 0.9141703818015546 0.04706790123456786 0.08179012345679026
0 0.2546636552640604 0.4466254191434233 0.0489969135802469 0.13323045267489708
0 0.946784711505487 0.4738821254381954 0.03665123456790111 0.12602880658436205
0 0.5386132008744855 0.0005953741807651273 0.04745370370370373 0.0874485596707819
0 0.3569058641975309 0.0021262002743484224 0.05555555555555555 0.07407407407407407
0 0.30134709362139916 0.005206904435299497 0.050925925925925916 0.06790123456790123
0 0.1879227752057613 0.0036594078646547783 0.053240740740740755 0.06327160493827161
0 0.24579234182098766 0.006741540923639689 0.052083333333333294 0.058641975308641965
0 0.06524000128600822 0.000570130315500686 0.05671296296296296 0.06018518518518518
0 0.14123371056241427 0.0005729881115683585 0.04320987654320988 0.0632716049382716
0 0.4217238940329219 0.0036708390489254687 0.06018518518518516 0.07561728395061729
0 0.5941743827160494 0.00522357491236092 0.05555555555555555 0.08590534979423868
0 0.6042036394032922 0.7325874485596708 0.0532407407407408 0.08333333333333344
0 0.19678846236282582 0.6554479119036732 0.04205246913580246 0.10596707818930043
0 0.3399219821673525 0.6616136069196769 0.04320987654320988 0.09825102880658435
0 0.6597557120198903 0.0006010897729004725 0.04822530864197524 0.09362139917695474
