0 0.06298904538341157 0.06143605459920013 0.0704225352112676 0.43544600938967143
0 0.14749761590375587 0.07668285950269518 0.07262323943661973 0.42312206572769956
0 0.23551722662363067 0.08137334811337159 0.06029929577464791 0.4184272300469484
0 0.32446663487871674 0.138247152669101 0.11927816901408453 0.363262910798122
0 0.46926349765258213 0.1505678360285168 0.1056338028169015 0.35974178403755863
0 0.6013210338419406 0.17696922274387064 0.12764084507042256 0.3521126760563381
0 0.7531564822965572 0.1834012563032516 0.10871478873239432 0.32687793427230044
0 0.8873997456964007 0.20043579377499565 0.10915492957746473 0.34389671361502344
0 0.06741001564945227 0.5848629586158929 0.09859154929577464 0.3843896713615023
0 0.19240512519561817 0.5819297730829421 0.0915492957746479 0.3855633802816902
0 0.2896884780907668 0.6587653234220137 0.10915492957746484 0.339788732394366
0 0.41248196645148677 0.6587555425143453 0.10079225352112668 0.32922535211267595
0 0.5260569493348982 0.6757656277169188 0.12764084507042264 0.3198356807511737
0 0.6602870696400626 0.6605030646844027 0.10915492957746488 0.3151408450704226
0 0.782209140258216 0.6822150495565988 0.11355633802816906 0.3133802816901408
0 0.9001421288145539 0.6528592853416798 0.07790492957746488 0.2992957746478874
