0 0.02601904831768388 0.17812065292992524 0.07306338028169015 0.3280516431924883
0 0.1026044723200313 0.17636715353851504 0.0743838028169014 0.33568075117370894
0 0.182708577856025 0.17812771691879675 0.07218309859154928 0.33568075117370894
0 0.25841433147496085 0.1869316205877239 0.07438380281690142 0.33685446009389663
0 0.33411947378716744 0.18986643627195268 0.07570422535211271 0.3374413145539906
0 0.41290468505477307 0.1869457485654669 0.07570422535211263 0.3521126760563379
0 0.503125 0.20510889410537295 0.0633802816901408 0.32042253521126757
0 0.5832297168427231 0.21566249347939487 0.062059859154929516 0.3098591549295774
0 0.6659722222222222 0.2590495131281516 0.05633802816901413 0.26643192488262907
0 0.7346302205594679 0.2578796078942793 0.0506161971830985 0.2705399061032863
0 0.7980215057707355 0.35990208224656584 0.06646126760563394 0.1731220657276995
0 0.8759239901212832 0.36752249608763693 0.06294014084507041 0.16373239436619716
0 0.9533774696791864 0.3751445400799861 0.04665492957746472 0.15610328638497648
0 0.023811314064945226 0.6112415232133542 0.06294014084507042 0.352112676056338
0 0.09908426251956184 0.6370462745609459 0.07570422535211267 0.3339201877934271
0 0.1796266749804382 0.635291688402017 0.07086267605633804 0.3403755868544602
0 0.26193148474178407 0.6370489914797427 0.06866197183098591 0.33685446009389663
0 0.3327911042644757 0.6311858807163971 0.06426056338028173 0.3427230046948356
0 0.40277747212441317 0.6352900582507389 0.06998239436619716 0.3386150234741784
0 0.48639781396713616 0.6235334072335246 0.06073943661971839 0.3174882629107981
0 0.5629847662363067 0.6083115979829595 0.06426056338028169 0.3568075117370893
0 0.6444028755868546 0.6159097330898974 0.05281690140845059 0.3233568075117371
0 0.7179033401799687 0.6053463528082071 0.04841549295774649 0.3233568075117371
0 0.7799662558685447 0.6065244087984697 0.052816901408450516 0.3280516431924884
0 0.8499400919405321 0.6563581333681099 0.04049295774647877 0.2752347417840377
0 0.9287396689162754 0.6129727438706312 0.06117957746478879 0.3204225352112677
0 0.840713028169014 0.0030027386541471046 0.0633802816901408 0.073943661971831
0 0.9142086023082943 0.0006683620239958268 0.051936619718309866 0.0880281690140845
0 0.7460873312793428 0.0006504303599374022 0.06998239436619716 0.06866197183098591
0 0.6567396566901408 0.0029902408276821424 0.07130281690140852 0.06044600938967136
