0 0.18224853180727024 0.002194787379972565 0.21566358024691362 0.14814814814814814
0 0.4148692022462277 0.0037351394604481026 0.18942901234567905 0.14506172839506173
0 0.6123850630144032 0.0022019318701417467 0.16782407407407404 0.15586419753086417
0 0.7983434606481481 0.0037351394604481026 0.17013888888888903 0.14506172839506173
0 0.20037722908093278 0.1746337258039933 0.20987654320987656 0.2710905349794238
0 0.41138760288065845 0.16999980948026217 0.17592592592592596 0.2664609053497943
0 0.5996506344307271 0.16280768937661944 0.16358024691358025 0.2767489711934157
0 0.7871409893689988 0.15509163999390338 0.14969135802469127 0.2767489711934156
0 0.39324390217764055 0.5228214067977441 0.16010802469135801 0.2026748971193417
0 0.5714538323045267 0.5166571406797744 0.1157407407407408 0.21193415637860075
0 0.2173273533950617 0.5439105128791343 0.17361111111111108 0.2011316872427983
0 0.041403034979423874 0.5526582266422801 0.1759259259259259 0.20421810699588477
0 0.7519871506344308 0.5633235215668343 0.08371913580246905 0.05606995884773672
0 0.301336108967764 0.8313905083066605 0.035108024691358056 0.12397119341563799
0 0.33759055641289437 0.8267637364730985 0.019290123456790157 0.12705761316872433
0 0.36266610939643346 0.8267637364730985 0.016975308641975398 0.12705761316872433
0 0.38427024391289427 0.8282998018594726 0.015817901234567937 0.11934156378600826
0 0.4066478587962963 0.8221312490474012 0.017361111111111112 0.12397119341563788
0 0.434039566186557 0.8190391137021796 0.016975308641975318 0.11779835390946508
0 0.26738468792866943 0.8339653825636336 0.033950617283950595 0.12705761316872433
0 0.0038754393861454048 0.8689295648529186 0.025077160493827157 0.11059670781893016
0 0.02779519247256516 0.8509421201036428 0.025077160493827164 0.12860082304526751
0 0.05518850737311386 0.8524796143880506 0.027006172839506182 0.1224279835390946
0 0.0856623478223594 0.8524810432860845 0.02044753086419752 0.12397119341563767
0 0.11305727023319614 0.8540285398567292 0.02469135802469137 0.1286008230452674
0 0.1458531592935528 0.8478514136564548 0.028549382716049385 0.12397119341563778
0 0.18327599879972567 0.8416885764365188 0.028549382716049364 0.13477366255144022
0 0.21606920867626883 0.8339739559518365 0.028549382716049405 0.1363168724279836
0 0.24345716520919064 0.8355171658283798 0.02276234567901238 0.1363168724279835
0 0.4614377036179698 0.8082495046486816 0.02584876543209881 0.13168724279835387
0 0.5031014231824417 0.8097831885383325 0.02160493827160492 0.12139917695473249
0 0.5339648169581619 0.80412570492303 0.02044753086419754 0.1224279835390947
0 0.5632866083676269 0.8056732014936747 0.021604938271605 0.12705761316872424
0 0.590682602451989 0.8066996265813138 0.027391975308641982 0.12448559670781895
0 0.6211658200445817 0.7964320416095108 0.034336419753086427 0.14660493827160487
0 0.8098213520233195 0.7583666742874561 0.031635802469135874 0.14711934156378603
0 0.8495488254458163 0.759895595183661 0.01697530864197524 0.13168724279835398
0 0.8719317986968449 0.7465515927450084 0.026234567901234605 0.16460905349794244
0 0.7519432120198903 0.7809766041761926 0.020447530864197462 0.12139917695473249
0 0.7187722372256516 0.7840711210181376 0.03202160493827159 0.1301440329218106
0 0.6643724815672153 0.8041242760249961 0.029706790123456825 0.12088477366255143
0 0.6952339999142662 0.7933275224813291 0.02584876543209865 0.12705761316872433
0 0.7777984074931413 0.782518385154702 0.029706790123456825 0.11985596707818931
0 0.9074229466735255 0.7676173601585125 0.022376543209876507 0.13786008230452668
0 0.0028024262688614537 0.15345888584057307 0.14660493827160495 0.1800411522633745
