0 0.6536412485328639 0.4673855633802817 0.046214788732394395 0.26936619718309857
0 0.27864155418622844 0.08826997478699357 0.04665492957746484 0.26115023474178406
0 0.4564596782081377 0.0654087332637802 0.04841549295774649 0.28931924882629106
0 0.5290859741784039 0.45918916275430366 0.05281690140845075 0.2904929577464789
0 0.1818160700312989 0.43337300034776555 0.0545774647887324 0.2963615023474178
0 0.030852956279342723 0.06539840897235263 0.06205985915492958 0.278169014084507
0 0.6360343921165884 0.08592907755173014 0.04445422535211263 0.26819248826291076
0 0.15320569248826288 0.06069596591897062 0.05281690140845071 0.26995305164319255
0 0.593782399256651 0.46621783168144676 0.04665492957746472 0.2758215962441315
0 0.5189584555946791 0.07948780646844028 0.04665492957746488 0.2834507042253522
0 0.47362639377934274 0.47442999043644585 0.05017605633802818 0.27171361502347413
0 0.6950150992762129 0.07654973048165536 0.04709507042253528 0.27934272300469487
0 0.09598646566901409 0.06714919144496609 0.051496478873239444 0.2676056338028169
0 0.11006761052425666 0.44099939141018957 0.046654929577464796 0.2934272300469483
0 0.20998263888888888 0.07830431664058425 0.05105633802816902 0.272887323943662
0 0.7544365585876368 0.09350493392453488 0.050616197183098656 0.2106807511737089
0 0.4005584286971831 0.06892062250043471 0.04357394366197182 0.27934272300469487
0 0.36182878521126755 0.4685435141714484 0.04753521126760568 0.25234741784037557
0 0.584975914514867 0.08652951660580768 0.04137323943661981 0.2828638497652582
0 0.03964813184663537 0.43981644496609285 0.05105633802816901 0.28345070422535207
0 0.3363048953442879 0.07244229264475743 0.053697183098591596 0.27992957746478875
0 0.42300377787558685 0.483813141192836 0.04093309859154925 0.2646713615023474
0 0.3015322403169014 0.45976623630672925 0.051496478873239465 0.2799295774647888
0 0.24299442488262912 0.45974667449139284 0.05281690140845071 0.25880281690140855
0 0.8930686986502346 0.10938423752390888 0.03301056338028177 0.2476525821596244
0 0.8965937989045383 0.4679713310728569 0.03873239436619716 0.2681924882629108
0 0.7178999779929579 0.4779462267431751 0.043573943661971745 0.2664319248826291
0 0.9454534062010954 0.10177360459050598 0.04445422535211271 0.26760563380281693
0 0.00046764964788732397 0.42573737176143284 0.03961267605633803 0.28931924882629106
0 0.9450147936228481 0.47501195444270566 0.04665492957746488 0.2664319248826291
0 0.1056668133802817 0.8223406798817596 0.047535211267605626 0.17018779342723
0 0.22582556973787168 0.8282092244826986 0.04797535211267605 0.1701877934272299
0 0.16332923757824727 0.8164851764910451 0.05325704225352111 0.1842723004694837
0 0.3437869840571205 0.8170812684750478 0.05325704225352115 0.19424882629107973
0 0.5356886981611895 0.8305484915666841 0.05369718309859148 0.1613849765258215
0 0.2786482785602504 0.8293840201704051 0.05633802816901413 0.17136150234741804
0 0.4084824921752739 0.8088674795687706 0.045774647887323994 0.1965962441314554
0 0.9036421654929577 0.8528288558511563 0.04753521126760568 0.13967136150234738
0 0.022920945813771517 0.811205116501478 0.04841549295774649 0.18603286384976522
0 0.6030229117762128 0.848722504781777 0.04313380281690142 0.1414319248826292
0 0.6571681827073553 0.8229487263084682 0.05457746478873236 0.19307511737089209
0 0.9551368104460094 0.8563586767518692 0.04489436619718311 0.14906103286384983
0 0.47890380477308286 0.8235105851156321 0.04401408450704238 0.1660798122065728
0 0.7148134903169014 0.8334746131107634 0.035651408450704185 0.15258215962441316
0 0.8556463346048512 0.08822487393496782 0.01804577464788745 0.21244131455399062
