0 0.4780852650625978 0.5111931620587723 0.13292253521126765 0.04636150234741794
0 0.28437744522691705 0.23956268475047818 0.06690140845070426 0.136150234741784
0 0.3697644635172144 0.2518822813423752 0.06646126760563378 0.13145539906103287
0 0.47897227112676055 0.6702236567553469 0.14260563380281696 0.03873239436619721
0 0.14621203785211268 0.4806821639714833 0.12279929577464789 0.05223004694835675
0 0.4855597124413146 0.445468722830812 0.12147887323943654 0.04988262910798121
0 0.22234417791471048 0.6901832290036516 0.10519366197183098 0.045774647887323966
0 0.6563221341940533 0.75590929838289 0.10387323943661973 0.04401408450704225
0 0.47369761101330204 0.7242142670839853 0.15272887323943662 0.03873239436619732
0 0.6607198748043819 0.6813929099287082 0.09859154929577467 0.05927230046948351
0 0.5770879181338029 0.23195531211963136 0.09110915492957734 0.1596244131455399
0 0.4710527924491393 0.7617778429838289 0.14700704225352115 0.044014084507042354
0 0.10132989778951487 0.23195150843331594 0.14040492957746478 0.1555164319248826
0 0.34733928746087633 0.6631911841418884 0.09815140845070426 0.0492957746478874
0 0.6791941754694837 0.22668014258389843 0.08186619718309866 0.16666666666666669
0 0.31082899305555556 0.4988670448617631 0.12896126760563378 0.044014084507042354
0 0.005779905125195618 0.6397148322030951 0.08362676056338028 0.04694835680751171
0 0.48908206181533653 0.5657635628586333 0.12323943661971831 0.03873239436619721
0 0.15455912558685447 0.5440504912189184 0.10035211267605632 0.03931924882629108
0 0.6488412680946792 0.8034428794992176 0.10607394366197175 0.042253521126760535
0 0.3033426251956181 0.5581322813423752 0.12323943661971835 0.03638497652582163
0 0.6444135734546166 0.5000934620066075 0.06822183098591539 0.10093896713615028
0 0.8944285504694836 0.4877825595548601 0.08978873239436606 0.11502347417840368
0 0.8895885294405322 0.7388872587376109 0.09198943661971823 0.04049295774647882
0 0.0515994840571205 0.9695118240306034 0.1483274647887324 0.030516431924882716
0 0.34689822965571204 0.7324421839680056 0.09683098591549301 0.05164319248826288
0 0.07975046459311426 0.8744528125543384 0.12235915492957747 0.04284037558685451
0 0.21836885025430355 0.7623685011302384 0.08494718309859156 0.04812206572769945
0 0.3662897960680751 0.9595510563380281 0.13336267605633803 0.04753521126760558
0 0.6092261468114241 0.9037917318727179 0.10255281690140852 0.038732394366197104
0 0.36936038976917057 0.9026250869414015 0.11839788732394364 0.046361502347417836
0 0.12328161678403755 0.7377298513302034 0.06073943661971831 0.05809859154929587
0 0.47808465375586856 0.7975716179794817 0.13204225352112675 0.03931924882629119
0 0.34953601819248825 0.7852503912363067 0.09242957746478875 0.04225352112676064
0 0.8847546214788733 0.8075514041036341 0.10299295774647876 0.04284037558685451
0 0.4485545652386541 0.22608839766997046 0.07350352112676062 0.16138497652582154
0 0.051106770833333336 0.5370163884541819 0.07262323943661972 0.04812206572769955
0 0.05463462196791862 0.46366664493131626 0.08230633802816902 0.055751173708920285
0 0.0018125244522691707 0.7042606720570335 0.07482394366197183 0.038145539906103344
0 0.0026775234741784034 0.7435842679533994 0.05281690140845071 0.04284037558685451
0 0.9217044454225352 0.23781842288297683 0.07130281690140852 0.15375586854460094
0 0.9173060935054775 0.15383085550339073 0.07570422535211255 0.08098591549295775
0 0.004901151701877934 0.23187543470700747 0.0858274647887324 0.07335680751173712
0 0.0018421728286384979 0.16554077551730134 0.1175176056338028 0.05164319248826291
0 0.0027019757433489828 0.3122706920535559 0.08802816901408451 0.06924882629107983
0 0.002692194835680751 0.8580208876717093 0.07394366197183098 0.04284037558685451
0 0.004006198650234742 0.9096608198574161 0.06470070422535212 0.03931924882629108
0 0.003988470755086072 0.971270757259607 0.0391725352112676 0.028755868544600896
0 0.002671410406885759 0.529385106937924 0.04401408450704226 0.04577464788732386
0 0.7258335167253521 0.48720331246739695 0.059419014084507026 0.1232394366197184
0 0.7971103530907669 0.4784086463223788 0.022007042253521073 0.13204225352112675
0 0.8895958651212834 0.6983877803860199 0.10255281690140837 0.03345070422535217
0 0.49698197867762123 0.17199726134585291 0.0906690140845071 0.05281690140845067
0 0.06875672437402192 0.9272642801251955 0.13644366197183097 0.0369718309859155
