0 0.02429516334115806 0.20617990349504436 0.12588028169014084 0.20950704225352113
0 0.9309519879694835 0.6439760476438882 0.07790492957746488 0.21244131455399043
0 0.6105716329225351 0.5947634107111807 0.13864436619718318 0.30223004694835676
0 0.1220550298317684 0.588072726482351 0.19586267605633803 0.04812206572769945
0 0.33370409086463226 0.2724335985046079 0.11135563380281685 0.1437793427230047
0 0.10006571547339593 0.7383422448269866 0.22139084507042253 0.08568075117370892
0 0.3777536311619719 0.5939450747696053 0.16241197183098596 0.05223004694835675
0 0.18933178061424102 0.28063488958442007 0.10255281690140844 0.1279342723004695
0 0.6092316485719874 0.2970630107807338 0.11047535211267609 0.12382629107981215
0 0.38919698748043813 0.6690580985915493 0.16197183098591547 0.04753521126760558
0 0.12161855682707355 0.6520398626325857 0.20114436619718307 0.04812206572769945
0 0.43802847466744915 0.10341408015997218 0.1272007042253521 0.13791079812206578
0 0.47278095657277 0.27126423665449495 0.10035211267605636 0.1484741784037558
0 0.7117762128325509 0.09049241436271953 0.09859154929577459 0.12617370892018778
0 0.5863519659624413 0.12925469483568075 0.12147887323943654 0.1584507042253521
0 0.0282652948943662 0.033509933055120844 0.13864436619718312 0.06396713615023475
0 0.3169775161384977 0.05005488175969397 0.1095950704225352 0.18603286384976525
0 0.06125721341940532 0.10746554946965745 0.11179577464788733 0.07687793427230045
0 0.19110243055555556 0.05120739871326726 0.11707746478873236 0.1631455399061033
0 0.14836689407276996 0.4073318770648583 0.056778169014084494 0.059272300469483556
0 0.6928168402777779 0.43609263606329335 0.0506161971830985 0.0645539906103286
0 0.7734298586658842 0.634054946965745 0.14744718309859164 0.272300469483568
0 0.7426203051643193 0.2865213658494175 0.14788732394366189 0.14730046948356806
0 0.9261076877934272 0.05117207876890976 0.07394366197183094 0.125
0 0.8926802132237872 0.2923980612067466 0.10739436619718311 0.15610328638497653
0 0.39053055311032864 0.8069900886802296 0.1808978873239437 0.07042253521126757
0 0.38964293573943665 0.7248206833594159 0.17033450704225359 0.05985915492957737
0 0.11458822378716746 0.8392746913580247 0.21830985915492956 0.07863849765258227
0 0.6985967454029735 0.033499065379933926 0.13424295774647868 0.052230046948356805
