0 0.0004471557784636489 0.18756096631611036 0.08834876543209877 0.3436213991769548
0 0.1432280949931413 0.6283912513336382 0.13734567901234565 0.3292181069958848
0 0.28481974451303155 0.6304140946502057 0.14043209876543206 0.2916666666666667
0 0.08690334576474623 0.1870403711324493 0.1408179012345679 0.33693415637860086
0 0.43451190629286696 0.6324669448254839 0.14158950617283952 0.286522633744856
0 0.3998113854595336 0.12846460143270844 0.17283950617283952 0.40843621399176955
0 0.21656083890603564 0.1356586267337296 0.18094135802469136 0.40020576131687247
0 0.5853684413580248 0.1382187357110197 0.1527777777777778 0.38734567901234573
0 0.5977031357167353 0.6401677526291724 0.13695987654320993 0.2700617283950618
0 0.0004747513717421125 0.624252210028959 0.1280864197530864 0.3034979423868312
0 0.9197946137688613 0.7794772138393539 0.05979938271604952 0.1687242798353909
0 0.7373663087277091 0.6381420515165371 0.14081790123456808 0.3045267489711934
0 0.9410132137345679 0.28736806508154245 0.059027777777777776 0.35751028806584373
