0 0.46928672730829424 0.7044677012693444 0.13908450704225359 0.26173708920187805
0 0.348233934859155 0.5793660885063466 0.11883802816901405 0.15199530516431917
0 0.6251033108372457 0.6074655494696575 0.14876760563380284 0.07687793427230044
0 0.6224425982981221 0.3059033211615371 0.12015845070422533 0.1643192488262911
0 0.4745623043818466 0.25488447661276303 0.13028169014084515 0.20481220657276997
0 0.6308092478482002 0.14452649539210574 0.12588028169014087 0.1731220657276995
0 0.19112107541079812 0.7337316336289341 0.14392605633802819 0.17664319248826288
0 0.003168402777777778 0.23609643974960876 0.12588028169014087 0.1954225352112676
0 0.2034398229655712 0.6579247087463049 0.13644366197183097 0.0657276995305164
0 0.0005205276799687011 0.11512508694140149 0.11575704225352114 0.10974178403755869
0 0.6378618935837246 0.6967440445139976 0.1408450704225352 0.1596244131455398
0 0.4640056484741784 0.5459246218049034 0.1399647887323944 0.1619718309859154
0 0.08678691070031298 0.5687967310033037 0.11399647887323942 0.1455399061032864
0 0.7874743251173708 0.6989974569640063 0.08978873239436622 0.05809859154929577
0 0.7553498508411582 0.6021822291775344 0.09815140845070418 0.07511737089201873
0 0.21663671263693268 0.6168275082594332 0.12588028169014087 0.0469483568075116
0 0.3477989901212833 0.7396463658494176 0.12632042253521125 0.22652582159624415
0 0.7628435543818467 0.29415862458702835 0.11443661971830986 0.15610328638497648
0 0.8865209922730829 0.266610698139454 0.11135563380281689 0.19307511737089203
0 0.7725367395344288 0.16034494001043298 0.12896126760563395 0.14436619718309857
0 0.7751772789514866 0.7859361415406018 0.12852112676056338 0.14906103286384972
0 0.888714360817684 0.6913574813075987 0.10079225352112675 0.04636150234741773
0 0.08238519659624413 0.7218951051990958 0.11355633802816902 0.06924882629107983
0 0.6215179968701096 0.8592119848721962 0.05633802816901413 0.0616197183098592
0 0.27512562353286385 0.919652560424274 0.054137323943662 0.055751173708920285
0 0.2033866392801252 0.9208164884367936 0.05985915492957747 0.045187793427230095
0 0.8979582355242567 0.7489914797426535 0.10211267605633796 0.17840375586854448
0 0.0511538414514867 0.7912357633455052 0.1404049295774648 0.1684272300469483
0 0.6893058000782474 0.8609828725439054 0.06514084507042242 0.07276995305164315
0 0.8517737064749609 0.5904625282559555 0.14568661971830987 0.09389671361502352
0 0.9137898571987481 0.1655744653103808 0.08274647887323947 0.0880281690140845
