0 0.1698232810356653 0.5495032197835696 0.10108024691358024 0.1301440329218106
0 0.29793327760631 0.10503067367779302 0.13503086419753083 0.09979423868312758
0 0.1389923053840878 0.20032150205761318 0.14891975308641975 0.23611111111111113
0 0.30679253472222223 0.23268699512269472 0.11458333333333329 0.1908436213991769
0 0.4352867262517146 0.20956647233653405 0.14621913580246912 0.22067901234567902
0 0.6872079689643348 0.2696906912056089 0.13503086419753088 0.15483539094650206
0 0.524788344478738 0.5315314929126657 0.13966049382716048 0.1651234567901236
0 0.679110135888203 0.1215363511659808 0.14081790123456778 0.1481481481481481
0 0.4703845700445817 0.0006168076512726719 0.13155864197530856 0.11059670781893004
0 0.006261252572016461 0.27124342706904436 0.12731481481481483 0.1651234567901235
0 0.4476294581618656 0.11119875019051974 0.14197530864197525 0.09465020576131687
0 0.40016289437585734 0.5556903482700808 0.12345679012345674 0.14557613168724284
0 0.04405489111796982 0.5453894223441549 0.10570987654320986 0.13168724279835387
0 0.2890365119170096 0.557207837982015 0.10146604938271611 0.11779835390946497
0 0.8280124742798353 0.27893899557994206 0.1157407407407408 0.14300411522633752
0 0.8268588177297668 0.13233024691358025 0.1211419753086419 0.1388888888888889
0 0.6713804226680384 0.5433475270538027 0.12114197530864199 0.1486625514403292
0 0.7982751414609054 0.5417809785093736 0.07175925925925937 0.12345679012345671
0 0.8812473208161866 0.5284269737844841 0.10725308641975302 0.14557613168724265
0 0.26975898062414266 0.696636850327694 0.11959876543209877 0.14557613168724276
0 0.14244470164609055 0.6997127914951988 0.12037037037037036 0.13425925925925927
0 0.4024817279663923 0.711554545800945 0.12924382716049382 0.14557613168724276
0 0.02631360382373114 0.695073635878677 0.11381172839506175 0.12397119341563788
0 0.5351924189814815 0.6997285093735711 0.12152777777777778 0.1512345679012346
0 0.6663724922839507 0.7038356386221613 0.13194444444444436 0.1424897119341564
0 0.6328111604080934 0.9311356881572931 0.13695987654320976 0.07098765432098762
0 0.2342565800754458 0.9342059137326626 0.10725308641975305 0.05349794238683122
0 0.08417164994855966 0.8909936556927298 0.09606481481481483 0.05092592592592592
0 0.3789172346536351 0.9208495275110502 0.08526234567901231 0.07304526748971185
0 0.7936747149348423 0.6858429545800945 0.11381172839506175 0.15483539094650212
0 0.9132499035493827 0.6868889079408628 0.0798611111111111 0.17335390946502052
0 0.08221450617283951 0.15956837753391254 0.05555555555555555 0.11162551440329217
0 0.0038912465706447187 0.11537637174211249 0.047839506172839504 0.16203703703703698
0 0.05634269975994513 0.14568949093126046 0.02237654320987655 0.12242798353909468
0 0.14477451989026063 0.1019442539247066 0.14197530864197533 0.09979423868312756
0 0.6042124807098765 0.22292000076207893 0.06597222222222214 0.19804526748971196
0 0.950266042952675 0.1426245046486816 0.04976851851851841 0.14557613168724284
0 0.9514226466049382 0.2897490855052583 0.04861111111111111 0.15123456790123455
0 0.0015732167352537725 0.5556522443225118 0.043209876543209874 0.10442386831275725
0 0.0027164244684499315 0.6662880086877 0.022762345679012346 0.14660493827160498
0 0.0050564236111111105 0.8869098651120257 0.059027777777777776 0.0848765432098764
0 0.07335658864883403 0.958371913580247 0.07793209876543208 0.041666666666666664
0 0.1616951731824417 0.9624833295229387 0.06327160493827162 0.03755144032921799
0 0.4919747728052127 0.9110906302392928 0.11033950617283944 0.08899176954732509
0 0.7778402027606309 0.9234043971955495 0.08989197530864207 0.054526748971193334
0 0.8800958076131686 0.920330361225423 0.1157407407407408 0.06790123456790116
