0 0.15939643347050755 0.733154721079104 0.08641975308641976 0.14043209876543206
0 0.49540332433127565 0.767619265355891 0.04745370370370373 0.139917695473251
0 0.17365263846021947 0.27945435147081243 0.059799382716049405 0.14403292181069952
0 0.09417920524691359 0.27892708809632677 0.0625 0.13014403292181068
0 0.6292765132030179 0.5083576245999085 0.04706790123456786 0.13734567901234582
0 0.3468717849794239 0.012528101661332112 0.05092592592592595 0.1970164609053498
0 0.36000728737997256 0.3046386793171773 0.07716049382716048 0.12088477366255143
0 0.717628761574074 0.5571911675049536 0.052083333333333336 0.09979423868312752
0 0.09108340835048012 0.002249561804602957 0.04899691358024692 0.20730452674897118
0 0.22923712920096023 0.09269642584971803 0.10146604938271603 0.11213991769547325
0 0.24620118527091905 0.29538180155464105 0.08526234567901234 0.12345679012345677
0 0.4626197595164609 0.31748828303612253 0.0613425925925927 0.10956790123456793
0 0.28979204175240053 0.5037260897729005 0.07831790123456793 0.13528806584362138
0 0.008534272119341563 0.4769875971650663 0.06712962962962962 0.14660493827160498
0 0.04131435399519891 0.005336457857033988 0.0482253086419753 0.2078189300411523
0 0.6751816486625514 0.49139422344154854 0.0393518518518519 0.1502057613168725
0 0.40473036694101505 0.046959781283340954 0.033950617283950636 0.16100823045267487
0 0.24193217378257886 0.5176064052735864 0.048996913580246944 0.1260288065843621
0 0.4768695344650205 0.07933575293400397 0.025462962962962937 0.1270576131687243
0 0.05750814471879286 0.2845645671391556 0.033950617283950636 0.10751028806584365
0 0.1605168681412894 0.0007092097241274197 0.03317901234567905 0.21039094650205764
0 0.4429226680384088 0.06905864197530866 0.030864197530864126 0.13888888888888887
0 0.5571354702503429 0.36013993674744704 0.05285493827160492 0.06224279835390947
0 0.713380111882716 0.13120856195701872 0.04513888888888889 0.038580246913580266
0 0.11886332947530866 0.48162056089010824 0.052083333333333336 0.15020576131687238
0 0.24736770190329216 0.003680365035817711 0.09837962962962964 0.08590534979423868
0 0.62272001457476 0.362191834324036 0.05015432098765429 0.05606995884773661
0 0.8619212962962963 0.0670096021947874 0.05555555555555555 0.14814814814814814
0 0.7735851230281207 0.06906292866941016 0.07368827160493825 0.1435185185185185
0 0.7897698045267489 0.5638779340039628 0.04629629629629635 0.09927983539094645
0 0.6894700038580247 0.36118017451607987 0.05902777777777786 0.07458847736625514
0 0.7678096064814816 0.34525034293552814 0.09027777777777778 0.09259259259259259
0 0.8445478609396433 0.5401963305898491 0.037808641975308574 0.0787037037037037
0 0.4001304762517146 0.7655459343087944 0.07677469135802469 0.12294238683127577
0 0.26045229981138546 0.7465320644718793 0.051311728395061706 0.14351851851851852
0 0.08182522076474623 0.7274896166742876 0.050540123456790126 0.13323045267489703
0 0.6489454732510289 0.813366864807194 0.0370370370370369 0.10288065843621408
0 0.3295232660322359 0.7542395404663923 0.06905864197530866 0.13425925925925927
0 0.6003319508744855 0.8195220812376163 0.03356481481481476 0.0838477366255145
0 0.5864502957818931 0.7166461857948484 0.04398148148148135 0.08899176954732509
0 0.034752229080932784 0.722346536351166 0.043209876543209874 0.13425925925925927
0 0.807511359739369 0.8082414075598232 0.03858024691358016 0.12294238683127566
0 0.12155055084019203 0.9347307956104253 0.032793209876543196 0.06481481481481471
0 0.5494097758058984 0.826199798049078 0.03896604938271611 0.0735596707818929
0 0.07139971279149519 0.9331899672306051 0.03780864197530865 0.0673868312757202
0 0.6952583804869685 0.769177240512117 0.06095679012345675 0.15586419753086422
0 0.756591595936214 0.7464915790275872 0.04745370370370381 0.09979423868312762
0 0.0007927704903978053 0.03103471269623533 0.03047839506172839 0.18415637860082307
0 0.19446828918038406 0.008437642889803384 0.034336419753086427 0.22376543209876545
0 0.5023627722050754 0.17749580856576744 0.06905864197530866 0.028806584362139894
0 0.5077546296296297 0.14406388126809938 0.055555555555555476 0.03343621399176955
0 0.5100796253429355 0.10806374790428287 0.07021604938271603 0.04218106995884775
0 0.5725710519547325 0.027941624752324343 0.057870370370370315 0.17695473251028807
0 0.6439453125 0.1610558603871361 0.059027777777777776 0.051440329218106984
0 0.7110725308641974 0.17441939109891785 0.055555555555555636 0.03960905349794238
0 0.08104155949931413 0.5057803688462124 0.033179012345679 0.13168724279835398
0 0.19138856738683124 0.4955146890717878 0.04398148148148147 0.15586419753086422
0 0.46147172925240054 0.48627210028959006 0.07484567901234564 0.1738683127572017
0 0.5567585090877915 0.4862387593354672 0.06558641975308643 0.13786008230452676
0 0.8495614176097396 0.626582742722146 0.03510802469135794 0.04269547325102889
0 0.6450885202331962 0.7223017642127724 0.03858024691358024 0.08590534979423874
0 0.7519619663065844 0.8611673144337754 0.04745370370370365 0.06069958847736624
0 0.0050419560185185185 0.9249666590458772 0.03819444444444445 0.07510288065843619
0 0.27975474751371743 0.9522047896662093 0.06905864197530866 0.04783950617283957
0 0.385441047239369 0.9671086724584669 0.035108024691358014 0.03292181069958836
0 0.44986523705418385 0.9599136945587563 0.028163580246913494 0.040123456790123385
0 0.5000305426954733 0.9624809480262155 0.04398148148148151 0.03497942386831259
0 0.5486338841735254 0.7341168457552203 0.0327932098765431 0.06841563786008223
