0 0.5949569723079561 0.1401205989940558 0.07137345679012341 0.2191358024691358
0 0.09959463948902607 0.4951017375400092 0.08294753086419752 0.26543209876543206
0 0.2612338177297668 0.49046829751562265 0.06558641975308639 0.2613168724279835
0 0.48231979809670783 0.4853423639689072 0.09606481481481484 0.2808641975308641
0 0.5760483646262002 0.48173820682822743 0.06520061728395063 0.27726337448559674
0 0.6736681777263376 0.13549096936442617 0.08217592592592596 0.2191358024691358
0 0.00931900505829904 0.13549906645328458 0.08603395061728396 0.227880658436214
0 0.010091681670096022 0.49562757201646096 0.08757716049382717 0.2777777777777778
0 0.10384784379286695 0.08204923030025911 0.0964506172839506 0.279835390946502
0 0.32953478652263374 0.4812161827465325 0.08564814814814817 0.2690329218106996
0 0.4834549682784636 0.141663808870599 0.06404320987654326 0.2191358024691358
0 0.4128552597736626 0.47710190900777316 0.06712962962962961 0.2700617283950617
0 0.18485377014746227 0.4930431717725956 0.07831790123456793 0.26440329218107006
0 0.19603266460905353 0.15913732662703858 0.0648148148148148 0.20164609053497942
0 0.3148659872256516 0.13395061728395063 0.07368827160493825 0.2222222222222222
0 0.2677771883573389 0.16067910760554793 0.04359567901234567 0.20010288065843623
0 0.4433140967935528 0.14936985596707816 0.038966049382716035 0.20833333333333334
0 0.3893108603395062 0.1406316681908246 0.052083333333333336 0.21553497942386832
0 0.5463300540123457 0.13497561347355586 0.04861111111111119 0.21810699588477364
0 0.7454378858024691 0.476597508001829 0.09722222222222222 0.2808641975308642
0 0.6416572895233196 0.4781392889803383 0.09760802469135793 0.27932098765432106
0 0.8430370691872427 0.4729862063709801 0.0844907407407408 0.2695473251028806
0 0.797892018175583 0.13138622161255906 0.0756172839506173 0.23045267489711935
0 0.8746616190843621 0.13600775415333027 0.06828703703703698 0.22170781893004113
0 0.5413355195473251 0.8509597431793934 0.07870370370370373 0.14763374485596698
0 0.6211883251886146 0.8340001524157903 0.0667438271604938 0.16460905349794233
0 0.2994293338477366 0.8514750990702638 0.06712962962962968 0.1486625514403292
0 0.035164555469821675 0.8386269242493523 0.08140432098765432 0.16152263374485598
0 0.12042797282235938 0.829376238378296 0.08294753086419754 0.17078189300411523
0 0.23538398062414265 0.8519890260631001 0.06404320987654322 0.14814814814814814
0 0.7245847265089165 0.8097979538180156 0.0686728395061727 0.1373456790123456
0 0.37702974965706443 0.8602118579484835 0.14506172839506173 0.139917695473251
0 0.778980999228395 0.8247508954427679 0.06597222222222222 0.17541152263374488
0 0.19023035622427986 0.8277892089620484 0.04282407407407405 0.12345679012345671
