0 0.6893128301056338 0.5423616544948705 0.0752640845070423 0.1167840375586854
0 0.6162353897691705 0.5546866849243609 0.05501760563380292 0.11795774647887325
0 0.2724948650234742 0.25245555120848545 0.06866197183098587 0.11678403755868545
0 0.7808599863067293 0.4185424274039298 0.07218309859154932 0.12441314553990614
0 0.23904049295774646 0.5335838332463919 0.06338028169014089 0.14377934272300458
0 0.30064553990610327 0.7689184489653974 0.042253521126760535 0.15023474178403745
0 0.1888546557120501 0.5470592070944184 0.04929577464788729 0.11971830985915496
0 0.31210876369327073 0.5054267736045905 0.0704225352112676 0.15669014084507035
0 0.418610316412363 0.264176338897583 0.05237676056338027 0.09917840375586856
0 0.6594092331768389 0.22311934880890277 0.1126760563380281 0.12382629107981218
0 0.16993196156103285 0.27708007303077725 0.054137323943661976 0.09154929577464788
0 0.429173085387324 0.5576073726308468 0.05149647887323938 0.10328638497652586
0 0.8415871967918622 0.018878238567205705 0.05457746478873244 0.1068075117370892
0 0.39308031347809075 0.7659809163623718 0.04973591549295778 0.14671361502347413
0 0.8811971219679186 0.5452861458876717 0.0506161971830985 0.10622065727699542
0 0.03394158352895149 0.7712577160493828 0.07306338028169014 0.1414319248826291
0 0.541000647985133 0.2184315771170231 0.09727112676056338 0.13145539906103285
0 0.3574301276408451 0.2583110545992001 0.051496478873239465 0.10269953051643194
0 0.13339354704616588 0.5623081855329507 0.044454225352112686 0.10974178403755874
0 0.42390331572769957 0.0030809859154929575 0.06866197183098595 0.15845070422535212
0 0.7152631064162753 0.43025669448791515 0.04929577464788745 0.09976525821596242
0 0.6162705399061033 0.000719983481133716 0.1056338028169015 0.14377934272300472
0 0.4996329103090767 0.0007248739349678317 0.10519366197183101 0.14906103286384975
0 0.49299595314945227 0.5664107329160147 0.055017605633802764 0.10387323943661962
0 0.07265258215962442 0.5599662015301686 0.04225352112676057 0.11561032863849766
0 0.5409654978482002 0.7730008911493653 0.04665492957746488 0.12265258215962442
0 0.5915752763106417 0.4337756477134412 0.03741197183098587 0.09741784037558679
0 0.20689431729264476 0.7718423969744392 0.04049295774647889 0.1390845070422536
0 0.9040829176447573 0.007732894279255781 0.04841549295774649 0.11208920187793428
0 0.0009224618544600939 0.5664232307424797 0.06073943661971831 0.11737089201877927
0 0.49606532423708927 0.2612388062945575 0.03829225352112676 0.09565727699530513
0 0.6505575117370892 0.4331920535559033 0.04225352112676062 0.10093896713615028
0 0.27249211414319247 0.01951182403060337 0.06470070422535214 0.1572769953051643
0 0.5581328247261346 0.5664074726134586 0.04929577464788737 0.1003521126760563
0 0.12768761003521126 0.0406320639888715 0.06734154929577467 0.15023474178403756
0 0.11975070911580593 0.2712169622674318 0.046654929577464796 0.09741784037558679
0 0.058580301251956186 0.0435723135106938 0.05985915492957747 0.15669014084507044
0 0.39175133264866985 0.5376592114414883 0.03741197183098595 0.1085680751173709
0 0.036145649941314556 0.4490246261519736 0.0779049295774648 0.08744131455399064
0 0.22978836561032867 0.26593907581290205 0.05017605633802818 0.10152582159624414
0 0.7861658230633802 0.20258813684576596 0.10695422535211271 0.13321596244131456
0 0.9014750831377152 0.20844853069031472 0.09595070422535201 0.12441314553990614
0 0.783939443955399 0.5540775517301338 0.06998239436619716 0.09389671361502352
0 0.8724095877347418 0.41384107111806645 0.07262323943661973 0.11737089201877927
0 0.7830518265845072 0.025333637628238568 0.059419014084507026 0.1068075117370892
0 0.9436952880477308 0.5288601982263955 0.04797535211267608 0.1126760563380281
0 0.8785614730046948 0.8346173491566683 0.058098591549295815 0.11913145539906109
0 0.7557536189358374 0.8357948617631716 0.04577464788732376 0.12323943661971828
0 0.25134884829812204 0.7665878760215615 0.04093309859154933 0.16842723004694837
0 0.7988901726330203 0.8328649365327768 0.049735915492957694 0.12793427230046944
0 0.3459834091353678 0.7642410015649452 0.04709507042253516 0.16901408450704225
0 0.14880672926447575 0.7653978655885934 0.05633802816901407 0.15082159624413144
0 0.4894699359350548 0.79239534428795 0.047975352112676006 0.15316901408450703
0 0.6593630795187794 0.8527902756042427 0.046214788732394395 0.09800469483568072
0 0.7073356807511737 0.8528005998956703 0.04225352112676062 0.10915492957746488
0 0.6083021566901409 0.858075226047644 0.039612676056338045 0.10152582159624404
0 0.450731428501565 0.7947384150582507 0.03917253521126764 0.14847417840375585
0 0.6100972589006259 0.7553583072509129 0.08934859154929574 0.08274647887323935
0 0.9388607687793425 0.8516268909754825 0.058098591549295815 0.10915492957746467
0 0.004873031592331768 0.11042590419057555 0.04533450704225352 0.10504694835680752
0 0.19722497310250392 0.02538091201530169 0.06029929577464791 0.15786384976525822
0 0.3363238458528951 0.0036787080507737786 0.08098591549295774 0.17018779342723006
0 0.7262654049295775 0.03179284037558685 0.04753521126760568 0.11091549295774648
0 0.9590919649843506 0.0006982481307598679 0.036091549295774746 0.12030516431924883
0 0.06297957012910797 0.317554012345679 0.056778169014084494 0.07100938967136154
0 0.032607406592331765 0.25416503651538863 0.053257042253521125 0.0616197183098592
0 0.00047620794209702667 0.32166199356633624 0.05193661971830986 0.07100938967136154
0 0.003543745109546166 0.44552523474178407 0.032570422535211266 0.11091549295774654
0 0.11713553892801253 0.4484285341679708 0.08362676056338027 0.07746478873239447
0 0.5502044821009389 0.4349634846113719 0.04093309859154941 0.11267605633802814
0 0.5132259267410015 0.4578220092157886 0.03125 0.08157276995305161
0 0.42784257629107975 0.42849830464267086 0.03697183098591555 0.10211267605633796
