0 0.750934076682316 0.18148093809772217 0.07746478873239447 0.15434272300469482
0 0.6827052156690141 0.1732698661102417 0.06734154929577467 0.15962441314553993
0 0.38738262910798127 0.42268029473135105 0.08450704225352115 0.1566901408450704
0 0.48288188331377147 0.42443814119283596 0.06822183098591547 0.153755868544601
0 0.7540049760367762 0.6979476395409494 0.06294014084507041 0.19190140845070414
0 0.16908163390062597 0.25827247435228656 0.0972711267605634 0.06103286384976527
0 0.4798287118544601 0.6504200356459745 0.108274647887324 0.20011737089201895
0 0.27429546899452273 0.24714451834463574 0.12632042253521128 0.085093896713615
0 0.548892923513302 0.21427414797426536 0.05369718309859163 0.07805164319248821
0 0.3689092454029733 0.6457224830464267 0.10255281690140852 0.19718309859154928
0 0.2795646273474178 0.1731818379412276 0.10827464788732391 0.06455399061032863
0 0.5982195691510173 0.6610029777430012 0.09815140845070426 0.221244131455399
0 0.13168311081768386 0.05815782037906451 0.11663732394366198 0.06396713615023475
0 0.6157924980438185 0.20254792644757433 0.05105633802816898 0.08978873239436616
0 0.8794552034428794 0.18382889932185706 0.07746478873239447 0.15492957746478872
0 0.7047663585680751 0.0393877151799687 0.14524647887323947 0.07394366197183098
0 0.04852736208920188 0.7248701312815163 0.16109154929577463 0.11326291079812197
0 0.25624663781298906 0.0388079247087463 0.12191901408450702 0.08157276995305164
0 0.05860750440140845 0.2711767518692402 0.09903169014084509 0.05399061032863841
0 0.6387259756455399 0.4168188141192836 0.11751760563380284 0.1643192488262911
0 0.25051624853286386 0.6521648408972354 0.10959507042253516 0.18309859154929575
0 0.16820440874413145 0.19137867327421318 0.10167253521126758 0.0692488262910798
0 0.7540028364632239 0.43499337071813593 0.05985915492957743 0.14495305164319258
0 0.4727519195031299 0.2037178316814467 0.058538732394366216 0.08568075117370892
0 0.54852063771518 0.030012171796209356 0.15140845070422543 0.0892018779342723
0 0.41024886296948354 0.2295258433315945 0.054137323943661955 0.07100938967136151
0 0.37687029293818464 0.037639649626151975 0.1580105633802817 0.08744131455399061
0 0.5669466451486699 0.4402696270213876 0.06514084507042249 0.13908450704225345
0 0.816985463125978 0.4033396365849418 0.12103873239436622 0.18427230046948356
0 0.9278661116001564 0.4191961180664232 0.07086267605633813 0.1965962441314554
0 0.9604181949334899 0.1973281820552947 0.04445422535211271 0.1566901408450704
0 0.8385294405320812 0.7342402408276821 0.08802816901408445 0.09213615023474181
0 0.005767067683881064 0.4367017692575204 0.06514084507042255 0.08861502347417832
0 0.15899140502738654 0.44431294557468265 0.14480633802816903 0.06924882629107983
0 0.32179308489827857 0.42150767257868194 0.07218309859154928 0.1578638497652582
0 0.006238996478873239 0.011256194574856547 0.11091549295774648 0.11443661971830986
