0 0.6246066241197183 0.8534222309163624 0.06734154929577467 0.14671361502347413
0 0.38824518290297344 0.5224335985046079 0.058978873239436624 0.1437793427230047
0 0.5911531690140845 0.08351971396278908 0.06338028169014073 0.20129107981220654
0 0.520288353384194 0.08293285950269519 0.06029929577464799 0.20129107981220656
0 0.4577840742370892 0.07824997826464963 0.05413732394366188 0.21420187793427228
0 0.739473909428795 0.0940771170231264 0.05369718309859148 0.19483568075117375
0 0.6664157252543036 0.08353003825421665 0.06117957746478879 0.21244131455399057
0 0.5898229655712051 0.43855579464440964 0.04929577464788729 0.1895539906103286
0 0.7267150210289515 0.5148517649104504 0.06117957746478879 0.1948356807511737
0 0.802424442488263 0.09935391671013738 0.06866197183098595 0.18955399061032865
0 0.6646502714201877 0.5201225873761085 0.05413732394366204 0.18309859154929575
0 0.5440412876564945 0.4379673100330377 0.03917253521126764 0.18779342723004694
0 0.12460326193270735 0.39271811424100156 0.06249999999999998 0.12147887323943662
0 0.11623661238262911 0.5353318988002086 0.05677816901408451 0.13028169014084515
0 0.4375333162167449 0.37393225091288473 0.04797535211267608 0.11443661971830986
0 0.4899082428599375 0.437372848200313 0.04533450704225343 0.17957746478873243
0 0.18181759829812205 0.5458958224656582 0.056778169014084494 0.1308685446009389
0 0.17478787656494524 0.7700774865240828 0.0748239436619718 0.13438967136150234
0 0.05242260856807511 0.3862849939141019 0.06602112676056339 0.1455399061032863
0 0.37548109839593113 0.11871304990436447 0.058978873239436624 0.181924882629108
0 0.3759123752934273 0.3827258302903843 0.04621478873239432 0.10446009389671355
0 0.05197390942879499 0.5394339027995131 0.05369718309859155 0.12382629107981215
0 0.19150405907668236 0.38862263084680926 0.061619718309859114 0.13497652582159622
0 0.32045799100156497 0.412627151799687 0.05105633802816898 0.073943661971831
0 0.2940577929381847 0.13336050252130066 0.06294014084507044 0.15610328638497653
0 0.1131476794796557 0.7870609459224482 0.04533450704225353 0.096244131455399
0 0.32794435886150236 0.5288748695878979 0.05677816901408453 0.12852112676056332
0 0.004874254205790297 0.10052436532776908 0.04709507042253521 0.18603286384976528
0 0.7988904782863849 0.5107432403060337 0.050176056338028255 0.19424882629107992
0 0.5625369840571205 0.862220700747696 0.05325704225352115 0.14201877934272308
0 0.7544420603482002 0.8516681881411928 0.058538732394366216 0.15375586854460088
0 0.448973616001565 0.8592820813771518 0.043133802816901344 0.1373239436619718
0 0.5097127469679186 0.8510791601460617 0.04269366197183102 0.1514084507042252
0 0.824863678599374 0.8522409146235437 0.05721830985915485 0.13849765258215965
0 0.7060152582159624 0.8499114284472267 0.04225352112676046 0.1578638497652582
0 0.2649996332159624 0.8780288210745957 0.05017605633802821 0.10211267605633813
0 0.17038371723395934 0.9038303121196314 0.07086267605633802 0.08039906103286366
0 0.3904324383802817 0.875689010606851 0.039612676056338045 0.11032863849765262
0 0.10831346586463222 0.9190825508607199 0.055897887323943664 0.0739436619718311
0 0.3297036996283255 0.8827290905929404 0.05501760563380284 0.10798122065727703
0 0.04889445178012519 0.8997272213528081 0.05589788732394366 0.08568075117370902
0 0.26192659428794995 0.5147974265345157 0.061619718309859156 0.13615023474178417
0 0.21572372603677617 0.1274946748391584 0.07878521126760564 0.15903755868544603
0 0.05598713810641628 0.08587365240827681 0.12852112676056335 0.20833333333333334
