0 0.022034947273662554 0.059782712238987956 0.06365740740740741 0.12088477366255143
0 0.002728212877229081 0.17911332114007011 0.03973765432098766 0.10905349794238688
0 0.04131569358710563 0.18066177030940406 0.05015432098765433 0.11471193415637862
0 0.07874549897119343 0.060811995122694716 0.06018518518518518 0.12139917695473249
0 0.09147296167695475 0.18528711324493216 0.05439814814814813 0.110082304526749
0 0.1335254308127572 0.0566948635878677 0.05439814814814813 0.11934156378600823
0 0.1458719135802469 0.1806551021185795 0.05555555555555555 0.10751028806584365
0 0.18792599022633744 0.058238073464410914 0.0578703703703704 0.11934156378600826
0 0.20258085776748974 0.18374247447035513 0.04976851851851853 0.10853909465020574
0 0.24695457175925925 0.06388412589544276 0.059027777777777776 0.10596707818930043
0 0.2523544667352538 0.18220069349184573 0.05709876543209873 0.11008230452674897
0 0.3036667309670782 0.06234663161103491 0.05787037037037036 0.11213991769547325
0 0.3094543038408779 0.18066462810547174 0.058641975308641986 0.11779835390946497
0 0.36384387860082307 0.05670200807803688 0.04629629629629627 0.1270576131687243
0 0.3661554783950617 0.18220498018594727 0.04166666666666675 0.11471193415637865
0 0.41592265732167355 0.056697721383935376 0.03973765432098762 0.12242798353909463
0 0.41013883530521256 0.17603785627190977 0.0443672839506173 0.12088477366255149
0 0.45682789994855966 0.056692005791800025 0.054398148148148175 0.1162551440329218
0 0.4579861111111111 0.17758106614845298 0.05555555555555555 0.12088477366255138
0 0.5181729038065843 0.05670057918000304 0.0578703703703704 0.12551440329218105
0 0.5147014853395062 0.18529425773510136 0.059027777777777776 0.11779835390946503
0 0.5725718557098766 0.05053345526596555 0.059027777777777776 0.13168724279835392
0 0.5783564814814816 0.18529854442920288 0.055555555555555476 0.12242798353909466
0 0.6339160558127571 0.17450321978356959 0.0613425925925927 0.1301440329218107
0 0.6620606138545954 0.05669629248590154 0.03395061728395055 0.12088477366255146
0 0.6960294495884773 0.05670057918000304 0.06018518518518524 0.12551440329218105
0 0.6983397097908094 0.18066605700350558 0.05362654320987651 0.1193415637860082
0 0.7585192686899862 0.056707247370827614 0.04552469135802476 0.13271604938271606
0 0.750804558899177 0.18838210638622163 0.04745370370370365 0.11934156378600823
0 0.809840374228395 0.05208762002743484 0.059027777777777776 0.14351851851851852
0 0.8028967335390946 0.1971188652644414 0.06018518518518524 0.11059670781893005
0 0.942554816100823 0.18839163237311385 0.056712962962963014 0.12962962962962965
0 0.002752057613168724 0.3591344688309709 0.07407407407407407 0.08744855967078191
0 0.0062210648148148156 0.45430622237463797 0.06944444444444445 0.095164609053498
0 0.07219623413923182 0.44815338744093886 0.07368827160493828 0.1167695473251029
0 0.12659357853223593 0.35606233805822285 0.07253086419753087 0.10288065843621402
0 0.1389379179526749 0.4620208428593202 0.07060185185185183 0.09362139917695476
0 0.19912765775034294 0.35760983462886753 0.07716049382716048 0.10751028806584365
0 0.20606808341906724 0.46665333028501754 0.07137345679012341 0.09670781893004106
0 0.2809121549211248 0.4635669105319311 0.06905864197530866 0.09670781893004117
0 0.2944139017489712 0.3483339048925469 0.06712962962962961 0.08950617283950614
0 0.36385191615226337 0.34679498171010514 0.0578703703703704 0.09413580246913576
0 0.3580640753600823 0.4481310013717421 0.05671296296296294 0.09259259259259264
0 0.4182492605452675 0.43634687928669413 0.05671296296296294 0.14351851851851846
0 0.46803037122770924 0.4363454503886603 0.07484567901234564 0.1419753086419753
0 0.5451798804012346 0.44252114769090073 0.05902777777777786 0.14506172839506173
0 0.6042140882201646 0.4440700731595793 0.06828703703703706 0.1512345679012346
0 0.6759674532750343 0.4425282921810699 0.05979938271604929 0.15277777777777782
0 0.7427233367626888 0.3787103718945283 0.07716049382716032 0.11831275720164604
0 0.7357804998285322 0.49084171620179845 0.0794753086419754 0.10905349794238678
0 0.8244952417695472 0.3848813062033227 0.050925925925925875 0.11625514403292174
0 0.9255803112139919 0.39825483920134125 0.057870370370370315 0.11522633744855969
0 0.9039799275548698 0.5072954770614236 0.06442901234567905 0.10133744855967068
0 0.0027386616941015088 0.5936814128943759 0.05478395061728395 0.06481481481481471
0 0.006216242283950618 0.6662151348879745 0.0625 0.06790123456790127
0 0.016624871399176955 0.7372018366102728 0.05092592592592592 0.06687242798353915
0 0.06523464291838135 0.6677654892546868 0.0489969135802469 0.07561728395061725
0 0.07101980452674896 0.7721907864654778 0.0462962962962963 0.07716049382716053
0 0.10961826989026062 0.6965858862978205 0.07253086419753087 0.09053497942386836
0 0.11964538323045268 0.7917366826703246 0.06712962962962961 0.07561728395061725
0 0.18214377572016463 0.7871156264288982 0.0648148148148148 0.0848765432098764
0 0.18907321673525376 0.66777406264289 0.04320987654320988 0.0848765432098764
0 0.2253536522633745 0.6405106881572931 0.0648148148148148 0.08487654320987661
0 0.23653951260288067 0.7269299649443682 0.06134259259259258 0.08436213991769545
0 0.24117074974279834 0.8112787684804146 0.06365740740740743 0.06995884773662561
0 0.2890156142832647 0.6374366521871666 0.0713734567901235 0.09825102880658435
0 0.2967316636659808 0.738757430269776 0.07137345679012345 0.08024691358024688
0 0.3025125385802469 0.8190000571559213 0.0625 0.07561728395061736
0 0.36038665980795614 0.6358839163237312 0.06790123456790127 0.08796296296296285
0 0.3673278892318244 0.731039951989026 0.06327160493827158 0.0787037037037037
0 0.3650178969478738 0.8097465134887974 0.07021604938271603 0.08179012345679015
0 0.4282881622942388 0.6358963001066911 0.06828703703703698 0.10133744855967068
0 0.43407519933127575 0.7356724394147234 0.06828703703703698 0.08179012345679015
0 0.4363867991255144 0.8190029149519891 0.06365740740740738 0.0787037037037036
0 0.49657653892318243 0.6405302164304222 0.07021604938271611 0.10596707818930043
0 0.49888813871742116 0.7480219288218258 0.06558641975308635 0.08590534979423874
0 0.4977307313100137 0.838547382258802 0.06558641975308643 0.07561728395061725
0 0.5667880336934157 0.6724537037037037 0.0636574074074073 0.1388888888888889
0 0.5610026041666666 0.8082452179545802 0.06597222222222222 0.12705761316872424
0 0.6373872063614541 0.673995484682213 0.059799382716049364 0.1373456790123457
0 0.630445441100823 0.8128667504953514 0.06365740740740745 0.11831275720164604
0 0.7018266675240056 0.7403301707056851 0.07484567901234555 0.11213991769547334
0 0.7006671167695473 0.847820454199055 0.0717592592592592 0.09053497942386825
0 0.7766661844135802 0.7526753734186861 0.06597222222222222 0.11162551440329217
0 0.7766576110253772 0.859646490626429 0.05362654320987666 0.0848765432098765
0 0.9267454882544581 0.6920167466849565 0.06905864197530873 0.15586419753086422
0 0.9151652520576132 0.8432174973327236 0.06018518518518508 0.11934156378600835
0 0.8742632244513032 0.7053674173144339 0.05015432098765429 0.1301440329218106
0 0.9583622685185186 0.06698007163542144 0.041666666666666664 0.1162551440329218
