0 0.8800738383058985 0.008384297363206828 0.08410493827160492 0.1661522633744856
0 0.7508455504115227 0.006839658588629782 0.10648148148148143 0.1646090534979424
0 0.6586106288580246 0.005275491540923639 0.06597222222222238 0.14197530864197533
0 0.5783714849108368 0.0037365683584819386 0.07716049382716048 0.14660493827160495
0 0.48308363340192045 0.0037422839506172844 0.0848765432098765 0.1527777777777778
0 0.2411895040294925 0.002179545800944978 0.09066358024691354 0.13168724279835392
0 0.3264494384430727 0.2079394337753391 0.08719135802469134 0.1301440329218107
0 0.24929912551440328 0.3669191053193111 0.10185185185185186 0.1615226337448561
0 0.4047587662894375 0.39672687090382563 0.07484567901234572 0.13168724279835403
0 0.47961060742455414 0.415229671543972 0.08371913580246913 0.11471193415637852
0 0.5656424146947874 0.4059804145709496 0.0806327160493827 0.12551440329218094
0 0.6532139489026063 0.41369074836153025 0.07253086419753087 0.1193415637860082
0 0.7280706125685872 0.41061004420057917 0.08834876543209857 0.1255144032921811
0 0.7539062499999999 0.22443129858253313 0.0694444444444446 0.16358024691358022
0 0.6748221021947873 0.22289380429812528 0.07716049382716056 0.16975308641975312
0 0.5668075917352537 0.21827370065538793 0.09182098765432087 0.18004115226337447
0 0.4830796146262003 0.21108443834781285 0.07908950617283952 0.1934156378600823
0 0.4066848315329218 0.20795896204846823 0.07060185185185183 0.15123456790123457
0 0.10383284036351167 0.2151677526291724 0.07484567901234568 0.15895061728395057
0 0.12427715620713305 0.37873942615454964 0.07021604938271606 0.14969135802469144
0 0.8654122728052127 0.22904378143575674 0.08256172839506175 0.1450617283950617
0 0.9255918317043896 0.39518270842859315 0.07445987654320985 0.13065843621399176
0 0.9005283350480108 0.5859725080018291 0.09413580246913587 0.0725308641975308
0 0.7701466585219479 0.5921410608139003 0.12229938271604937 0.06790123456790127
0 0.6520817258230452 0.5828918038408779 0.10879629629629643 0.0787037037037037
0 0.24719167952674898 0.5844335848193872 0.400462962962963 0.07716049382716053
0 0.16401882930384087 0.5798082418838592 0.07600308641975308 0.08179012345679015
0 0.05177067258230453 0.5798053840877915 0.10532407407407408 0.0787037037037037
0 0.01912079903978052 0.7114926268861455 0.3117283950617284 0.0787037037037036
0 0.48076346021947874 0.7238311614083219 0.07716049382716039 0.07098765432098762
0 0.5610098379629629 0.7269132944673068 0.07638888888888896 0.06635802469135799
0 0.639523051697531 0.7222879515317787 0.35763888888888873 0.07098765432098762
0 0.26046087319958844 0.20790561652187164 0.06365740740740743 0.09362139917695474
0 0.3480324074074074 0.36073816872427983 0.05555555555555555 0.1527777777777778
0 0.054060303069272966 0.3607157826550831 0.06905864197530866 0.12860082304526751
