0 0.34599349569640064 0.5840609241870979 0.061619718309859156 0.15199530516431928
0 0.18622420285602503 0.23438532429142755 0.06426056338028173 0.24882629107981227
0 0.27469281836854464 0.5946666884020171 0.06470070422535205 0.19776995305164324
0 0.01148675909624413 0.23499174056685795 0.06205985915492958 0.2699530516431925
0 0.4195019072769954 0.6022615632063988 0.06866197183098587 0.16079812206572774
0 0.9225636370305165 0.5518192488262911 0.04093309859154917 0.19014084507042261
0 0.5238076462245697 0.5910961137193531 0.057658450704225254 0.14436619718309865
0 0.1567332379694836 0.006554294905233872 0.06205985915492956 0.1068075117370892
0 0.592905479753521 0.6016328681968354 0.05149647887323954 0.11561032863849766
0 0.23287485328638496 0.007146039819161885 0.058098591549295815 0.11208920187793428
0 0.09730291471048513 0.0007047687358720223 0.04577464788732393 0.1273474178403756
0 0.6805283524061033 0.06430783776734482 0.10167253521126757 0.3679577464788733
0 0.8679883118153365 0.5441825334724396 0.044014084507042306 0.18192488262910803
0 0.8385028486893582 0.19566814467049207 0.049735915492957854 0.26525821596244137
0 0.9656959115805946 0.5735105851156321 0.03873239436619716 0.1660798122065728
0 0.9265261272496086 0.21091603634150582 0.042693661971831096 0.25410798122065725
0 0.7966909966744914 0.8862306555381673 0.051936619718309866 0.08685446009389676
0 0.6994403486893583 0.8322117892540427 0.08142605633802825 0.056338028169014155
0 0.9560158695226917 0.873943661971831 0.0431338028169015 0.12676056338028183
0 0.8578736306729264 0.8874239262736916 0.05633802816901405 0.10798122065727693
0 0.3046385954616588 0.007725286906624935 0.08802816901408453 0.10387323943661972
0 0.002254804870892019 0.005987002260476438 0.0779049295774648 0.12793427230046947
0 0.8002026481807512 0.5137079420970266 0.03829225352112676 0.227112676056338
0 0.6840390869522691 0.4261427360459051 0.08670774647887325 0.09330985915492965
0 0.687133521615806 0.5194596591897062 0.10607394366197175 0.10093896713615017
0 0.6906561766431926 0.6215669014084507 0.10827464788732391 0.09507042253521115
0 0.6941757751369327 0.7195797470005217 0.10607394366197175 0.10387323943661973
0 0.6963645588810643 0.8997109198400277 0.08890845070422526 0.06807511737089209
