0 0.5760692622599451 0.041352785398567286 0.09529320987654318 0.21656378600823042
0 0.7465810935356653 0.48475794467306815 0.07677469135802475 0.20524691358024688
0 0.13622578017832648 0.11697006934918457 0.054012345679012363 0.21656378600823048
0 0.19603829089506175 0.11850851623228167 0.07291666666666667 0.21141975308641975
0 0.19295213906035663 0.3865316834324035 0.0733024691358025 0.23199588477366265
0 0.08607628172153635 0.4225018099375095 0.06095679012345678 0.19084362139917688
0 0.1582036608367627 0.37881182365493066 0.03549382716049383 0.22788065843621397
0 0.2878539201817558 0.16886145404663924 0.0652006172839506 0.14814814814814814
0 0.5806903185013718 0.5366688576436519 0.08294753086419746 0.15792181069958847
0 0.06987177426268862 0.18479700121932632 0.05979938271604938 0.1363168724279835
0 0.0027491105109739367 0.463608824874257 0.06983024691358025 0.14197530864197525
0 0.837614401148834 0.2578951379362902 0.05362654320987651 0.19341563786008234
0 0.6705455889917696 0.5073612063709801 0.03009259259259254 0.1723251028806583
0 0.576066850994513 0.2805388850784941 0.09182098765432095 0.2042181069958848
0 0.002744823816872428 0.14573997866178934 0.06365740740740741 0.17695473251028807
0 0.7639325595850479 0.021799268404206675 0.06288580246913587 0.20987654320987653
0 0.7677895126028808 0.2640808375247676 0.06134259259259254 0.2073045267489712
0 0.6813649369855967 0.03104757277853985 0.0543981481481481 0.19804526748971196
0 0.6778774434156378 0.2820558984910837 0.03240740740740746 0.17592592592592593
0 0.7014159486454046 0.4970717116293248 0.03896604938271611 0.17078189300411534
0 0.26854879329561043 0.6920238911751257 0.04359567901234567 0.16358024691358022
0 0.3167732981824417 0.6884445016003657 0.042438271604938335 0.18672839506172847
0 0.212996452760631 0.6951022138393537 0.048225308641975315 0.154835390946502
0 0.6678647976680384 0.9218745237006554 0.058641975308641986 0.06893004115226338
0 0.02357092335390947 0.6858539094650206 0.053240740740740734 0.16666666666666677
0 0.5725852516289437 0.7208538142051515 0.07831790123456793 0.1887860082304527
0 0.7538952653463649 0.7450250533455266 0.05362654320987666 0.1826131687242798
0 0.6616790980795609 0.7223841639993904 0.04012345679012357 0.17489711934156382
0 0.8190982938957475 0.9033793438500229 0.05709876543209889 0.09413580246913567
0 0.6979415830761317 0.740359701265051 0.035879629629629685 0.14403292181069957
0 0.29209908693415637 0.3896190557841792 0.06712962962962968 0.23302469135802475
0 0.49889215749314125 0.029536751257430268 0.0713734567901235 0.23302469135802467
0 0.5181696887860082 0.27744960752934 0.053240740740740713 0.20113168724279837
0 0.7164558149005488 0.27589830056393844 0.029706790123456825 0.1923868312757201
0 0.8607553155006857 0.014093697607072093 0.04320987654321 0.22119341563786007
0 0.4919461055384088 0.6997718526139308 0.06905864197530857 0.19804526748971185
0 0.8321949481310013 0.7192967916476147 0.027391975308642062 0.1738683127572017
0 0.8561138974622771 0.5011917009602195 0.026234567901234445 0.17592592592592593
0 0.48075783393347055 0.9126300297210791 0.06905864197530857 0.0848765432098765
0 0.5691154406721537 0.9398705418381345 0.08179012345679015 0.06018518518518518
0 0.743856631515775 0.9475794467306813 0.04243827160493825 0.0524691358024691
