0 0.18729075574417012 0.5120041723822589 0.2542438271604938 0.18672839506172825
0 0.9197975608710561 0.20845431336686482 0.06404320987654333 0.13065843621399179
0 0.36848797582304527 0.2537351394604481 0.06712962962962968 0.1450617283950617
0 0.6362370327503429 0.0006372885230909922 0.07021604938271603 0.13271604938271606
0 0.5475043402777777 0.2424311271147691 0.07291666666666659 0.15895061728395057
0 0.4641648448216735 0.24345278920896202 0.06404320987654326 0.15123456790123455
0 0.6254289373285322 0.25065348270080784 0.06211419753086421 0.1502057613168725
0 0.49552710262345673 0.5191981976832799 0.22569444444444445 0.1784979423868313
0 0.7716472693758574 0.26400986892242034 0.060956790123456825 0.13065843621399176
0 0.13469730581275718 0.2521752591068435 0.07523148148148151 0.12705761316872424
0 0.057907343106995884 0.26912961057765583 0.05324074074074074 0.1044238683127572
0 0.28552785279492454 0.290206332876086 0.048996913580246944 0.08950617283950614
0 0.2261169517318244 0.2598898795915257 0.05285493827160492 0.12551440329218105
0 0.012870531121399176 0.4929969707361682 0.2002314814814815 0.21450617283950613
0 0.7816700960219478 0.008865836000609664 0.0493827160493827 0.13065843621399176
0 0.20605254415294927 0.0032245465630239287 0.0489969135802469 0.1491769547325103
0 0.37082368827160495 0.005270252248132907 0.09722222222222222 0.13631687242798357
0 0.5266886895576132 0.000649672306050907 0.09837962962962968 0.1460905349794239
0 0.7006641696673526 0.25218430879439113 0.0675154320987654 0.1368312757201646
0 0.7690313143004115 0.5207518861454047 0.1828703703703705 0.18981481481481471
0 0.8665377979252401 0.22951579408626735 0.03665123456790111 0.09927983539094648
0 0.6983319401577505 0.0006306203322664228 0.0424382716049381 0.12551440329218108
0 0.9494906871570644 0.0021119112940100595 0.0443672839506173 0.05864197530864198
0 0.07450033221879286 0.007857510288065844 0.05825617283950618 0.15277777777777776
0 0.13737782921810698 0.0006530064014631916 0.04629629629629631 0.14969135802469138
