0 0.6158028978052126 0.5379620103642737 0.0895061728395062 0.4434156378600822
0 0.7222948281035665 0.537971536351166 0.10455246913580254 0.45370370370370383
0 0.815264649777092 0.6453570339887212 0.09220679012345682 0.31893004115226337
0 0.9051547496570644 0.6150339125133364 0.0895061728395062 0.3477366255144034
0 0.8484661672668039 0.3623847355586039 0.12461419753086413 0.2644032921810699
0 0.6952380186899864 0.2985877724432251 0.03163580246913579 0.2525720164609054
0 0.3287500535836763 0.2472303193110806 0.0667438271604938 0.34207818930041156
0 0.4136126650377229 0.1699940938881268 0.04668209876543214 0.26028806584362135
0 0.464549575617284 0.1669162475232434 0.062499999999999924 0.2695473251028807
0 0.8947241512345678 0.006797744246303917 0.06944444444444445 0.11934156378600823
