0 0.0519787998826291 0.12043611980525126 0.06073943661971832 0.1414319248826291
0 0.11492474814162755 0.11632650843331595 0.06910211267605633 0.13967136150234744
0 0.05769757433489828 0.26186804468788033 0.056338028169014086 0.14143192488262915
0 0.11712239583333334 0.26361882716049384 0.0647007042253521 0.1308685446009389
0 0.2570917693661972 0.2606927056164145 0.07130281690140844 0.13967136150234744
0 0.35787974374021914 0.2724162102243088 0.06514084507042257 0.125
0 0.4252225156494523 0.2712435880716398 0.06690140845070418 0.12617370892018773
0 0.49433074139280125 0.24838180316466701 0.07570422535211263 0.15375586854460088
0 0.5709121919014084 0.25013801947487396 0.07130281690140852 0.14906103286384978
0 0.6320929919796557 0.1415460354720918 0.07306338028169014 0.12323943661971834
0 0.7403606098395931 0.15386291514519215 0.06294014084507041 0.1156103286384976
0 0.6479359228286385 0.2636171970092158 0.06998239436619716 0.12910798122065725
0 0.7209953296165884 0.26655201269344464 0.0642605633802816 0.1296948356807512
0 0.7878942928403756 0.271240871152843 0.06073943661971823 0.12323943661971823
0 0.8688890722809076 0.25775843331594506 0.07350352112676053 0.13967136150234738
0 0.9423815898865413 0.25775788993218574 0.057658450704225414 0.1390845070422535
0 0.0577006308685446 0.6262992305685967 0.06073943661971831 0.13556338028169018
0 0.12064474520735524 0.6233758259433141 0.06646126760563378 0.14730046948356812
0 0.19415315678794995 0.6274685924187098 0.07350352112676053 0.1308685446009389
0 0.5678269268388108 0.6186646887497826 0.06514084507042249 0.12969483568075116
0 0.6378093212050078 0.6157342201356286 0.06514084507042249 0.13380281690140847
0 0.7029544454225352 0.6110535124326204 0.07130281690140852 0.14906103286384972
0 0.7931613116197183 0.6216071118066424 0.03961267605633796 0.13849765258215954
0 0.8349966989436619 0.6245430142583899 0.07130281690140852 0.14025821596244126
0 0.9049852063771519 0.6204361198052513 0.08010563380281689 0.1414319248826291
0 0.29317873386150234 0.8217147017909928 0.0647007042253521 0.12793427230046944
0 0.35875727455007833 0.8187804294905233 0.06117957746478871 0.12793427230046955
0 0.42213419405320807 0.8275609676577987 0.05633802816901413 0.10387323943661973
