0 0.5462698063380281 0.6603476569292296 0.079225352112676 0.14730046948356812
0 0.3464690923317684 0.2465435359067988 0.1126760563380281 0.06983568075117369
0 0.34865818172926444 0.1673176404103634 0.09595070422535214 0.06924882629107983
0 0.33413108861502344 0.7290416884020171 0.09242957746478879 0.18192488262910803
0 0.4380015771713615 0.6938157494348809 0.08846830985915494 0.1660798122065728
0 0.6408985597613459 0.649187097896018 0.07702464788732391 0.13615023474178406
0 0.8697635465571204 0.40851699704399236 0.06514084507042257 0.07159624413145535
0 0.06433911629499217 0.25767257868196836 0.1131161971830986 0.04694835680751171
0 0.29101531934663544 0.5205909841766649 0.11839788732394364 0.055164319248826206
0 0.198579628814554 0.2435869848721961 0.10959507042253516 0.045774647887323966
0 0.06609509487480437 0.3116615588593288 0.10651408450704225 0.04518779342723005
0 0.11756039710485133 0.5722819944357502 0.061619718309859135 0.10680751173708919
0 0.6915306509194054 0.3374978264649627 0.09991197183098595 0.061032863849765216
0 0.10127579714397496 0.47776310641627545 0.0625 0.06866197183098595
0 0.2091387299491393 0.2881884672230916 0.10343309859154928 0.046361502347417836
0 0.19063478090766825 0.49134933055120844 0.07746478873239436 0.1643192488262911
0 0.7051765453834116 0.41323519822639543 0.10211267605633796 0.09683098591549293
0 0.9106997016823161 0.608050230394714 0.06954225352112675 0.07453051643192486
0 0.7253915419600939 0.6139796339766999 0.05677816901408445 0.14025821596244126
0 0.30377084555946793 0.5839690923317684 0.10607394366197183 0.052816901408450724
0 0.5709195275821596 0.21251358459398367 0.08186619718309866 0.07805164319248824
0 0.8169613165101721 0.6098260085202573 0.08626760563380284 0.09096244131455396
0 0.9533731905320815 0.39911808815858113 0.04049295774647877 0.06161971830985914
0 0.7887916911189359 0.19430207789949577 0.08538732394366204 0.05751173708920184
0 0.9432563698161189 0.32340788558511563 0.049735915492957694 0.05516431924882631
0 0.19373624559859157 0.75132150930273 0.10695422535211267 0.15962441314554002
0 0.0880944957942097 0.7777560424274039 0.09551056338028169 0.18779342723004705
0 0.009726501369327073 0.8364154060163451 0.0625 0.1596244131455398
0 0.9599746919014084 0.817032907320466 0.03961267605633812 0.14201877934272297
0 0.9001210387323944 0.842255694661798 0.04753521126760568 0.1291079812206573
0 0.8257360133020345 0.8839098635019996 0.04577464788732392 0.11561032863849766
0 0.042792999315336464 0.18960724221874456 0.14304577464788734 0.057511737089201924
0 0.18934064456181535 0.17904766562336985 0.11531690140845068 0.06161971830985917
0 0.44680317145931137 0.1655462093548948 0.08670774647887325 0.05751173708920187
0 0.4758527728873239 0.22893735872022258 0.08714788732394364 0.06924882629107977
0 0.5458272202660407 0.1672964484437489 0.07570422535211263 0.046361502347417836
0 0.6272318808685445 0.15966734046252826 0.04489436619718319 0.046361502347417836
0 0.6589180482198748 0.21367207876890976 0.03917253521126764 0.06161971830985917
0 0.8662476159037558 0.1819781342375239 0.07262323943661973 0.057511737089201896
0 0.7240781494522693 0.20017442618675013 0.06690140845070418 0.06161971830985914
0 0.7029480267018778 0.1567260041731873 0.0620598591549296 0.03873239436619716
0 0.763683489827856 0.12328399408798471 0.05633802816901405 0.048122065727699524
0 0.8292944297730829 0.12504727438706312 0.09947183098591555 0.05105633802816901
0 0.8732831450508607 0.32048665449487046 0.06294014084507056 0.06924882629107983
0 0.8019696302816901 0.34459930881585815 0.04753521126760568 0.125
0 0.620641688673709 0.4513568292470875 0.0620598591549296 0.07100938967136154
0 0.5480218114241001 0.4877543035993741 0.06690140845070426 0.08450704225352107
0 0.43668543378325503 0.4889334463571552 0.09463028169014089 0.0903755868544601
0 0.041417864827856025 0.573468201182403 0.06426056338028169 0.12030516431924873
