0 0.3138849153951487 0.6645795296470179 0.09286971830985916 0.28110328638497656
0 0.19637220021517995 0.6616436271952704 0.09991197183098591 0.27934272300469476
0 0.7267354998043819 0.17986219787862984 0.09066901408450702 0.30751173708920176
0 0.179207929870892 0.1476199791340636 0.1016725352112676 0.3450704225352112
0 0.42964104068857584 0.18397561293688053 0.0915492957746479 0.3133802816901409
0 0.5440746038732394 0.17459246218049035 0.08714788732394364 0.3204225352112677
0 0.311682988556338 0.1610926360632933 0.09110915492957751 0.31807511737089206
0 0.4419671239241002 0.6123723048165536 0.09463028169014089 0.3057511737089203
0 0.6426475083137715 0.19215245174752216 0.06029929577464783 0.27112676056338025
0 0.5616814602895148 0.6147305903321163 0.08890845070422541 0.3174882629107981
0 0.011963272691705789 0.14353482003129894 0.11443661971830989 0.36971830985915494
0 0.8086157570422535 0.6323253564597461 0.11091549295774648 0.3057511737089203
0 0.07928892801251956 0.6410493827160494 0.09154929577464786 0.22065727699530513
0 0.9071917180164318 0.17988665014780042 0.088468309859155 0.3339201877934272
0 0.8270677450117372 0.20093788036863156 0.06205985915492944 0.25234741784037557
0 0.9353478946596243 0.6345988741088506 0.06998239436619716 0.22593896713615028
0 0.6545676838810641 0.7062396757085725 0.11267605633802825 0.2740610328638498
