0 0.5158890845070423 0.2601351938793253 0.06338028169014073 0.1713615023474178
0 0.06956884536384976 0.04535678577638671 0.038292253521126744 0.1825117370892019
0 0.10566314553990609 0.037732568249000176 0.042253521126760576 0.18779342723004697
0 0.586748704029734 0.2742012258737611 0.058978873239436624 0.15140845070422537
0 0.4679183171948357 0.5025060858981046 0.06998239436619724 0.17136150234741784
0 0.534815446498435 0.7390339723526345 0.06382042253521128 0.198943661971831
0 0.21351018437010955 0.06997152669101026 0.06029929577464787 0.1467136150234742
0 0.3952953834115806 0.2941412363067292 0.07042253521126757 0.1373239436619718
0 0.2830619131455399 0.05355209963484611 0.07394366197183101 0.1602112676056338
0 0.14968639964788732 0.08873348113371586 0.05545774647887322 0.12793427230046947
0 0.4287390576095461 0.03771898365501652 0.06029929577464791 0.17312206572769953
0 0.6048339079616589 0.03477764736567553 0.11575704225352115 0.16549295774647887
0 0.4974361795774647 0.04885183011650148 0.11091549295774657 0.15434272300469482
0 0.8319209091353679 0.22487502173535037 0.07878521126760553 0.11854460093896711
0 0.3944062377738654 0.5142355677273517 0.05765845070422534 0.16314553990610323
0 0.15762910798122068 0.26659602677795163 0.08450704225352111 0.17723004694835684
0 0.6571663487871675 0.2712723874108851 0.051936619718309866 0.1572769953051643
0 0.5436268216940532 0.5025077160493827 0.07614436619718296 0.17312206572769956
0 0.3583220241588419 0.03771626673621979 0.06822183098591555 0.17018779342723003
0 0.7289349814162753 0.021288145539906104 0.08890845070422541 0.17429577464788729
0 0.09115805946791862 0.5963202051817075 0.0704225352112676 0.08215962441314559
0 0.289671667155712 0.5230329507911669 0.08494718309859159 0.15727699530516423
0 0.21087331279342725 0.5183440923317683 0.06602112676056333 0.16373239436619733
0 0.7355163096635368 0.2695167144844375 0.05897887323943678 0.16255868544600946
0 0.8354408132824727 0.7436467570857243 0.07702464788732391 0.11032863849765262
0 0.8341280320813771 0.5675925925925925 0.08802816901408461 0.1126760563380281
0 0.8319144904147106 0.38685554686141543 0.06954225352112675 0.12793427230046944
0 0.9322635465571204 0.05471222396105025 0.06514084507042257 0.1455399061032864
0 0.26019140013693265 0.7701242175273866 0.09815140845070422 0.18485915492957739
0 0.44854875782472614 0.7560315597287429 0.06514084507042257 0.176056338028169
0 0.37328222809076683 0.7665829855677273 0.061619718309859114 0.16314553990610323
0 0.05244920041079812 0.797706920535559 0.10431338028169017 0.18544600938967135
0 0.6946367004107982 0.7566292818640237 0.13600352112676053 0.18779342723004683
0 0.16511364192097028 0.7947552599547905 0.08758802816901413 0.16666666666666677
0 0.6241643437010954 0.7566205877238741 0.06426056338028177 0.1784037558685446
0 0.9366603702073552 0.769508020344288 0.058538732394366216 0.15316901408450692
0 0.8393956621674492 0.9038433533298558 0.067781690140845 0.09448356807511718
0 0.2526897496087637 0.298846396278908 0.07042253521126757 0.1484741784037559
0 0.9234677596830987 0.2753765649452269 0.0752640845070423 0.1531690140845071
0 0.6408924466940532 0.49019246652756043 0.06822183098591547 0.1825117370892018
0 0.7126500758020343 0.5892687141366718 0.08934859154929582 0.07218309859154938
0 0.0035727821791862284 0.5306549947835159 0.0743838028169014 0.1496478873239436
