0 0.5916254034624413 0.7243191401495391 0.1095950704225352 0.15199530516431928
0 0.8279993764671361 0.11582061815336464 0.1360035211267607 0.227112676056338
0 0.4512409526604069 0.3957648669796557 0.1390845070422535 0.24295774647887325
0 0.4358308269757434 0.7471608198574161 0.13160211267605634 0.10269953051643199
0 0.48072611013302036 0.09407983394192314 0.13292253521126757 0.1977699530516432
0 0.7258769195031299 0.7348406798817596 0.12191901408450702 0.10680751173708919
0 0.620713822867762 0.4069189054077552 0.16593309859154942 0.24706572769953056
0 0.2672351819248826 0.67384476612763 0.10035211267605636 0.14671361502347424
0 0.06040138399843505 0.19960061293688056 0.1470070422535211 0.07570422535211269
0 0.28043940727699523 0.40568162058772383 0.10035211267605636 0.1784037558685446
0 0.12374773816510173 0.37985459050599896 0.09815140845070425 0.17253521126760557
0 0.08285529147104852 0.659153842809946 0.1566901408450704 0.12558685446009388
0 0.25623196645148677 0.17495924621804904 0.10079225352112675 0.08274647887323947
0 0.874157313673709 0.7495381238045558 0.05413732394366188 0.13497652582159622
0 0.9247692317097026 0.7325437967310033 0.04797535211267608 0.16138497652582162
0 0.6475208455594679 0.16385900278212487 0.1060739436619719 0.13673708920187796
0 0.7984977137128325 0.41805881585811167 0.11839788732394364 0.23591549295774655
0 0.9313811252934272 0.44148843679360106 0.0620598591549296 0.187793427230047
0 0.0035715595657277 0.3774968483741958 0.07262323943661972 0.1613849765258215
0 0.004433807707355243 0.6198427447400452 0.04665492957746479 0.13438967136150246
0 0.11627359643974962 0.06467625195618153 0.11003521126760564 0.13204225352112675
