0 0.007356502914951989 0.01089582380734644 0.03780864197530864 0.10082304526748971
0 0.04980790252057613 0.0036994170096021945 0.056712962962962965 0.10648148148148148
0 0.12117760845336076 0.007302621551592745 0.05131172839506173 0.10905349794238683
0 0.17559049211248284 0.0026763260173754 0.07253086419753087 0.11265432098765432
0 0.2600761424039781 0.11995122694711172 0.0652006172839506 0.102880658436214
0 0.19024777091906722 0.12612644795000763 0.06790123456790123 0.10545267489711933
0 0.12696973593964336 0.12766584743179393 0.058641975308641965 0.10133744855967079
0 0.059838766718107 0.12509621246761163 0.05671296296296296 0.10390946502057614
0 0.0004200960219478738 0.12766251333638165 0.04938271604938272 0.0977366255144033
0 0.35190918638545954 0.022199836153025454 0.0825617283950617 0.08693415637860083
0 0.4371819808813443 0.024772805212620024 0.09760802469135801 0.08796296296296297
0 0.5494478202160493 0.0247718526139308 0.09375 0.08693415637860082
0 0.6551499271262002 0.028362197073616823 0.08256172839506175 0.07561728395061727
0 0.7678058556241427 0.0063824112178021645 0.0848765432098765 0.2263374485596708
0 0.8607853223593963 0.008954427678707513 0.08641975308641985 0.22633744855967078
0 0.9518076453189301 0.00998228166438043 0.04745370370370365 0.22530864197530864
0 0.33262227794924554 0.1101856614845298 0.08719135802469138 0.1116255144032922
0 0.4383359053497942 0.11995598994055783 0.09259259259259262 0.10802469135802471
0 0.544816850994513 0.12406740588324949 0.09182098765432095 0.10390946502057614
0 0.6493770897633745 0.1117322054564853 0.1030092592592592 0.11522633744855967
0 0.0004921660665294925 0.36131068053650356 0.15316358024691357 0.21553497942386826
0 0.15712877229080935 0.3612997256515775 0.154320987654321 0.2037037037037037
0 0.32264553326474626 0.35053678936137783 0.1651234567901234 0.24639917695473243
0 0.5024265367798354 0.3726251714677641 0.16087962962962968 0.2129629629629629
0 0.6791219242969823 0.36542447797591826 0.15779320987654316 0.21399176954732513
0 0.8469427833504801 0.3654216201798506 0.15316358024691348 0.21090534979423878
0 0.838839859825103 0.2927316720012193 0.15162037037037032 0.03909465020576132
0 0.8434700252914952 0.33541619036732206 0.1523919753086419 0.02726337448559672
0 0.6613905499828532 0.3220474203627496 0.18016975308641983 0.033436213991769576
0 0.47310367369684503 0.3220288446883097 0.15817901234567905 0.013374485596707831
0 0.464997803069273 0.2855162132296906 0.1523919753086419 0.024176954732510317
0 0.023190747170781893 0.7449940938881269 0.0613425925925926 0.14917695473251028
0 0.1045966756687243 0.6617041037951532 0.0636574074074074 0.1959876543209876
0 0.17448613254458162 0.7768518518518519 0.14891975308641975 0.1111111111111111
0 0.34262768990054876 0.7532112101813748 0.05054012345679008 0.13477366255144033
0 0.42066320516117967 0.7362449512269471 0.19945987654320993 0.14454732510288062
0 0.7099590620713306 0.6600851623228167 0.11882716049382706 0.11419753086419746
0 0.8627454132373114 0.6688185871056243 0.13117283950617287 0.10185185185185185
0 0.8600493505658436 0.7999761850327693 0.1377314814814816 0.08539094650205757
0 0.717686364026063 0.7999899977137631 0.13503086419753096 0.10030864197530867
