0 0.6867065238654146 0.6408928881933578 0.12500000000000008 0.05164319248826288
0 0.27778816999217526 0.6327644105372978 0.08538732394366196 0.14612676056338036
0 0.15103677621283257 0.6403940619022779 0.09859154929577463 0.14671361502347413
0 0.07003435543818466 0.6386019822639541 0.07482394366197181 0.1126760563380281
0 0.23909214837636933 0.42440716831855324 0.13776408450704228 0.12030516431924883
0 0.8636449775039123 0.4807082463919318 0.12764084507042242 0.08039906103286378
0 0.7707663952464789 0.10568162058772387 0.11487676056338027 0.05164319248826292
0 0.6184840815727699 0.35864686576247606 0.1241197183098592 0.08509389671361504
0 0.5198903927034428 0.06050360806816206 0.1210387323943663 0.062206572769953054
0 0.6004468652190924 0.48129347070074774 0.13644366197183094 0.07863849765258216
0 0.6571990536971831 0.09511226308468092 0.09903169014084506 0.04518779342723005
0 0.36586493789123636 0.686137736915319 0.15536971830985913 0.11326291079812217
0 0.36496723395931147 0.059316314553990605 0.13028169014084498 0.04753521126760563
0 0.48159722222222223 0.3615882020518171 0.11971830985915494 0.09272300469483573
0 0.019431301349765256 0.35922828638497656 0.09375 0.07922535211267603
0 0.003599985328638498 0.16263964962615193 0.11355633802816902 0.08744131455399064
0 0.6761581205985916 0.7301317162232654 0.14656690140845074 0.09154929577464793
0 0.12286653951486698 0.4296464745261694 0.09683098591549295 0.07453051643192492
0 0.4842337881455399 0.4695563814988698 0.11355633802816899 0.07863849765258216
0 0.26238079518779345 0.0828073378542862 0.08186619718309862 0.06572769953051644
0 0.8306365536971831 0.719575399930447 0.13072183098591555 0.09917840375586845
0 0.8306215766823161 0.6502787558685444 0.10915492957746488 0.047535211267605786
0 0.9032316730242567 0.11799904364458354 0.09022887323943662 0.044600938967136135
0 0.10524776261737089 0.8821541905755521 0.0779049295774648 0.1208920187793428
0 0.6853359741784039 0.896212615197357 0.05281690140845075 0.09272300469483578
0 0.0005055506651017214 0.8938776951834465 0.09419014084507042 0.10622065727699521
0 0.7425545896909234 0.9091141757955138 0.05325704225352123 0.08274647887323935
0 0.38034220950704223 0.8962196791862285 0.08714788732394364 0.1003521126760563
0 0.8922082844287951 0.9126314988697618 0.0616197183098592 0.07863849765258216
0 0.524742334213615 0.7031255433837594 0.13600352112676062 0.0798122065727699
0 0.8094673073161189 0.9173209007129196 0.06954225352112675 0.07276995305164315
0 0.5951251344874804 0.8979650278212484 0.0787852112676056 0.0839201877934272
0 0.267678684956964 0.9014975656407581 0.10519366197183101 0.0962441314553989
0 0.48994369865023485 0.8909461398017736 0.09639084507042249 0.10915492957746477
0 0.7381904709507043 0.4578285298209007 0.10695422535211255 0.08861502347417838
0 0.3860661800665101 0.33762497826464966 0.09022887323943662 0.19835680751173712
0 0.010187426643192488 0.4367072030951139 0.09242957746478873 0.09448356807511733
0 0.777370341842723 0.1820085637280473 0.11751760563380284 0.0903755868544601
0 0.66028095657277 0.15209311424100158 0.10035211267605636 0.10563380281690142
0 0.5080102577269171 0.14036689271431055 0.1263204225352112 0.11737089201877937
0 0.35221445862676054 0.14915014780038252 0.14656690140845072 0.09624413145539908
0 0.23466323112284818 0.16264508346374543 0.09815140845070422 0.09330985915492959
0 0.15366478384194054 0.15383248565466875 0.08010563380281689 0.08274647887323944
0 0.1690761321400626 0.06462408711528429 0.08934859154929575 0.07570422535211267
0 0.9041125660211268 0.19550784646148495 0.09110915492957758 0.09213615023474178
