0 0.2141726144547325 0.0840954122847127 0.07523148148148147 0.2674897119341564
0 0.5980535729595337 0.8370808565767414 0.08603395061728389 0.15843621399176952
0 0.7596930191186557 0.12932765584514555 0.06905864197530857 0.22942386831275718
0 0.5471078210733883 0.8360572892851701 0.0574845679012346 0.16409465020576128
0 0.49541296939300405 0.48316996265813134 0.06134259259259262 0.15689300411522636
0 0.7404053069272976 0.5906469097698521 0.0725308641975308 0.12088477366255143
0 0.33801011659807956 0.8206151882335011 0.06790123456790123 0.15329218106995884
0 0.29482274519890256 0.5253229309556471 0.10030864197530868 0.12654320987654316
0 0.6288947295096021 0.11905911827465326 0.05285493827160492 0.25051440329218105
0 0.6532209147805212 0.6034979423868312 0.08256172839506166 0.1111111111111111
0 0.29247604809670785 0.09642442081999696 0.05439814814814813 0.2494855967078189
0 0.35111159336419756 0.09951465096784026 0.04513888888888889 0.2536008230452675
0 0.44871452760631 0.504238587867703 0.03780864197530865 0.13323045267489714
0 0.39201120970507547 0.08820968602347203 0.05169753086419754 0.2664609053497942
0 0.445297764489026 0.10825426764212771 0.11766975308641976 0.24794238683127576
0 0.3947059327846365 0.4929364807194025 0.04320987654320984 0.14917695473251028
0 0.8496415252057615 0.0006801554641060815 0.15046296296296285 0.17901234567901236
0 0.6848508230452675 0.11803650358177108 0.07407407407407413 0.257201646090535
0 0.8966435185185185 0.642566396128639 0.05555555555555555 0.08281893004115227
0 0.45836226851851847 0.8627705380277396 0.041666666666666664 0.12551440329218105
0 0.40705509473593965 0.8658574340801707 0.048225308641975315 0.1260288065843621
0 0.01937451774691358 0.8427369112940101 0.12152777777777778 0.15586419753086414
0 0.684866094393004 0.8463177297668039 0.09606481481481492 0.13425925925925927
0 0.5668022333676269 0.6091482815119647 0.08410493827160492 0.10236625514403291
0 0.5031148191015089 0.8545519928364578 0.04089506172839508 0.13837448559670784
0 0.02978689771947874 0.6899519890260631 0.11535493827160494 0.14814814814814806
0 0.8284304269547325 0.3663504039018442 0.16203703703703698 0.10288065843621397
0 0.8496334876543211 0.28299468449931414 0.13888888888888873 0.07870370370370365
0 0.9205731845850481 0.9131244284407865 0.06983024691358015 0.06327160493827154
0 0.8534933877743484 0.18373199588477368 0.14158950617283952 0.09722222222222225
0 0.8345470036008229 0.8925754458161866 0.08101851851851873 0.09259259259259259
0 0.09421778549382716 0.09025729690595946 0.11805555555555554 0.25565843621399176
0 0.005101969735939642 0.3207104481024234 0.12461419753086418 0.2561728395061728
0 0.00043965406378600826 0.02228128334095412 0.0775462962962963 0.1748971193415638
0 0.1671674061213992 0.835007525529645 0.16550925925925924 0.14146090534979408
