0 0.43977895148669793 0.20795459485306902 0.11267605633802817 0.22476525821596247
0 0.25357308783255084 0.26366121109372287 0.07482394366197183 0.17664319248826293
0 0.23949377689749604 0.5382574769605286 0.08230633802816906 0.1208920187793428
0 0.21572036384976526 0.7794709615719005 0.07394366197183098 0.13849765258215965
0 0.4010172143974961 0.7478090766823161 0.07042253521126764 0.16901408450704225
0 0.6770017238849765 0.7472227656059817 0.09375 0.16960093896713613
0 0.5660847026604069 0.2454785037384803 0.0915492957746479 0.18720657276995306
0 0.5616915468505477 0.7384280994609633 0.10343309859154941 0.1784037558685446
0 0.3460072500978091 0.22554827421318033 0.08142605633802821 0.21185446009389672
0 0.6818536653951487 0.20384498348113372 0.1087147887323944 0.22300469483568078
0 0.14355407619327076 0.2748038384628761 0.0981514084507042 0.1684272300469483
0 0.4815620720852895 0.7448748043818465 0.06910211267605643 0.16901408450704225
0 0.47365970999608764 0.48549980438184653 0.09815140845070418 0.18485915492957747
0 0.0392501711658842 0.6009884150582507 0.11179577464788733 0.053403755868544595
0 0.05025522055946791 0.5247092896887497 0.11399647887323942 0.06631455399061037
0 0.3033141994327073 0.7659260346026778 0.08230633802816902 0.08744131455399064
0 0.35306386932707357 0.5118772822117893 0.102112676056338 0.15140845070422532
0 0.7148550591744913 0.6056810772039645 0.0955105633802816 0.05105633802816901
0 0.06738525772691706 0.17847113545470353 0.06294014084507042 0.0727699530516432
0 0.6026069175469484 0.5318047948182923 0.07790492957746473 0.12382629107981226
0 0.7254043794014086 0.5323389410537298 0.0752640845070423 0.06690140845070414
0 0.8675649819053208 0.24770529038428102 0.06822183098591539 0.05692488262910797
0 0.10169973836071987 0.2636639280125196 0.03917253521126762 0.17957746478873232
0 0.0039903046752738655 0.2525169535732916 0.04181338028169014 0.18309859154929575
0 0.14926887715179968 0.19488241175447749 0.08802816901408449 0.05046948356807511
0 0.057685348200312986 0.2560375369500956 0.03873239436619718 0.1825117370892019
0 0.8803513791079813 0.5199954355764216 0.10035211267605619 0.04577464788732386
0 0.8944199921752739 0.5763220526864894 0.07746478873239432 0.03345070422535207
0 0.9106997016823161 0.37271778821074597 0.06954225352112675 0.07042253521126757
0 0.29803128667840373 0.8369283602851679 0.08054577464788733 0.0798122065727699
0 0.05109332208528951 0.8152256129368805 0.053257042253521125 0.09154929577464783
0 0.19944004303599375 0.8650702051817076 0.0809859154929577 0.05046948356807514
0 0.11975590522300467 0.850999826117197 0.054137323943662 0.0657276995305164
0 0.8821162216353678 0.799321857068336 0.1065140845070423 0.028169014084507026
0 0.35261547584115804 0.14676360632933405 0.09022887323943662 0.05399061032863849
0 0.451657252543036 0.1420693140323422 0.10475352112676062 0.05457746478873241
0 0.022470107100938965 0.17905038254216657 0.033010563380281695 0.06455399061032863
0 0.19104863556338028 0.5546481046774474 0.039612676056338045 0.07629107981220669
