0 0.43638813871742116 0.38851642280140225 0.06558641975308635 0.15329218106995884
0 0.9244298696844993 0.39262545724737086 0.06790123456790127 0.14660493827160487
0 0.934458322616598 0.08151339353757049 0.06442901234567905 0.2566872427983539
0 0.5872374399862825 0.8668905273586345 0.06635802469135801 0.13065843621399165
0 0.659397505144033 0.8612397119341564 0.08796296296296294 0.1388888888888889
0 0.29326828275034295 0.04140613092516385 0.08410493827160492 0.27417695473251025
0 0.3839265046296297 0.06657998018594727 0.0763888888888889 0.23971193415637856
0 0.6265962577160494 0.04962896281054717 0.07638888888888881 0.26594650205761317
0 0.7052980859910837 0.05117455418381344 0.07368827160493834 0.26851851851851855
0 0.6809944058641976 0.3931560547172687 0.07638888888888881 0.1640946502057614
0 0.18021288794581622 0.07067996494436825 0.06211419753086417 0.22325102880658437
0 0.5343897355109739 0.07018175582990399 0.07677469135802475 0.24074074074074073
0 0.46686599794238687 0.06760926306965401 0.06481481481481476 0.24022633744855967
0 0.7654760373799726 0.404960657674135 0.06327160493827158 0.13528806584362132
0 0.28593910751028806 0.635944406340497 0.08564814814814814 0.15329218106995873
0 0.2488712598593964 0.07479852537722907 0.041280864197530874 0.22685185185185186
0 0.3657806605795611 0.3967340153939948 0.057484567901234525 0.13940329218107
0 0.5197212041323731 0.3854271452522482 0.06520061728395063 0.15020576131687244
0 0.1763532557441701 0.41267384926078343 0.059799382716049385 0.13220164609053492
0 0.07640630358367627 0.07170924782807497 0.025077160493827154 0.22376543209876545
0 0.2797579625342936 0.423460124218869 0.0736882716049383 0.11471193415637862
0 0.10382105195473253 0.4260335695778083 0.05787037037037036 0.1162551440329218
0 0.032436610510973934 0.04705361225422954 0.04205246913580247 0.26234567901234573
0 0.3923879029492456 0.6395180803231214 0.03858024691358024 0.12397119341563788
0 0.05791966735253772 0.6312628600823046 0.07098765432098765 0.09722222222222211
0 0.9155491790980796 0.6415961743636641 0.05748456790123445 0.14609053497942381
0 0.7824500064300413 0.05169276787075141 0.06134259259259254 0.2726337448559671
0 0.8484267832647463 0.05786703627495809 0.0679012345679011 0.27417695473251025
0 0.8387809177812072 0.39211724584666974 0.0667438271604938 0.15329218106995884
0 0.3789041066529492 0.8699764708123762 0.06635802469135801 0.13014403292181068
0 0.09880374442729768 0.8627814929126657 0.05516975308641974 0.1373456790123457
0 0.22264499742798355 0.6487906759640298 0.053240740740740713 0.13837448559670792
0 0.30444181884430727 0.8653511278768481 0.06288580246913583 0.13477366255144033
0 0.03668767146776407 0.8622675659198293 0.05246913580246912 0.13786008230452676
0 0.16091392318244171 0.6559666018899558 0.04938271604938272 0.11059670781893005
0 0.44217839077503435 0.6318325140984605 0.07021604938271603 0.15689300411522636
0 0.243482349537037 0.8648362482853224 0.059027777777777776 0.13425925925925927
0 0.8279760373799726 0.6426173601585125 0.06327160493827158 0.13786008230452668
0 0.8815953467935528 0.8658612444749276 0.05285493827160492 0.1301440329218108
0 0.0004088434499314129 0.631267146776406 0.033179012345679014 0.10185185185185185
0 0.5293566207990398 0.8853942805974698 0.051311728395061665 0.11471193415637862
0 0.8117734053497943 0.8946411560737693 0.06481481481481476 0.10133744855967079
0 0.05944117584019205 0.4090725499161713 0.03973765432098765 0.13168724279835398
0 0.0004040209190672154 0.05833904892546868 0.02623456790123457 0.22839506172839508
