0 0.6114023987676056 0.18439673535037385 0.06734154929577459 0.1343896713615024
0 0.1739143192488263 0.6174795687706487 0.0845070422535211 0.11737089201877927
0 0.2249593481025039 0.2853699356633629 0.06822183098591551 0.1713615023474178
0 0.5224921141431924 0.5500277125717267 0.06470070422535217 0.15669014084507035
0 0.6774232198748044 0.16091820987654318 0.06690140845070418 0.12969483568075119
0 0.5440474007237871 0.21845059554860025 0.047975352112676006 0.15199530516431925
0 0.7095449432707356 0.4737110937228308 0.05457746478873236 0.12910798122065725
0 0.3636180800078247 0.04171448443748913 0.08890845070422541 0.05164319248826292
0 0.3851840644561814 0.5160548165536429 0.08758802816901413 0.22652582159624415
0 0.4868330643583724 0.22842983828899321 0.053697183098591554 0.15492957746478875
0 0.6025904122652583 0.5065896148495913 0.05413732394366188 0.14495305164319253
0 0.752667131259781 0.1527049643540254 0.03785211267605636 0.13262910798122068
0 0.27996442194835686 0.7430419709615719 0.05017605633802814 0.09096244131455396
0 0.39044007971439754 0.2683000782472613 0.05061619718309858 0.11619718309859157
0 0.27514121185446005 0.06635802469135801 0.07658450704225359 0.046948356807511735
0 0.19459207501956183 0.06402093114241002 0.07174295774647889 0.05809859154929578
0 0.7834876882824727 0.4232481307598678 0.05325704225352108 0.13615023474178412
0 0.0735692366001565 0.045279625282559556 0.09463028169014084 0.09917840375586856
0 0.020280100743348985 0.45140410363415057 0.04841549295774649 0.12206572769953054
0 0.6575994596048513 0.4930935924187098 0.04181338028169006 0.14671361502347413
0 0.2742432022691706 0.6045339940879847 0.05105633802816902 0.07981220657277001
0 0.15935666079812208 0.6350727047470005 0.03697183098591547 0.10387323943661984
0 0.4529419136345853 0.5400908537645626 0.05325704225352108 0.19953051643192496
0 0.9111263937793426 0.35514638758476785 0.050176056338028255 0.10739436619718311
0 0.9045203076095462 0.7601129151451921 0.04445422535211271 0.14730046948356812
0 0.7944860133020345 0.15619511824030605 0.04577464788732392 0.0991784037558685
0 0.868424173513302 0.35807739958268126 0.03785211267605636 0.10387323943661973
0 0.8613852821791862 0.16028516779690488 0.042693661971830936 0.07981220657276993
0 0.8613840595657276 0.08398974091462354 0.04093309859154933 0.07511737089201875
0 0.6202024647887323 0.845203551556251 0.06338028169014089 0.1437793427230048
0 0.5422969239045384 0.8417030733785428 0.0625 0.1660798122065729
0 0.4155311644170579 0.8903630890279951 0.05501760563380284 0.11326291079812208
0 0.47407234203834114 0.8680696835332986 0.058538732394366216 0.1208920187793428
0 0.023378203247261344 0.8540085419926969 0.07306338028169014 0.14612676056338028
0 0.8657869962832551 0.78887965136498 0.0431338028169015 0.15903755868544614
0 0.16817384340766822 0.7952807120500782 0.05765845070422536 0.10035211267605641
0 0.9582196302816901 0.7530663145539906 0.04753521126760568 0.14260563380281693
0 0.0009163487871674492 0.299425643366371 0.05193661971830986 0.14025821596244137
0 0.260632457942097 0.002985893757607372 0.09947183098591547 0.055751173708920194
0 0.4921300371674491 0.0018284863501999652 0.07570422535211278 0.0733568075117371
0 0.5462688893779343 0.005924513128151625 0.07790492957746473 0.06044600938967136
0 0.6351617517605633 0.005906581464093201 0.05545774647887324 0.04107981220657277
0 0.7390307120500781 0.8927050730307772 0.04929577464788745 0.10739436619718316
0 0.784366747359155 0.8399370761606677 0.051496478873239465 0.16021126760563378
0 0.8283725792253521 0.8024131672752565 0.03961267605633796 0.19776995305164324
0 0.9062814822965571 0.0570792036167623 0.04533450704225351 0.16666666666666666
