0 0.29442970893347054 0.6998347241274196 0.0898919753086419 0.2659465020576132
0 0.3025543338477366 0.11410417619265356 0.12268518518518516 0.4547325102880659
0 0.1983654299554184 0.6793095564700503 0.09066358024691357 0.32098765432098764
0 0.44760266632373114 0.1295691396128639 0.10339506172839508 0.4902263374485597
0 0.14475710519547327 0.10846288675506782 0.11689814814814815 0.4732510288065843
0 0.7994622878086419 0.7466301821368694 0.11458333333333333 0.24948559670781906
0 0.5637643068415639 0.12031940634049687 0.1539351851851851 0.5005144032921811
0 0.49430110811042527 0.6998161484529797 0.12692901234567905 0.24588477366255154
0 0.6474743334190672 0.7389227061423563 0.14081790123456786 0.2587448559670781
0 0.3955059370713306 0.6812704808718183 0.08410493827160492 0.21656378600823037
