0 0.10348872750391236 0.08604916536254564 0.08010563380281689 0.397887323943662
0 0.4432792938184663 0.589498022083116 0.08274647887323938 0.3198356807511738
0 0.37724685788341156 0.06671502782124847 0.06646126760563385 0.4325117370892018
0 0.5717915566314554 0.08019909580942444 0.06998239436619716 0.41784037558685444
0 0.27777533255086073 0.08429240566857937 0.06690140845070426 0.4019953051643193
0 0.19019280614241 0.07434413580246912 0.07482394366197183 0.4325117370892019
0 0.7654626980633803 0.07434956964006259 0.08318661971830986 0.4383802816901409
0 0.8631715204420971 0.09077551730133888 0.07966549295774648 0.431924882629108
0 0.6703910529147105 0.08724623978438534 0.08142605633802825 0.4231220657276995
0 0.47319786776212835 0.07784787428273342 0.06690140845070426 0.41373239436619713
0 0.08983060690532083 0.5795051947487393 0.06029929577464789 0.30223004694835687
0 0.019845156005477312 0.5894697661276299 0.05589788732394364 0.28931924882629106
0 0.15145246478873237 0.5947422187445661 0.06338028169014084 0.27934272300469487
0 0.30506406494522686 0.6135302556077205 0.06690140845070422 0.2887323943661972
0 0.614040798611111 0.6076877934272301 0.06382042253521136 0.31690140845070425
0 0.3838449970657277 0.6076682316118936 0.06073943661971831 0.2957746478873239
0 0.9507454885563381 0.6692629542688228 0.059419014084507026 0.2687793427230048
0 0.015020417644757431 0.1475786819683533 0.0801056338028169 0.3004694835680751
0 0.5339339421948357 0.6240930925056511 0.0620598591549296 0.28814553990610325
0 0.9489846195226918 0.21155668579377498 0.058978873239436624 0.31220657276995306
0 0.7174751198161189 0.6035716614501826 0.06558098591549298 0.30809859154929575
0 0.7901029440532081 0.6217641497130935 0.07218309859154917 0.30809859154929564
0 0.8710882482394366 0.628801512780386 0.07130281690140837 0.30281690140845086
0 0.23067903951486698 0.5859437489132324 0.06514084507042253 0.28403755868544595
