0 0.4727889035602504 0.3762166362371761 0.11179577464788737 0.046361502347417836
0 0.7223597662363067 0.3551050904190575 0.12764084507042256 0.06279342723004694
0 0.7232394366197182 0.42259335332985565 0.12676056338028177 0.06279342723004688
0 0.5845807047143975 0.6514551817075293 0.10607394366197183 0.050469483568075034
0 0.05423421606025039 0.41847993827160496 0.13952464788732397 0.05692488262910792
0 0.595581780614241 0.5757542166579724 0.10255281690140837 0.05399061032863857
0 0.7166254034624413 0.5669552034428795 0.10959507042253527 0.05809859154929577
0 0.20167650870500783 0.294650930272996 0.13248239436619716 0.053990610328638514
0 0.7210485133020345 0.26063184663536776 0.14084507042253513 0.073943661971831
0 0.8640799222417839 0.32987197878629804 0.12015845070422541 0.0645539906103286
0 0.8544035480242567 0.394442270909407 0.12984154929577457 0.08215962441314559
0 0.874193075117371 0.2535890497304817 0.1056338028169015 0.07335680751173712
0 0.48467301203051644 0.21953301599721786 0.11223591549295778 0.05340375586854462
0 0.20607700019561814 0.40498337245696403 0.13116197183098596 0.05809859154929577
0 0.30070116881846637 0.5546155016518866 0.12235915492957751 0.041079812206572794
0 0.5977956279342723 0.27410124326204144 0.12147887323943662 0.04342723004694833
0 0.052036874021909235 0.3269583550686837 0.14436619718309857 0.08685446009389672
0 0.5876534379890455 0.7118952138758478 0.09419014084507041 0.04401408450704225
0 0.44153095657277 0.580457203095114 0.10035211267605636 0.06279342723004683
0 0.47586805555555556 0.329857850808555 0.10915492957746473 0.04929577464788729
0 0.05157564309467918 0.596875 0.11399647887323942 0.04753521126760568
0 0.7082550860719875 0.7547491740566857 0.09859154929577459 0.05868544600938974
0 0.3403190409820031 0.3856438010780734 0.12984154929577466 0.08685446009389676
0 0.20167712001173707 0.22541079812206574 0.13336267605633803 0.06338028169014086
0 0.061688184663536774 0.6514524647887324 0.09859154929577467 0.04753521126760558
0 0.5977947109741784 0.3815015866805773 0.12015845070422541 0.04988262910798116
0 0.19328296165884196 0.6309277734307078 0.08802816901408449 0.06396713615023478
0 0.48202605389280123 0.2799714180142584 0.10343309859154932 0.04518779342722999
0 0.2038784355438185 0.34747380890279955 0.13424295774647885 0.0604460093896713
0 0.599556191314554 0.21249565292992526 0.12147887323943671 0.058685446009389686
0 0.8741900185837246 0.17084746131107634 0.10123239436619716 0.07863849765258214
0 0.06081218212050079 0.7101400843331594 0.10475352112676056 0.04988262910798116
0 0.1959247236893584 0.7101411711006782 0.08934859154929578 0.051056338028168904
0 0.5991142165492959 0.32693118588071646 0.11883802816901405 0.057511737089201896
0 0.7245360181924884 0.6385438402017041 0.09242957746478864 0.04988262910798127
0 0.4362495720852895 0.650285819857416 0.10079225352112675 0.055164319248826414
0 0.76635214935446 0.055789753955833764 0.09639084507042242 0.04166666666666667
0 0.5955955350156495 0.43138367240479913 0.12235915492957743 0.0492957746478874
0 0.29542314651799684 0.6485160189532255 0.12764084507042256 0.04518779342722999
0 0.06784985084115806 0.7735149321857068 0.09815140845070422 0.04401408450704225
0 0.34513888888888883 0.3116637323943662 0.09859154929577471 0.04753521126760568
0 0.19021145099765258 0.765312554338376 0.1016725352112676 0.05868544600938964
0 0.29542314651799684 0.6015682055294732 0.12764084507042256 0.045774647887323966
0 0.8530708993544601 0.74011802295253 0.1122359154929577 0.10211267605633802
0 0.7201318588615022 0.7013388975830291 0.088468309859155 0.05164319248826288
0 0.584136590375587 0.7653044035819858 0.10035211267605627 0.04988262910798116
0 0.2962997603677621 0.6966331942270909 0.12235915492957747 0.03990610328638495
0 0.43624284771126753 0.7776218266388454 0.09110915492957751 0.04284037558685451
0 0.4701508093701096 0.4237551078073378 0.11575704225352107 0.04988262910798121
0 0.2941005844092332 0.7347825378195095 0.12455985915492956 0.044014084507042354
0 0.2888262299491393 0.7776256303251609 0.1351232394366197 0.04694835680751171
0 0.43053354851330206 0.7042498043818466 0.10915492957746473 0.02640845070422531
0 0.42745531347809085 0.7306827073552425 0.1131161971830985 0.05281690140845083
0 0.8618715766823161 0.6526625804207964 0.10915492957746488 0.08685446009389676
0 0.8706743935837247 0.5722575421665796 0.10915492957746488 0.08039906103286387
0 0.10261853237480438 0.9284700486871849 0.09463028169014084 0.0715962441314554
0 0.21177346195226915 0.9126195444270562 0.0946302816901408 0.0657276995305166
0 0.31079200899843507 0.9184951530168666 0.07570422535211271 0.07335680751173701
0 0.38651365659233183 0.8991544948704573 0.10079225352112675 0.10093896713615028
0 0.4899388081964007 0.8962229394887846 0.08934859154929566 0.10387323943661973
0 0.5757540468505477 0.8991441705790297 0.07174295774647885 0.08978873239436633
0 0.6673452171361502 0.8979345983307251 0.13204225352112667 0.05105633802816901
0 0.34822323699139285 0.2230421883150756 0.10343309859154926 0.0404929577464789
0 0.348215595657277 0.27292807772561295 0.09242957746478872 0.04401408450704225
0 0.3403062035406886 0.0012470657276995305 0.11135563380281689 0.07922535211267605
0 0.47014989241001565 0.0012514127977743003 0.11443661971830986 0.08392018779342725
0 0.6453311448552425 0.0030212137019648756 0.1219190140845071 0.09389671361502347
0 0.7694273278560251 0.00298045992001391 0.08802816901408445 0.04988262910798122
0 0.0005058563184663537 0.9390225612936881 0.09463028169014084 0.05985915492957748
0 0.6902279562793426 0.9577856025039123 0.1254401408450705 0.042253521126760535
0 0.8728650112480437 0.9008976699704401 0.09463028169014097 0.08215962441314538
