0 0.7196706279342722 0.5599678316814467 0.058098591549295815 0.11737089201877927
0 0.32222741832942103 0.7959322291775344 0.06382042253521121 0.1701877934272301
0 0.29758197623239435 0.28353818901060684 0.06734154929577471 0.09448356807511739
0 0.11710558489827856 0.544087441314554 0.04049295774647889 0.07922535211267603
0 0.5907203638497652 0.5013524821770127 0.07394366197183094 0.19307511737089197
0 0.44634469141236305 0.2413058598504608 0.06029929577464791 0.11737089201877932
0 0.516770283157277 0.5259732003129891 0.0647007042253521 0.1637323943661971
0 0.8230979191118936 0.44082442183968007 0.049735915492957694 0.10446009389671355
0 0.15894311179577464 0.04353047296122414 0.07526408450704226 0.11150234741784036
0 0.5167684492370892 0.2389611589288819 0.0620598591549296 0.12030516431924888
0 0.8433948307902974 0.2354345983307251 0.12235915492957743 0.11443661971830985
0 0.5898333577856025 0.2336794687880369 0.06426056338028169 0.12030516431924877
0 0.20515178746087637 0.5658537645626847 0.06646126760563378 0.13615023474178406
0 0.07663738507433489 0.03473852373500261 0.07614436619718311 0.12323943661971831
0 0.61051783793036 0.782458485480786 0.06117957746478871 0.19600938967136164
0 0.294939297241784 0.5658385498174231 0.0647007042253521 0.11971830985915496
0 0.022484472809076683 0.2518801078073378 0.05369718309859153 0.1291079812206573
0 0.3833984374999999 0.24365273430707698 0.051496478873239465 0.11678403755868545
0 0.6664126687206573 0.24423632846461488 0.05677816901408445 0.11326291079812208
0 0.6738865047926447 0.7889008433315945 0.04445422535211271 0.18192488262910791
0 0.4437093481025039 0.5412227221352808 0.06822183098591539 0.15434272300469487
0 0.3684437353286385 0.5394637889062772 0.06602112676056338 0.1561032863849766
0 0.16816742468701096 0.4361371935315598 0.04841549295774647 0.11267605633802814
0 0.7359595070422535 0.22782070509476612 0.0633802816901408 0.13086854460093897
0 0.29097313918231615 0.4285194966092854 0.057658450704225296 0.12499999999999994
0 0.11226434125586855 0.4243968440271257 0.04093309859154927 0.10915492957746488
0 0.24828222809076683 0.0376717092679534 0.061619718309859114 0.12206572769953052
0 0.2328684345657277 0.43964962615197356 0.048855633802816927 0.10328638497652586
0 0.9212493275625977 0.4349618544600939 0.049735915492957854 0.11091549295774654
0 0.05416666666666667 0.5417775169535733 0.04225352112676057 0.11971830985915496
0 0.4111441216744914 0.007167231785776387 0.07570422535211263 0.13497652582159625
0 0.8403025357003131 0.00482850808555034 0.1060739436619719 0.14436619718309857
0 0.16112150332550862 0.5623114458355067 0.04313380281690138 0.11326291079812217
0 0.9608546679381847 0.56700465136498 0.03917253521126756 0.11150234741784036
0 0.9106896151212832 0.5634884150582508 0.05501760563380284 0.1167840375586853
0 0.8759123752934272 0.4361382802990785 0.04621478873239448 0.113849765258216
0 0.7843737773865415 0.5810777473482873 0.0616197183098592 0.09917840375586845
0 0.7496160993740218 0.000728677621283255 0.0809859154929577 0.15316901408450706
0 0.858309492370892 0.5629037341331943 0.050176056338028095 0.11913145539906099
0 0.2254074359350548 0.8140948313336812 0.07966549295774644 0.13791079812206578
0 0.5057551472026603 0.7847982959485307 0.047975352112676006 0.18779342723004694
0 0.5651756895539906 0.7807022691705789 0.050176056338028255 0.20070422535211271
0 0.3983616979655712 0.8147088549817424 0.04929577464788729 0.16725352112676053
0 0.8248590937989045 0.78068488089028 0.0506161971830985 0.18192488262910803
0 0.9309269243935836 0.8727373500260823 0.041813380281690134 0.09154929577464783
0 0.15276891383020344 0.81878314640932 0.05765845070422534 0.13086854460093902
0 0.4595394415101722 0.7971091984002782 0.04665492957746472 0.17370892018779333
0 0.7702831572769953 0.7947677577812554 0.05281690140845083 0.18016431924882642
0 0.8869134511932706 0.8698106850982437 0.042693661971831096 0.09976525821596242
0 0.7262635710093897 0.7824530516431926 0.04489436619718311 0.19014084507042253
0 0.0026866930751173706 0.0024990219092331767 0.06602112676056339 0.1637323943661972
0 0.3165144512910798 0.007176469309685273 0.07658450704225347 0.1449530516431925
0 0.4947675200508607 0.0054115588593288124 0.07086267605633804 0.1402582159624413
0 0.5722387275039124 0.0036569727003999304 0.08010563380281698 0.1467136150234742
0 0.6637846610915492 0.005419166231959659 0.07526408450704215 0.14847417840375587
0 0.9511773767605634 0.0007324813075986785 0.04753521126760568 0.1572769953051643
0 0.08938649256651018 0.25245772474352285 0.05457746478873238 0.11913145539906103
0 0.14747194102112676 0.2553974308815858 0.03565140845070422 0.125
0 0.18576266627543037 0.25422209181011995 0.03345070422535213 0.12323943661971834
0 0.0013372334702660407 0.25246913580246916 0.02420774647887324 0.13145539906103285
0 0.23640484399452266 0.20429707876890976 0.07086267605633804 0.0774647887323944
0 0.21924087930359937 0.28469722656929225 0.07306338028169014 0.07863849765258221
0 0.7993223664906103 0.23720494261867503 0.03829225352112676 0.12499999999999994
0 0.07572653804773083 0.4238089027995131 0.032130281690140844 0.10798122065727693
0 0.09862853335289515 0.6385492740392975 0.05325704225352113 0.055751173708920077
0 0.36184712441314554 0.4314342070944183 0.07394366197183101 0.10387323943661973
0 0.6743208382237872 0.5564412710832899 0.03609154929577466 0.11150234741784036
0 0.7161403315727699 0.45313043383759344 0.04489436619718327 0.085093896713615
