0 0.487739326584507 0.03791949226221527 0.09110915492957743 0.3896713615023474
0 0.08279935690532081 0.10416449313162929 0.0761443661971831 0.3145539906103286
0 0.7483051520931141 0.03968114241001565 0.09463028169014097 0.39084507042253525
0 0.6118504866001565 0.5631515171274563 0.0787852112676056 0.3867370892018778
0 0.16774501173708922 0.10357818205529473 0.07394366197183096 0.31514084507042256
0 0.41598444835680753 0.06195444270561642 0.07394366197183101 0.3615023474178404
0 0.69063753178795 0.5614067118761954 0.0814260563380281 0.4037558685446011
0 0.5819221317488263 0.042609980872891674 0.08054577464788722 0.3849765258215962
0 0.5462560519366197 0.557866566684055 0.05941901408450694 0.3832159624413145
0 0.23376797241784036 0.5725227134411406 0.07658450704225352 0.3667840375586855
0 0.8446791862284819 0.10065640758129021 0.07042253521126772 0.3286384976525822
0 0.24563893779342724 0.15635052599547905 0.05809859154929578 0.26701877934272295
0 0.001814052719092332 0.10240555990262563 0.07702464788732395 0.31631455399061037
0 0.06871974031690141 0.5795513823682837 0.08318661971830986 0.3521126760563381
0 0.3050579518779343 0.1610350373848026 0.05809859154929578 0.255868544600939
0 0.3138769684076682 0.5813146626673622 0.08142605633802821 0.35504694835680745
0 0.6655479753521126 0.04319411841418884 0.079225352112676 0.3820422535211268
0 0.4692414906103286 0.5549447922100503 0.07394366197183094 0.39671361502347435
0 0.39705502983176844 0.5930490349504434 0.06910211267605627 0.3521126760563381
0 0.18313832648669795 0.5824764171448443 0.05721830985915493 0.3421361502347419
0 0.03171978922143975 0.5900745522517823 0.04269366197183099 0.30868544600938963
0 0.9173015087050079 0.11004173187271778 0.06910211267605619 0.323943661971831
0 0.8781262226134585 0.7648441575378195 0.06514084507042257 0.1866197183098593
0 0.7698552425665102 0.7806854242740392 0.07042253521126757 0.1825117370892019
0 0.9164053330399061 0.5042335028690663 0.04621478873239432 0.13556338028169007
0 0.9648131846635368 0.49837365240827675 0.035211267605633784 0.14495305164319242
