0 0.055294067215363514 0.00544791190367322 0.17901234567901234 0.32818930041152267
0 0.2675012324245542 0.01880572702331962 0.20177469135802467 0.3101851851851852
0 0.4873655049725652 0.029611053955189755 0.1396604938271604 0.3132716049382716
0 0.6293311685528121 0.03424306508154244 0.1257716049382715 0.31584362139917693
0 0.9140257951817559 0.2698026215515927 0.08603395061728397 0.2757201646090535
0 0.9093993805727024 0.651321254381954 0.0906635802469135 0.09362139917695471
0 0.9074711719821674 0.7464720507544581 0.09182098765432095 0.0787037037037037
0 0.8766219778806583 0.8205585086114923 0.11342592592592603 0.09207818930041142
0 0.8901213134430728 0.9141703818015546 0.1080246913580246 0.08179012345679026
0 0.9063151041666667 0.5510102309099223 0.09375 0.09104938271604932
0 0.10049404149519892 0.4940343507087333 0.26697530864197533 0.2237654320987655
0 0.39210069444444445 0.519724984758421 0.18055555555555555 0.19187242798353904
0 0.1050502614883402 0.7855738454503887 0.16126543209876545 0.08641975308641968
0 0.5884969242969822 0.5166371361073008 0.21334876543209866 0.19032921810699588
0 0.4885537229938272 0.7964739559518366 0.1840277777777778 0.19187242798353904
0 0.3025929140946502 0.7964839582380735 0.17824074074074078 0.20267489711934158
