0 0.4058771028951487 0.35233546339766997 0.0968309859154929 0.24061032863849766
0 0.44901212832550863 0.6838745435576421 0.09859154929577459 0.20422535211267615
0 0.22321559565727697 0.6392632802990784 0.09242957746478872 0.19307511737089197
0 0.6418473078051643 0.028948769779168836 0.17561619718309857 0.20833333333333334
0 0.525150381455399 0.027201790992870806 0.08978873239436615 0.22300469483568075
0 0.7403706964006259 0.3464821335419927 0.07746478873239447 0.2570422535211268
0 0.08145631602112675 0.5781896626673623 0.043573943661971835 0.14906103286384972
0 0.09201939064945226 0.36396387584767864 0.0431338028169014 0.12323943661971828
0 0.35876950068466357 0.6674322943835855 0.0787852112676056 0.19307511737089197
0 0.44459513155320807 0.06473548078595026 0.07614436619718311 0.19600938967136147
0 0.6703931924882629 0.7079127543035993 0.08450704225352107 0.17957746478873254
0 0.30465021028951483 0.37166851417144847 0.10475352112676062 0.20481220657276997
0 0.5652105340375587 0.36700465136498 0.10035211267605636 0.238262910798122
0 0.36097020491001564 0.07822878629803512 0.0787852112676056 0.1913145539906103
0 0.03084286971830986 0.5893149017562163 0.04753521126760564 0.12206572769953065
0 0.22056252445226915 0.37165058250739 0.07482394366197183 0.1854460093896714
0 0.03569022642801252 0.1908189880020866 0.055897887323943664 0.09859154929577464
0 0.5660544429773082 0.6803289645279081 0.047975352112676006 0.17781690140845083
0 0.12019298953442879 0.5799556598852375 0.049735915492957736 0.15492957746478864
0 0.17257250097809076 0.6145697487393497 0.053697183098591575 0.14377934272300458
0 0.04447684370109547 0.3569216223265519 0.03257042253521126 0.12323943661971828
0 0.2839394439553991 0.09523126412797774 0.06998239436619712 0.17370892018779344
0 0.16465057707355243 0.36044926969222746 0.05457746478873242 0.1302816901408451
0 0.18138418182707355 0.12221189793079464 0.06646126760563378 0.15786384976525822
0 0.010150748239436621 0.3575106503216832 0.03961267605633803 0.12558685446009393
0 0.036566840277777776 0.005357220483394193 0.05061619718309858 0.08157276995305165
0 0.13163420627934272 0.18554055816379764 0.046214788732394374 0.10211267605633799
0 0.834139646909233 0.01135019996522344 0.10475352112676053 0.215962441314554
0 0.7113528829225353 0.9167383933229004 0.12279929577464783 0.07746478873239442
0 0.28040303452660403 0.9102819074943488 0.04797535211267608 0.07629107981220658
0 0.08500281201095461 0.8862187010954615 0.0801056338028169 0.073943661971831
0 0.22010404440532083 0.8932712789080159 0.04841549295774645 0.08509389671361525
0 0.8200404685054773 0.3553050556424969 0.08362676056338027 0.27875586854460094
0 0.7932010465571204 0.7167177447400451 0.09683098591549298 0.18192488262910803
0 0.09553715522300468 0.1368778255955486 0.03829225352112676 0.15199530516431928
0 0.12151646860328638 0.0018176186750130414 0.054137323943661976 0.061619718309859156
0 0.24782374804381846 0.1069650930272996 0.03521126760563382 0.17018779342723003
0 0.5132393754890453 0.3511503434185359 0.050616197183098656 0.2282863849765258
0 0.31560757775821596 0.6339908276821422 0.03829225352112676 0.20305164319248828
0 0.6113932291666667 0.6862056598852373 0.054137323943661955 0.18661971830985918
0 0.0335283401799687 0.8533325725960703 0.11179577464788733 0.04988262910798116
