0 0.3768571498435055 0.09586267605633803 0.13908450704225359 0.2218309859154929
0 0.7637109986306729 0.1046562554338376 0.09595070422535217 0.21185446009389672
0 0.6325325215179968 0.7390084333159451 0.07218309859154932 0.17136150234741773
0 0.07580203442879498 0.46895050860719883 0.1408450704225352 0.05809859154929577
0 0.7747313306924882 0.5757618240306033 0.12015845070422541 0.06220657276995317
0 0.5573463786189358 0.2723640453834116 0.18441901408450717 0.06866197183098595
0 0.25584103579812206 0.507716049382716 0.17165492957746484 0.09389671361502352
0 0.23381901652973397 0.09466397148322031 0.1500880281690141 0.1948356807511737
0 0.4569193808685446 0.6854981742305686 0.07658450704225352 0.056338028169014155
0 0.4665914759389672 0.7448009041905755 0.06073943661971831 0.08920187793427235
0 0.6066112822769953 0.4496728829768735 0.1399647887323944 0.153755868544601
0 0.7469645564358371 0.7424741349330551 0.06558098591549298 0.11150234741784036
0 0.44683251418231607 0.44380922882976875 0.12896126760563378 0.15903755868544595
0 0.12946590131064162 0.6455844635715529 0.09286971830985916 0.04812206572769945
0 0.7663607076486698 0.5059326638845418 0.10871478873239432 0.06924882629107972
0 0.08724722466744914 0.07574497913406363 0.14304577464788737 0.044014084507042264
0 0.09339574775039125 0.5282075943314206 0.12367957746478873 0.041666666666666775
0 0.06875519610719875 0.18607524778299425 0.13424295774647887 0.04577464788732394
0 0.10261578149452269 0.3098999087115284 0.09066901408450706 0.04401408450704225
0 0.015471562010954617 0.7001592114414884 0.09595070422535214 0.045187793427230095
0 0.12637727406103288 0.6766828595026951 0.08186619718309854 0.04284037558685451
0 0.8310177034428795 0.7342875152147452 0.04577464788732407 0.1431924882629108
0 0.5475767801251956 0.7530190401669274 0.0598591549295775 0.09154929577464793
0 0.415521077856025 0.7325182576943141 0.04049295774647892 0.13380281690140836
0 0.33189584555946794 0.7272197226569291 0.04269366197183102 0.11561032863849766
0 0.013268106905320813 0.8022751478003824 0.09198943661971831 0.04870892018779353
0 0.13476868153364632 0.8228096200660755 0.12323943661971835 0.042840375586854405
0 0.09163151652973396 0.13326215006085895 0.11839788732394367 0.04988262910798124
0 0.5595070422535211 0.11690195183446357 0.1267605633802817 0.1273474178403756
0 0.7016193515258216 0.10987436967483916 0.050176056338028255 0.1431924882629108
0 0.13212111208920188 0.7412330464267084 0.11355633802816902 0.03873239436619721
0 0.14136223591549296 0.7846483220309511 0.11091549295774651 0.02582159624413144
0 0.009319982394366197 0.7529647017909928 0.11091549295774648 0.0328638497652583
0 0.020306998239436623 0.6367800165188663 0.08714788732394364 0.046361502347417836
0 0.9533774696791864 0.7847434141888368 0.04665492957746472 0.12852112676056332
0 0.09252066216744913 0.40672872109198405 0.13116197183098594 0.041666666666666616
