0 0.0023095168231611896 0.004800795513823683 0.15669014084507044 0.11443661971830986
0 0.16471537558685445 0.004806229351417145 0.14788732394366197 0.12030516431924883
0 0.32849331230438183 0.0007188967136150235 0.21346830985915494 0.1426056338028169
0 0.5608852332746478 0.003075008694140149 0.20994718309859164 0.15199530516431922
0 0.7959005770735526 0.036519735698139454 0.1813380281690139 0.14553990610328638
0 0.8349471830985915 0.6607981220657277 0.0 0.0
0 0.0022523596439749612 0.3282842114414884 0.0743838028169014 0.2511737089201878
0 0.12195171899452269 0.3059500521648409 0.047095070422535204 0.21478873239436622
0 0.17699622212441313 0.3376847504781777 0.08582746478873242 0.26291079812206575
0 0.26417467478482 0.4021512563032516 0.12984154929577466 0.16842723004694843
0 0.4072192268192489 0.4021485393844549 0.12808098591549288 0.16549295774647887
0 0.5383775308098591 0.3916226525821596 0.1227992957746479 0.20598591549295775
0 0.6827333357785602 0.40216375412971656 0.10783450704225359 0.18192488262910797
0 0.8033362064749608 0.4203421144148844 0.11399647887323962 0.1666666666666667
0 0.9225871723395932 0.43734785254738306 0.07482394366197175 0.15258215962441316
0 0.3500082526408451 0.22430935924187095 0.13864436619718304 0.14143192488262907
0 0.5317689994131455 0.23194661797948182 0.11355633802816899 0.15023474178403756
0 0.6862562964593114 0.2442749087115284 0.110475352112676 0.15492957746478875
0 0.008914074726134586 0.6968000130412102 0.1602112676056338 0.22007042253521125
0 0.17489974569640065 0.7137959702660407 0.2359154929577465 0.19542253521126768
0 0.00364399941314554 0.9179061250217354 0.17693661971830987 0.07100938967136154
0 0.18194016529733956 0.9120511650147801 0.23327464788732397 0.08568075117370881
0 0.4345327171361502 0.7119365110415581 0.16373239436619724 0.08861502347417838
0 0.42533774696791865 0.8141301512780387 0.23283450704225359 0.176056338028169
0 0.8456007311228484 0.25367870805077375 0.12984154929577457 0.17018779342723003
0 0.8478167180164319 0.8363936706659711 0.1518485915492958 0.13615023474178395
