0 0.30907707475994517 0.4044414913885079 0.07098765432098762 0.13014403292181065
0 0.40205386231138546 0.10665866483767718 0.06867283950617278 0.191358024691358
0 0.20529915766460904 0.10254439109891786 0.07523148148148147 0.19238683127572015
0 0.47921676740397806 0.10717259183051364 0.07214506172839508 0.19084362139917693
0 0.13353346836419755 0.10818377533912513 0.06597222222222222 0.1718106995884774
0 0.29056311085390946 0.10409188766956255 0.07754629629629631 0.1970164609053498
0 0.04557747127914952 0.117443510897729 0.07600308641975309 0.17232510288065844
0 0.639706843707133 0.12774396052431033 0.0667438271604938 0.18569958847736626
0 0.5664022312242798 0.15190281588172536 0.06365740740740738 0.16615226337448563
0 0.6836725180041152 0.4075383897271757 0.04398148148148151 0.1414609053497942
0 0.22535499185528124 0.4111230185947264 0.0667438271604938 0.12397119341563793
0 0.5525138781721537 0.6374395099832343 0.06442901234567905 0.10133744855967079
0 0.6103813014403292 0.4121761164456638 0.06018518518518524 0.15020576131687238
0 0.15436197916666664 0.3956956828227404 0.0590277777777778 0.1291152263374485
0 0.5378560635288067 0.39314128943758575 0.06828703703703706 0.14814814814814814
0 0.0856816379458162 0.3910689109891785 0.048225308641975315 0.13220164609053497
0 0.4730369620198902 0.39153187395214145 0.06211419753086421 0.07664609053497942
0 0.02010620284636488 0.3700021909769852 0.06404320987654322 0.15792181069958847
0 0.0011836634087791494 0.12567348727328154 0.03780864197530864 0.1718106995884774
0 0.47496409893689984 0.6621008611492152 0.059413580246913573 0.06893004115226328
0 0.6289016953875172 0.6286779835390947 0.06288580246913587 0.08333333333333333
0 0.7882359717935528 0.14214153711324493 0.059799382716049364 0.17952674897119344
0 0.718790455675583 0.12620313214449017 0.05825617283950619 0.1882716049382716
0 0.8669302983539094 0.4101213610730072 0.04629629629629635 0.1532921810699588
0 0.7959466628086419 0.40240674058832493 0.052083333333333336 0.15483539094650217
0 0.7488734032064471 0.40445720926688006 0.0443672839506173 0.1471193415637861
0 0.89470861196845 0.16578932327389115 0.04706790123456794 0.16358024691358025
0 0.9213330011145405 0.41062861987501903 0.05285493827160492 0.14557613168724282
0 0.954502368398491 0.16114778616064623 0.03896604938271619 0.15072016460905352
0 0.8341705782750343 0.6476775643956714 0.09452160493827158 0.04732510288065852
0 0.7195709019204389 0.6477132868465172 0.07098765432098778 0.08590534979423874
0 0.8387996720679013 0.6872894756896815 0.09375 0.05041152263374487
0 0.4124574009773662 0.6122489902453895 0.04976851851851849 0.11779835390946508
0 0.18293038408779153 0.6430855624142661 0.08641975308641968 0.08796296296296297
0 0.06253188228737998 0.642046753543667 0.045910493827160496 0.07716049382716053
