0 0.00048048708920187796 0.20091234133194227 0.05809859154929578 0.22476525821596247
0 0.0585747994913928 0.19505466440619024 0.051936619718309866 0.23650234741784032
0 0.11139689700704226 0.1968174013215093 0.059419014084507026 0.23884976525821594
0 0.16993776897496088 0.19681903147278734 0.06250000000000001 0.24061032863849766
0 0.015912314162754303 0.5032385672057034 0.09683098591549298 0.3286384976525822
0 0.11142593407668233 0.5003070118240306 0.10123239436619717 0.3315727699530516
0 0.21265680017605634 0.5003097287428274 0.09903169014084502 0.33450704225352107
0 0.9203886076877934 0.04252249608763693 0.07790492957746473 0.29049295774647893
0 0.31825789808294214 0.5752407190053903 0.051936619718309825 0.1332159624413146
0 0.3710738825312989 0.5734834159276648 0.05061619718309858 0.13673708920187794
0 0.4252112064749609 0.5676186750130412 0.05061619718309858 0.14084507042253522
0 0.4758295432316119 0.5752450660754651 0.05369718309859148 0.13791079812206578
0 0.5286458333333334 0.5723064467049209 0.05281690140845059 0.1332159624413146
0 0.31825636981611893 0.7113898669796558 0.049735915492957736 0.13204225352112675
0 0.3710732712245697 0.7072829725265171 0.049735915492957694 0.1332159624413146
0 0.42300805702269173 0.7102188749782646 0.047095070422535204 0.13497652582159622
0 0.4701095461658842 0.7113980177360459 0.05633802816901405 0.14084507042253513
0 0.5286418598395931 0.7055283863675883 0.04709507042253512 0.13967136150234738
0 0.6034606073943661 0.6221646235437316 0.03961267605633812 0.10680751173708919
0 0.6417553061424099 0.6192330681620587 0.0431338028169015 0.10974178403755874
0 0.6857669454225351 0.6174784820031299 0.03961267605633812 0.11619718309859153
0 0.7267021835876368 0.616303142931664 0.042693661971831096 0.11443661971830982
0 0.7693930946791863 0.6145442097026604 0.03873239436619716 0.11619718309859142
0 0.5999403975938966 0.724882085724222 0.04093309859154941 0.12617370892018773
0 0.6452755159428795 0.724882085724222 0.04181338028169021 0.12617370892018773
0 0.6870864509976526 0.7307435663362893 0.03829225352112676 0.11854460093896711
0 0.7288983030125197 0.7319161884889586 0.036091549295774586 0.11737089201877916
0 0.7649938258020343 0.7319151017214399 0.041813380281690134 0.11619718309859142
0 0.6109445300273866 0.3316743827160494 0.041813380281690134 0.1097417840375587
0 0.6527572990023474 0.3316743827160494 0.04093309859154925 0.1097417840375587
0 0.6945743471244131 0.3316743827160494 0.04621478873239432 0.1097417840375587
0 0.7421025283646323 0.33284863501999656 0.036091549295774586 0.11032863849765251
0 0.7803972271126761 0.3316705790297339 0.03961267605633796 0.10563380281690145
0 0.557247346928795 0.3199443575030429 0.04181338028169029 0.11737089201877937
0 0.5163136370305164 0.3228786298035124 0.04093309859154925 0.11737089201877937
0 0.4758188453638498 0.32111426273691535 0.03829225352112676 0.11326291079812208
0 0.430486172241784 0.3170138888888889 0.04093309859154933 0.12147887323943662
0 0.3842729117762128 0.32111263258563727 0.0431338028169015 0.11150234741784042
0 0.37678807218309857 0.21136541471048512 0.03961267605633796 0.10563380281690142
0 0.41640533303990607 0.20960756824900018 0.046214788732394395 0.10856807511737085
0 0.4648162411971831 0.212540753781951 0.039612676056338045 0.10739436619718305
0 0.5044289172535211 0.21429968701095464 0.03961267605633796 0.10563380281690136
0 0.5427220877347417 0.2142980568596766 0.04093309859154925 0.10387323943661965
0 0.11712025625978091 0.8979807859502695 0.061619718309859156 0.10093896713615028
0 0.17961567145931143 0.9050154320987654 0.0550176056338028 0.09272300469483558
0 0.002697390942879499 0.9067765388628064 0.08142605633802817 0.09330985915492965
0 0.24256712147887324 0.912639649626152 0.07130281690140844 0.08744131455399064
0 0.3204744962832551 0.9126358459398366 0.07482394366197183 0.08333333333333333
0 0.5572442903951487 0.9314016040688577 0.03741197183098603 0.06866197183098585
0 0.514112321498435 0.9343331594505304 0.04005281690140852 0.0657276995305164
0 0.48109625635758996 0.9302289819161884 0.0321302816901408 0.0698356807511738
0 0.4494042815923318 0.9302289819161884 0.029489436619718232 0.0698356807511738
0 0.9124602650625978 0.7366773169883498 0.06954225352112675 0.18896713615023478
0 0.8323613556338029 0.0413471570161711 0.07922535211267609 0.2887323943661972
0 0.7958000171165887 0.09821552773430708 0.03653169014084499 0.22769953051643194
0 0.7693845363849765 0.13220635541644932 0.026408450704225414 0.1772300469483568
0 0.7297810299295776 0.13334800469483568 0.03961267605633796 0.14260563380281688
