0 0.21574512177230046 0.7190885280820728 0.10959507042253525 0.20715962441314548
0 0.3420774647887324 0.7237855372978612 0.1267605633802817 0.20950704225352118
0 0.10394292840375587 0.7138030342549121 0.10035211267605633 0.20305164319248828
0 0.07445746527777777 0.34703529820900714 0.10607394366197183 0.22065727699530518
0 0.7641596977699531 0.7390410363415059 0.10827464788732391 0.20657276995305163
0 0.4371316876956181 0.0007536732742131803 0.10343309859154926 0.18016431924882628
0 0.634780602014867 0.35232731264127976 0.1404049295774648 0.2318075117370892
0 0.7839703149452271 0.36171644061902275 0.11443661971830986 0.2312206572769953
0 0.33196247799295775 0.35349721787515215 0.13864436619718312 0.22769953051643194
0 0.48336695520344286 0.3546752738654147 0.13292253521126757 0.23239436619718315
0 0.8490747872652583 0.0007563901930099113 0.06205985915492944 0.18309859154929575
0 0.6277340693466353 0.743735872022257 0.13424295774647885 0.20657276995305163
0 0.4873279171557121 0.7273115545122587 0.13248239436619708 0.21478873239436622
0 0.00048293231611893587 0.009559207094418362 0.061619718309859156 0.18309859154929578
0 0.07665664123630672 0.0048632846461484965 0.10387323943661973 0.181924882629108
0 0.20429442977308293 0.0030934837419579198 0.09947183098591551 0.17194835680751172
0 0.33060629401408453 0.0007536732742131803 0.08714788732394368 0.18016431924882628
0 0.5550937133215963 0.001921948356807512 0.10959507042253512 0.1742957746478873
0 0.6920041079812207 0.007789406190227787 0.14788732394366197 0.17312206572769953
0 0.003567891725352113 0.3570036732742132 0.06734154929577466 0.21185446009389666
0 0.004461927816901409 0.7032478047296123 0.08714788732394367 0.21185446009389666
