0 0.4520640771713615 0.6751418231611894 0.05677816901408461 0.27992957746478864
0 0.8314636517018779 0.6886459963484611 0.05413732394366204 0.2869718309859155
0 0.24476293525039125 0.24207257433489832 0.06426056338028169 0.31161971830985913
0 0.3270643828247261 0.2579084072335246 0.057218309859154895 0.30164319248826293
0 0.8790126173708919 0.2690580985915493 0.07394366197183094 0.3010563380281691
0 0.26411996283255085 0.6815580985915494 0.051056338028169064 0.2376760563380281
0 0.32617309761345853 0.6868669579203616 0.04137323943661973 0.26701877934272306
0 0.5748612333724571 0.6927469135802469 0.05369718309859148 0.27934272300469487
0 0.3917635587832551 0.24969190140845068 0.055017605633802764 0.30105633802816906
0 0.18401707991001565 0.2608372456964006 0.0550176056338028 0.295774647887324
0 0.7482797828638497 0.24912678229873067 0.058098591549295815 0.32453051643192493
0 0.6444007360133022 0.6903869979134063 0.049735915492957694 0.26584507042253536
0 0.5172000317879499 0.6727987523908885 0.04973591549295778 0.28462441314554
0 0.38780229117762127 0.6880395800730309 0.05501760563380284 0.26584507042253513
0 0.5568139304577465 0.2426572552599548 0.051496478873239465 0.30927230046948356
0 0.6223943050665102 0.23093809772213525 0.0506161971830985 0.32863849765258224
0 0.705137116099374 0.6727998391584071 0.04533450704225351 0.28579812206572774
0 0.45602473347026606 0.25790406016344986 0.05589788732394357 0.29694835680751164
0 0.0387733519170579 0.6979824161015477 0.058978873239436624 0.22946009389671349
0 0.6866542571400626 0.27961550165188664 0.04973591549295778 0.2946009389671362
0 0.4952006308685446 0.0018741305859850462 0.06073943661971831 0.12265258215962442
0 0.5638619913928012 0.001291623195965919 0.05985915492957743 0.1273474178403756
0 0.423452477014867 0.0018746739697443925 0.05325704225352115 0.12323943661971831
0 0.27116191070031304 0.004225352112676058 0.05061619718309858 0.1267605633802817
0 0.8107855902777777 0.24971635367762127 0.06646126760563394 0.3274647887323944
0 0.7654425249413145 0.6739816988349853 0.05413732394366204 0.29460093896713613
0 0.901438710387324 0.7109165797252652 0.043573943661971745 0.2546948356807513
0 0.9555812304381847 0.6997782994261867 0.051056338028168904 0.26760563380281693
0 0.951183489827856 0.31243914101895326 0.056338028169014204 0.25117370892018787
0 0.20029892899061036 0.7161792514345331 0.05017605633802818 0.23415492957746478
0 0.15231685250391233 0.7507444357503043 0.04049295774647889 0.1701877934272301
0 0.00046642703442879505 0.7103052729960007 0.037852112676056336 0.22828638497652587
0 0.33367444248826295 0.005989719179273169 0.06866197183098591 0.13086854460093897
0 0.19898950997652587 0.008341484089723527 0.06602112676056333 0.13556338028169013
0 0.15759212392410019 0.0013046644061902278 0.03125 0.14143192488262912
