0 0.028586891289437585 0.022272233653406494 0.054012345679012363 0.16512345679012347
0 0.09572536222565159 0.005319787379972565 0.06674382716049383 0.18981481481481483
0 0.16170026363168724 0.006340496875476298 0.07060185185185186 0.18106995884773663
0 0.23538773148148145 0.015082971345831427 0.06944444444444449 0.17849794238683128
0 0.3079116298010974 0.009931317634506935 0.05941358024691361 0.17026748971193417
0 0.3704263653120713 0.013532140679774424 0.08063271604938278 0.17026748971193414
0 0.4576171875 0.012507620789513793 0.0798611111111111 0.1748971193415638
0 0.5440323859739369 0.013532140679774424 0.07330246913580238 0.17026748971193414
0 0.6227323388203019 0.0037675278158817256 0.06790123456790119 0.1800411522633745
0 0.6964173954046639 0.009940367322054564 0.06327160493827166 0.1800411522633745
0 0.7870638288751716 0.015078684651729917 0.03858024691358016 0.17386831275720163
0 0.8422445666152263 0.022276996646852617 0.0543981481481481 0.17026748971193417
0 0.9093728566529494 0.006348593964334705 0.05246913580246905 0.18981481481481485
0 0.017397548010973936 0.2722393689986283 0.05246913580246914 0.12962962962962957
0 0.07604005915637861 0.27943672839506173 0.053240740740740713 0.125
0 0.1312100801611797 0.27584257354061886 0.053626543209876525 0.13220164609053497
0 0.18560929998285325 0.2722474660874867 0.05516975308641972 0.13837448559670779
0 0.24154181670096023 0.26093535665294926 0.04243827160493825 0.14351851851851852
0 0.28552785279492454 0.2573364388050602 0.048996913580246944 0.14557613168724282
0 0.33915466392318244 0.27069996951684194 0.04938271604938274 0.1337448559670782
0 0.4116895468964335 0.26966878143575673 0.05516975308641976 0.13117283950617292
0 0.47843283822016464 0.2671148643499467 0.054398148148148175 0.15072016460905344
0 0.5393874849965706 0.2624847584209724 0.05131172839506175 0.15020576131687244
0 0.5972527649176955 0.24036922725194332 0.04398148148148151 0.15432098765432095
0 0.6539887688614541 0.2424316034141137 0.07716049382716048 0.15946502057613163
0 0.7724188743141289 0.24758230452674898 0.060956790123456825 0.16666666666666666
0 0.8449414330418381 0.24655873723517757 0.048996913580246826 0.17232510288065847
0 0.9132263267318245 0.2537503810394757 0.045910493827160476 0.16152263374485598
0 0.9699277692043896 0.25839715744551134 0.02932098765432095 0.18004115226337444
0 0.9340508187585734 0.4666976261240665 0.03317901234567905 0.14454732510288062
0 0.9811058599108369 0.47285570035055635 0.014660493827160476 0.12860082304526746
0 0.8661616405178326 0.46411798887364736 0.05054012345679016 0.13631687242798354
0 0.814071877143347 0.4605124028349337 0.04128086419753095 0.13117283950617287
0 0.6586138438786008 0.46410751028806585 0.0706018518518519 0.12499999999999994
0 0.5860811042524005 0.4594855014479501 0.06790123456790134 0.13323045267489708
0 0.5143213091563787 0.46564929126657517 0.06712962962962953 0.12345679012345677
0 0.46569117584019204 0.46921867855509825 0.03973765432098762 0.08950617283950624
0 0.41168124142661183 0.47024319844535895 0.04320987654320984 0.08487654320987656
0 0.35188185871056243 0.4666728585581466 0.04320987654320988 0.11779835390946497
0 0.29594344778806586 0.4718106995884774 0.04745370370370369 0.1111111111111111
0 0.25003107853223594 0.4620403711324493 0.044753086419753056 0.11471193415637858
0 0.19100731953017835 0.46924820911446424 0.05054012345679012 0.1213991769547326
0 0.14624271262002744 0.47388355433622925 0.033950617283950615 0.12757201646090535
0 0.09647874871399177 0.47799258878219775 0.040509259259259266 0.12088477366255143
0 0.023958601251714676 0.7016860996799268 0.05594135802469135 0.043209876543209944
0 0.6358405135459535 0.6564638584057307 0.05478395061728389 0.09207818930041164
0 0.556755026148834 0.65647719478738 0.06057098765432095 0.1064814814814816
0 0.7083684306412894 0.6651949016918152 0.05054012345679016 0.07716049382716053
0 0.763545149605624 0.6441057956104252 0.06057098765432111 0.0787037037037037
0 0.8615421917866942 0.6466778120713306 0.06520061728395048 0.0787037037037037
0 0.9433215985082305 0.6482181641518061 0.04976851851851841 0.07561728395061725
0 0.24540787894375857 0.6554360044200579 0.0540123456790123 0.09310699588477375
0 0.31796044453017835 0.6821421086724585 0.08526234567901231 0.046810699588477354
0 0.17904101294581617 0.6554369570187472 0.041280864197530874 0.09413580246913587
0 0.12116957090192043 0.6538908893461363 0.03973765432098766 0.09104938271604941
