0 0.44449829603909463 0.1210995846669715 0.07754629629629627 0.2319958847736625
0 0.05637645747599451 0.09128800868770005 0.07098765432098766 0.2577160493827161
0 0.7755119920267489 0.038880791800030484 0.0706018518518519 0.3245884773662551
0 0.12969151877572016 0.08254029492455418 0.08912037037037038 0.25462962962962965
0 0.5262790423525378 0.11645614235634812 0.06404320987654318 0.21707818930041153
0 0.14627647033607682 0.4451050716354214 0.08256172839506172 0.15792181069958847
0 0.46224735296639236 0.4342759297363207 0.0806327160493827 0.12911522633744846
0 0.2477470743312757 0.4795338934613626 0.08912037037037043 0.1188271604938272
0 0.6709686321159122 0.02911475003810395 0.0837191358024692 0.33281893004115226
0 0.3179714291838135 0.21311299725651578 0.10108024691358015 0.16203703703703703
0 0.8573203339334705 0.06560785322359396 0.0968364197530865 0.30092592592592593
0 0.5594596622085047 0.44922172687090384 0.06635802469135801 0.15946502057613163
0 0.6265758959190673 0.08253457933241884 0.04706790123456794 0.24845679012345684
0 0.3557688185871057 0.5052316720012193 0.0848765432098765 0.09465020576131683
0 0.627367862654321 0.45230814662399027 0.07638888888888896 0.15946502057613163
0 0.25238527734910843 0.1174044543514708 0.10146604938271603 0.1301440329218107
0 0.00041661308299039784 0.11234567901234568 0.04436728395061728 0.22222222222222224
0 0.18452637388545953 0.7013155387898188 0.16242283950617287 0.1985596707818929
0 0.5617712620027435 0.7337215172991922 0.061728395061728336 0.19701646090534983
0 0.49848304612482847 0.6992531626276483 0.03780864197530865 0.19341563786008234
0 0.13197954175240054 0.6910046105776559 0.05054012345679012 0.17386831275720158
0 0.6308240097736626 0.7039056546258192 0.053240740740740713 0.21810699588477364
0 0.35310758530521263 0.7258849641822893 0.1415895061728395 0.06687242798353915
0 0.053293788580246915 0.5309251638469745 0.07638888888888888 0.06584362139917682
0 0.08221879286694103 0.45581704389574756 0.06172839506172839 0.06018518518518513
0 0.00390249914266118 0.4429607719859778 0.0640432098765432 0.06430041152263376
0 0.0424843535665295 0.7059437395214144 0.06635802469135801 0.19701646090534983
0 0.36117085691015094 0.43833400015241575 0.08603395061728397 0.06738683127572016
