0 0.8129594800240053 0.9172477518670935 0.10609567901234587 0.07201646090534973
0 0.5799315736454047 0.9295839048925468 0.10146604938271596 0.06172839506172857
0 0.059120745456104254 0.6682656035665295 0.13387345679012344 0.06018518518518518
0 0.7508565350651577 0.6636454999237921 0.12229938271604937 0.07047325102880667
0 0.08804816100823046 0.5844269166285627 0.12268518518518516 0.06995884773662561
0 0.6069532857510288 0.6574617055326932 0.12384259259259255 0.0586419753086419
0 0.7404393325617284 0.5818444215820759 0.12152777777777778 0.0586419753086419
0 0.37431064600480113 0.36528063557384544 0.11844135802469134 0.058641975308642014
0 0.4113409850823045 0.18678269318701415 0.10879629629629635 0.058641975308641986
0 0.02015817901234568 0.3652849222679469 0.1388888888888889 0.06327160493827164
0 0.36081613297325105 0.436784122085048 0.13078703703703706 0.06018518518518513
0 0.45418836805555557 0.6013917466849565 0.1423611111111111 0.058641975308642014
0 0.49661967378257893 0.4326712772443225 0.13233024691358025 0.06275720164609053
0 0.4074944808813443 0.13584676497485138 0.12538580246913586 0.047839506172839524
0 0.4977730624142661 0.3622013603109282 0.12654320987654324 0.06635802469135799
0 0.6073380165466392 0.5844226299344611 0.12229938271604944 0.06532921810699588
0 0.2053455075445816 0.43575341030330744 0.14197530864197533 0.05812757201646085
0 0.23157069830246912 0.36425849718030784 0.12847222222222227 0.06584362139917699
0 0.6474545074588478 0.4326750876390794 0.11226851851851849 0.0668724279835391
0 0.02244727366255144 0.154934937509526 0.10185185185185185 0.1075102880658436
0 0.5355897419410152 0.1816505677488188 0.13811728395061731 0.07150205761316876
0 0.541747845936214 0.1384140184423106 0.1168981481481481 0.042695473251028834
0 0.6968216842421125 0.20632144490169183 0.08989197530864199 0.0493827160493827
0 0.2736269182956104 0.19244446349641825 0.1338734567901234 0.062242798353909445
0 0.32879104509602197 0.6682656035665295 0.12577160493827158 0.06018518518518518
0 0.08611218278463649 0.4336991312299954 0.11265432098765431 0.06172839506172841
0 0.13047571587791496 0.1549277930193568 0.10725308641975309 0.09979423868312756
0 0.7639756944444445 0.4352409122085048 0.125 0.06018518518518518
0 0.8353381665809327 0.20684442158207592 0.10918209876543207 0.058641975308641986
0 0.46459994427297674 0.6790604519128182 0.13503086419753088 0.051954732510288044
0 0.20456372170781895 0.6692934575522025 0.12731481481481477 0.05915637860082296
0 0.10038097993827161 0.893616159884164 0.10416666666666667 0.10545267489711936
0 0.35537872942386833 0.8653220736168267 0.07870370370370369 0.10339506172839502
0 0.6960549018347051 0.9198192920286541 0.0968364197530865 0.07150205761316888
0 0.25238259816529496 0.8169291076055479 0.09760802469135801 0.06121399176954741
0 0.011249892832647462 0.8751076436518823 0.08873456790123456 0.1162551440329219
0 0.45262024176954735 0.8853680841335162 0.10648148148148151 0.08641975308641968
0 0.21382458847736624 0.9383235215668343 0.12962962962962965 0.05606995884773672
0 0.004686428326474623 0.43164199436061573 0.08179012345679013 0.06224279835390942
