0 0.36042443629972565 0.32269661636945585 0.12229938271604937 0.17901234567901234
0 0.22887222436556925 0.32422696616369456 0.13155864197530864 0.1651234567901235
0 0.5429250793038408 0.03306660570035056 0.14544753086419754 0.15637860082304528
0 0.7639663173010973 0.42657274043590915 0.11149691358024683 0.14300411522633746
0 0.08574674211248286 0.35613378295991466 0.1419753086419753 0.1800411522633745
0 0.38745606138545957 0.018676649900929737 0.15895061728395055 0.17078189300411523
0 0.48618800368655696 0.34120084590763605 0.11072530864197531 0.16358024691358022
0 0.24353646905006857 0.004277168114616674 0.13695987654320993 0.17489711934156377
0 0.10619507673182442 0.0006796791647614693 0.14313271604938269 0.17849794238683128
0 0.5714664244684499 0.6631639612863893 0.1338734567901235 0.10596707818930043
0 0.43758894890260636 0.6616207514098461 0.12808641975308643 0.10596707818930043
0 0.2797732338820302 0.2500462010364274 0.09567901234567901 0.04989711934156376
0 0.3897290809327846 0.2608434308794391 0.09876543209876548 0.04423868312757201
0 0.6270045653292181 0.32626171696387746 0.10879629629629627 0.1404320987654321
0 0.6285375943072703 0.24850680155464103 0.09413580246913572 0.05401234567901238
0 0.13857408479080935 0.26084009678402686 0.10223765432098762 0.040637860082304494
0 0.6860615462105624 0.027931622466087488 0.1508487654320988 0.16615226337448558
0 0.8292017639746228 0.03101089772900472 0.16165123456790112 0.15843621399176958
0 0.884725169324417 0.41990121551592746 0.11535493827160492 0.15997942386831276
0 0.7631968557098765 0.256247618503277 0.11458333333333333 0.08076131687242794
0 0.9059242112482854 0.26401653711324496 0.08641975308641968 0.13786008230452673
0 0.7099633487654321 0.6791057003505563 0.12499999999999992 0.10082304526748963
0 0.4580254951131687 0.772223651120256 0.11226851851851857 0.11265432098765428
0 0.7111202203360768 0.7948369151044048 0.12422839506172849 0.09053497942386836
0 0.5961355452674897 0.7758206637707665 0.1018518518518519 0.10853909465020582
0 0.022031464334705077 0.7346650663008688 0.05864197530864197 0.1049382716049382
0 0.8522960605281207 0.677075236244475 0.08410493827160492 0.1301440329218108
0 0.9494890796467763 0.6879362901996647 0.04205246913580254 0.19341563786008234
0 0.0016109932270233196 0.010962505715592135 0.09760802469135801 0.17283950617283952
0 0.03939257544581619 0.2953813252552965 0.05864197530864197 0.12294238683127572
0 0.520122545867627 0.28656740588324947 0.08757716049382706 0.04835390946502053
0 0.5181948731138546 0.25311309251638475 0.08950617283950611 0.028806584362139894
0 0.7531769761659809 0.3668171772595641 0.13040123456790112 0.05144032921810704
