0 0.9606717249657065 0.6617007696997409 0.033950617283950636 0.1923868312757202
0 0.8785118741426612 0.11026329827770157 0.05709876543209873 0.19547325102880658
0 0.9606754758230452 0.11181412894375858 0.0393518518518519 0.2037037037037037
0 0.30522119341563786 0.3942358253315043 0.07407407407407404 0.21913580246913578
0 0.5609956382887517 0.3957790352080475 0.055941358024691426 0.21913580246913583
0 0.6362370327503429 0.3957761774119799 0.07021604938271603 0.21604938271604937
0 0.17403602966392318 0.39011964639536656 0.05632716049382718 0.21810699588477375
0 0.39085862482853223 0.4024662780064014 0.05864197530864206 0.21913580246913583
0 0.20259907621742113 0.098449169333943 0.07600308641975309 0.2139917695473251
0 0.3106157300240055 0.12517194406340498 0.06442901234567901 0.18569958847736626
0 0.09804044495884773 0.39012440938881265 0.06712962962962964 0.22325102880658435
0 0.23692424339849108 0.397835219478738 0.059799382716049405 0.2175925925925926
0 0.7241981202846366 0.39885116598079556 0.0675154320987654 0.2037037037037038
0 0.4603054805384088 0.11952541533302849 0.06211419753086421 0.19855967078189304
0 0.46185297710905354 0.39834628867550675 0.06828703703703698 0.21399176954732507
0 0.5941767939814815 0.11746589696692578 0.059027777777777776 0.1965020576131687
0 0.38970389660493826 0.10821521109586953 0.0625 0.20576131687242796
0 0.0004190243484224966 0.1215758840115836 0.047839506172839504 0.19084362139917696
0 0.6570668831447187 0.11540590230147843 0.06520061728395063 0.1939300411522634
0 0.5297475137174211 0.1174711362597165 0.05864197530864206 0.2021604938271605
0 0.05405172968106996 0.10770271300106692 0.05671296296296298 0.20781893004115226
0 0.0004133980624142661 0.4106857757963725 0.03973765432098765 0.20730452674897115
0 0.849194637345679 0.3942358253315043 0.0625 0.21913580246913578
0 0.7288293574245541 0.18119474927602502 0.06983024691358032 0.1347736625514403
0 0.2106867283950617 0.6771409655540314 0.055555555555555594 0.20113168724279842
0 0.47071759259259255 0.6735530025910685 0.055555555555555636 0.2150205761316872
0 0.618099494170096 0.6704742036274958 0.06327160493827158 0.22325102880658435
0 0.40088680984224967 0.6740554983996341 0.054783950617283965 0.20216049382716053
0 0.5420926568930041 0.683843449931413 0.057870370370370315 0.2175925925925926
0 0.28051643947187926 0.6750628715134888 0.05478395061728401 0.1790123456790124
0 0.09225421167695473 0.6745860958695321 0.06828703703703702 0.21965020576131683
0 0.6929379393861453 0.6848617779301936 0.052854938271605 0.206275720164609
0 0.031672507287379977 0.6802326245999086 0.05285493827160494 0.20679012345679015
0 0.3430124206961591 0.6797206028044505 0.048996913580246944 0.20936213991769556
0 0.7538944615912209 0.6822702331961592 0.05246913580246921 0.1851851851851851
0 0.8870081018518517 0.6694249161713154 0.06944444444444445 0.2011316872427983
0 0.8179341885288066 0.6812290428288371 0.04745370370370365 0.17181069958847736
0 0.11656191057956104 0.13083180917543055 0.07137345679012345 0.18724279835390953
0 0.8028857488854595 0.12620551364121324 0.0443672839506173 0.19084362139917696
0 0.04362890089163238 0.4029768709038256 0.047839506172839524 0.2150205761316872
0 0.9197838970336076 0.4106857757963725 0.0443672839506173 0.20730452674897115
0 0.9660729595336077 0.40452293857643656 0.033950617283950636 0.2181069958847737
0 0.9255918317043896 0.9491202751105013 0.07445987654320985 0.04989711934156381
0 0.8503600823045268 0.946033855357415 0.07407407407407413 0.04989711934156391
0 0.7369480881344307 0.9552859701265052 0.09413580246913572 0.04218106995884762
