0 0.15849930311032867 0.19986469744392282 0.06998239436619716 0.3609154929577465
0 0.4106902264280125 0.6387454355764216 0.05589788732394364 0.2676056338028168
0 0.6105129474765257 0.6522458050773778 0.054137323943661955 0.2705399061032863
0 0.6690571816314553 0.6516475395583378 0.062059859154929675 0.2582159624413145
0 0.4850758631651017 0.21744587897756912 0.0585387323943663 0.33450704225352107
0 0.8737199237089202 0.638722613458529 0.058098591549295656 0.24295774647887325
0 0.5418558660993741 0.6393279429664407 0.06117957746478871 0.26291079812206575
0 0.6457352186032864 0.2262405451225874 0.06998239436619716 0.3257042253521126
0 0.7210005257237871 0.23971863588941056 0.07174295774647876 0.3045774647887324
0 0.4806689529538341 0.6487235915492958 0.05061619718309858 0.2693661971830987
0 0.09071394512910798 0.22215429925230396 0.06470070422535211 0.34917840375586856
0 0.5779443588615023 0.2215505998956703 0.05677816901408453 0.3309859154929577
0 0.026011712636932707 0.23097070074769604 0.0625 0.363849765258216
0 0.2328788267801252 0.25439488784559205 0.06382042253521128 0.30985915492957755
0 0.3208883509389671 0.6844885672057034 0.036971830985915506 0.2335680751173709
0 0.26631608225743353 0.6897539558337681 0.044454225352112665 0.21596244131455397
0 0.20734576731220652 0.6897528690662493 0.05677816901408453 0.21478873239436622
0 0.9379792644757433 0.6516230872891672 0.05633802816901405 0.23180751173708908
0 0.4115714250782473 0.20983904973048165 0.05721830985915493 0.3585680751173709
0 0.07001846146322378 0.0024745696400625982 0.05193661971830986 0.13732394366197181
0 0.15059052230046946 0.0007102025734654842 0.08978873239436622 0.13321596244131456
0 0.6650824652777778 0.008315945053034256 0.04269366197183086 0.10798122065727699
0 0.6047843921165884 0.0071438662841245 0.04445422535211263 0.1097417840375587
0 0.5462487162558686 0.007135715527734308 0.04885563380281689 0.10093896713615025
0 0.8046275919405321 0.010663906277169188 0.07218309859154932 0.1085680751173709
0 0.8094593603286384 0.6457822552599548 0.058098591549295815 0.26173708920187794
0 0.7993468187597809 0.21451106329334033 0.07350352112676053 0.3339201877934272
0 0.7333189676251958 0.6381504303599375 0.06382042253521121 0.2588028169014084
0 0.9494168133802816 0.2203774343592419 0.04753521126760568 0.3315727699530516
0 0.882516627543036 0.2215457094418362 0.04929577464788729 0.32570422535211263
0 0.884733225743349 0.0007020518170752913 0.07218309859154932 0.12441314553990611
0 0.07047480193661972 0.720242675186924 0.07526408450704224 0.18603286384976522
0 0.14880856318466354 0.7202453921057208 0.058978873239436604 0.18896713615023478
0 0.009724973102503911 0.656322270039993 0.06029929577464789 0.23650234741784035
0 0.005757898082942097 0.00599678316814467 0.051936619718309866 0.13849765258215965
0 0.39836658841940525 0.01065792905581638 0.05633802816901413 0.10211267605633804
0 0.4692335436228482 0.01242283950617284 0.0625 0.10680751173708922
0 0.7188050176056338 0.004793731524952182 0.07922535211267592 0.1068075117370892
0 0.9670083871283254 0.004811663189010607 0.02728873239436622 0.12617370892018778
0 0.30372927670187794 0.38222211354547037 0.046214788732394395 0.1942488262910798
0 0.00045909135367762133 0.22040188662841248 0.0272887323943662 0.35798122065727705
