0 0.5752786351165982 0.7846188652644414 0.06790123456790119 0.16615226337448571
0 0.7423394097222222 0.7774134087791496 0.0798611111111111 0.16203703703703703
0 0.8341515560699588 0.7588963191586648 0.06712962962962968 0.16358024691358022
0 0.32990451388888886 0.7398700655387899 0.0625 0.17078189300411523
0 0.22341311942729764 0.03624638012498095 0.048225308641975315 0.257201646090535
0 0.7106811021090536 0.3958271414418534 0.04745370370370373 0.27109053497942387
0 0.11539057141632374 0.020834285932022557 0.05131172839506173 0.2788065843621399
0 0.05366539137517148 0.031122828074988566 0.05594135802469135 0.279320987654321
0 0.41323061342592593 0.05011478814205152 0.052083333333333336 0.23508230452674897
0 0.749259205675583 0.055277873037646696 0.0443672839506173 0.25565843621399176
0 0.5783454968278464 0.4168971955494589 0.03973765432098762 0.2489711934156379
0 0.28204946844993145 0.03315996037189453 0.040123456790123455 0.25720164609053503
0 0.36770136745541837 0.044958371437280896 0.045524691358024685 0.22170781893004116
0 0.32718621399176956 0.03417685947264136 0.03703703703703702 0.24434156378600821
0 0.16863131215706448 0.03778625590611188 0.05131172839506175 0.2536008230452675
0 0.32372095764746234 0.41324159807956107 0.047067901234567895 0.18981481481481477
0 0.6589814278978052 0.052695377991159885 0.0443672839506173 0.24434156378600824
0 0.4182345250342936 0.3953070225575369 0.03549382716049381 0.2649176954732511
0 0.4587448559670782 0.40456771071483005 0.03703703703703706 0.2664609053497942
0 0.169783361196845 0.43897700426764213 0.04359567901234567 0.20627572016460904
0 0.26392478995198904 0.4209757468373724 0.05169753086419754 0.20936213991769545
0 0.6277244620198903 0.4322988111568358 0.034336419753086427 0.21604938271604943
0 0.21762313528806582 0.43022738530711785 0.04398148148148151 0.20113168724279842
0 0.7099009237825789 0.06400129553421734 0.035108024691358014 0.23251028806584362
0 0.5436189879115226 0.42767823121475385 0.03356481481481476 0.22582304526748978
0 0.0023469650205761314 0.0455051630848956 0.0462962962962963 0.2566872427983539
0 0.47649819958847733 0.04651205989940558 0.04629629629629635 0.2330246913580247
0 0.538615880058299 0.034682689376619426 0.051311728395061824 0.23508230452674894
0 0.5968656228566529 0.03367769775948789 0.04205246913580238 0.26080246913580246
0 0.4973248349622771 0.43384297363206825 0.03665123456790127 0.21707818930041148
0 0.8264167524005487 0.09276787075140985 0.04012345679012349 0.18930041152263374
0 0.12194412294238684 0.4574812338058223 0.04398148148148147 0.19084362139917693
0 0.37656785836762696 0.39271690672153636 0.03549382716049381 0.24537037037037038
0 0.7974788880315501 0.09329084743179393 0.03626543209876555 0.19855967078189302
0 0.6643850737311385 0.3911908436213992 0.0478395061728396 0.26388888888888884
0 0.819860521690672 0.4065719783569578 0.04359567901234571 0.2088477366255144
0 0.7577476637517147 0.41687528577960675 0.0455246913580246 0.22530864197530856
0 0.8746308084705076 0.5361049192196312 0.023919753086419682 0.10442386831275714
0 0.8788856202846365 0.0840487349489407 0.039737654320987775 0.21707818930041153
0 0.7736253107853224 0.7016846707818929 0.13155864197530856 0.041666666666666775
0 0.09187832218792867 0.8026401272671849 0.08256172839506172 0.18467078189300412
0 0.19835926783264746 0.791835752934004 0.08179012345679015 0.1826131687242798
0 0.6482073581104253 0.7697130772748058 0.08526234567901231 0.17901234567901217
0 0.0069940093449931415 0.7795119836915105 0.07137345679012347 0.20627572016460888
0 0.5046719607338821 0.7748518709038257 0.06095679012345675 0.17335390946502063
0 0.006622406550068587 0.481651520347508 0.09182098765432099 0.1836419753086419
0 0.9525637109910837 0.1004924935223289 0.025077160493827143 0.19855967078189302
0 0.922472725908779 0.4080761316872429 0.027391975308642062 0.1666666666666666
0 0.9645308213305899 0.7779139993903368 0.03549382716049381 0.14711934156378603
