0 0.6690626833920188 0.025408081203268998 0.06998239436619708 0.18720657276995306
0 0.6739057609546165 0.5336153495044341 0.07218309859154932 0.17781690140845072
0 0.590270136443662 0.5394621587549991 0.059419014084507026 0.15434272300469476
0 0.5849979215571205 0.00312065292992523 0.0730633802816903 0.20129107981220656
0 0.7447714935446009 0.2748217701269345 0.07658450704225367 0.18779342723004694
0 0.5070942145931142 0.00488991045035646 0.0748239436619719 0.2106807511737089
0 0.5141272985133021 0.5376929012345678 0.061619718309859114 0.14495305164319253
0 0.2856966451486698 0.2777658233350721 0.06514084507042249 0.19835680751173718
0 0.27294020197574337 0.0312853199443575 0.07614436619718307 0.1965962441314554
0 0.7478390307120499 0.03068325073900191 0.05721830985915501 0.18016431924882628
0 0.3539285626956181 0.2619343375065206 0.07966549295774653 0.2130281690140845
0 0.18931344141236306 0.01603253781950965 0.07614436619718311 0.20246478873239437
0 0.6699417424687011 0.27246783168144667 0.06822183098591555 0.1807511737089202
0 0.7531274452269171 0.5306685793774994 0.06690140845070418 0.16431924882629118
0 0.09467246185446009 0.5459382063988872 0.06073943661971831 0.17664319248826288
0 0.44854600694444446 0.5517562163102069 0.06117957746478871 0.12206572769953054
0 0.429625146713615 0.01895865936358894 0.06866197183098595 0.19366197183098596
0 0.17873814064945226 0.5500342331768389 0.058978873239436624 0.1637323943661971
0 0.09070446987480438 0.06587930359937402 0.05105633802816902 0.1637323943661972
0 0.013254963810641628 0.5488675882455225 0.07306338028169014 0.17136150234741784
0 0.20383533841940532 0.2906722743870631 0.07218309859154928 0.1936619718309859
0 0.00399091598200313 0.027190923317683885 0.04269366197183099 0.2112676056338028
0 0.35567965082159625 0.03890301686663188 0.06602112676056338 0.18427230046948356
0 0.3037494498239437 0.5318661971830986 0.07526408450704222 0.19014084507042261
0 0.9428214250782473 0.018961376282385672 0.05721830985915485 0.1965962441314554
0 0.9538228066314555 0.5271273474178405 0.05413732394366188 0.14260563380281685
0 0.384271077856025 0.5312543470700747 0.04049295774647892 0.16314553990610323
0 0.027329995598591544 0.8146463658494175 0.059419014084507046 0.09976525821596242
0 0.8847258900625978 0.27012693444618324 0.0616197183098592 0.187793427230047
0 0.9137687671165884 0.7677490871152842 0.05237676056338027 0.15492957746478875
0 0.8191470437206573 0.01778603721091984 0.06470070422535217 0.19483568075117375
0 0.8244296508215961 0.5253776517127455 0.06602112676056338 0.15434272300469487
0 0.9463382726917059 0.27716266736219786 0.051056338028168904 0.18075117370892024
0 0.8882375415688576 0.03830257781255434 0.04797535211267608 0.16960093896713616
0 0.8878114607785603 0.5230220831159799 0.06822183098591539 0.1455399061032864
0 0.6554128154342723 0.8264399669622674 0.062059859154929675 0.16079812206572766
0 0.5176374217527386 0.8199894583550688 0.045774647887323994 0.1660798122065727
0 0.1321250855829421 0.8428621109372283 0.11927816901408449 0.15023474178403767
0 0.5836671068075118 0.8334860241697096 0.05809859154929574 0.16490610328638486
0 0.43446425078247264 0.8311201312815162 0.06514084507042257 0.14495305164319253
0 0.3226868153364632 0.7946721222396105 0.09154929577464795 0.07687793427230055
0 0.8380712661384976 0.7835838332463919 0.0620598591549296 0.14377934272300458
0 0.14263375391236308 0.05943096852721266 0.04049295774647887 0.17136150234741784
0 0.13560861697965573 0.28832268301165015 0.06514084507042252 0.19131455399061031
0 0.24212270148669796 0.5383112719527038 0.06514084507042253 0.17899061032863856
0 0.05594526359546167 0.8932739958268127 0.06822183098591549 0.08802816901408461
0 0.9639310690532081 0.7636362154407929 0.03257042253521121 0.1496478873239436
