0 0.09151904363854596 0.8386212086572168 0.12075617283950615 0.15534979423868306
0 0.8434046532064473 0.3155468869074836 0.05825617283950603 0.235082304526749
0 0.05947680898491084 0.6117303002591068 0.09104938271604937 0.11316872427983535
0 0.4653120713305899 0.5922067901234568 0.0493827160493827 0.1388888888888889
0 0.2547006280006859 0.16988502133821065 0.10223765432098766 0.14248971193415638
0 0.5482885373799725 0.3890074874256973 0.09104938271604952 0.12808641975308635
0 0.03980275848765433 0.43632877991159885 0.09375 0.12397119341563784
0 0.49154422796639236 0.38644499695168416 0.045910493827160476 0.13837448559670784
0 0.26162042395404667 0.3694754039018443 0.0667438271604938 0.14454732510288062
0 0.7936326517489711 0.3350875438195397 0.0532407407407408 0.22788065843621408
0 0.0332382223079561 0.31646471574455115 0.08526234567901234 0.11522633744855963
0 0.23434070644718794 0.0005915637860082305 0.22839506172839505 0.08333333333333333
0 0.4919635202331962 0.2382254039018442 0.09413580246913572 0.0612139917695473
0 0.4305973508230453 0.37564633821063864 0.06018518518518524 0.1424897119341564
0 0.14359273191015087 0.16833466697149824 0.10686728395061729 0.13477366255144035
0 0.13971514917695474 0.0006010897729004725 0.0787037037037037 0.09362139917695474
0 0.3387969928840878 0.36844945511354976 0.08989197530864194 0.14763374485596703
0 0.39896315586419756 0.6060871056241427 0.0625 0.12962962962962962
0 0.00044554826817558296 0.12717144871208655 0.08603395061728394 0.12294238683127574
0 0.15054012345679013 0.3848998818777626 0.11111111111111113 0.13631687242798343
0 0.35694444444444445 0.16371313443072702 0.1111111111111111 0.14351851851851846
0 0.9086066100823045 0.30526501295534214 0.06018518518518524 0.24176954732510286
0 0.8302980859910837 0.009478356957780825 0.07368827160493825 0.23662551440329216
0 0.9225064836248286 0.008965382563633594 0.07600308641975317 0.23816872427983535
0 0.7862911522633744 0.6559870827617741 0.03703703703703714 0.13271604938271597
0 0.636239444015775 0.0036765546410608137 0.07368827160493834 0.08179012345679013
0 0.6173474472736625 0.3772157445511355 0.09143518518518524 0.1707818930041152
0 0.2947884516460905 0.881793933851547 0.05092592592592595 0.11522633744855978
0 0.2434785986796982 0.8828255982319769 0.053626543209876545 0.11831275720164604
0 0.35344944915980797 0.8848760669105319 0.07831790123456786 0.11059670781893005
0 0.7554403506515774 0.8874390336838897 0.05632716049382714 0.10082304526748963
0 0.16862782921810698 0.6313171582075904 0.04629629629629631 0.15586419753086422
0 0.07490542481138546 0.7325831618655693 0.08603395061728394 0.0787037037037037
0 0.27396315586419756 0.6986430231672001 0.0625 0.0900205761316873
0 0.33876537851508914 0.6436609320225575 0.04436728395061726 0.1538065843621399
0 0.4248451431755831 0.7464763374485597 0.11033950617283944 0.08333333333333333
0 0.5177996935013718 0.8987473327236701 0.07600308641975309 0.09156378600823058
0 0.21840384945130317 0.6950526787075141 0.05709876543209877 0.10133744855967079
0 0.600364101080247 0.8930950884011584 0.07986111111111119 0.09825102880658444
0 0.8665643218449931 0.6334333561957018 0.07484567901234555 0.21913580246913597
0 0.9290586955589849 0.900297210791038 0.0667438271604938 0.0987654320987654
0 0.8264424725651578 0.8982329294314891 0.07716049382716048 0.09156378600823048
0 0.9468013224451304 0.6699035970126505 0.06057098765432095 0.1625514403292181
0 0.002759827246227709 0.0037027511050144795 0.08526234567901235 0.11008230452674897
0 0.4819648062414267 0.005219288218259411 0.14043209876543206 0.08127572016460904
0 0.582641300154321 0.1611549306508154 0.11458333333333333 0.15843621399176955
0 0.47730918852880655 0.1626185985368084 0.10300925925925929 0.07253086419753085
0 0.00271883573388203 0.32263755525072396 0.02623456790123457 0.11522633744855969
0 0.001574020490397805 0.4512240893156531 0.04436728395061729 0.09979423868312756
0 0.224193833590535 0.607061614083219 0.06134259259259258 0.07098765432098772
0 0.5247741448045267 0.5906721536351166 0.11921296296296294 0.14814814814814814
0 0.003914019633058985 0.8478709419295839 0.08063271604938271 0.1450617283950617
0 0.0038912465706447187 0.5983991579027587 0.047839506172839504 0.1599794238683127
0 0.4591403034979424 0.8838220164609054 0.05092592592592595 0.08333333333333344
0 0.7176116147976679 0.8869141518061271 0.027391975308642062 0.08950617283950603
