0 0.8550336505486967 0.4070644718792867 0.1373456790123457 0.18518518518518517
0 0.1208113640260631 0.37418076512726717 0.0794753086419753 0.22633744855967083
0 0.9013031550068588 0.05725213382106386 0.0987654320987654 0.16563786008230452
0 0.21226262431412893 0.06237235177564396 0.1026234567901235 0.13991769547325103
0 0.4568887174211248 0.05673249123609206 0.14197530864197533 0.15997942386831276
0 0.6112072938100138 0.058270461819844535 0.1385030864197531 0.15432098765432098
0 0.38088321973593964 0.38806965401615606 0.1385030864197531 0.22633744855967075
0 0.2003164116083676 0.37877229080932784 0.1222993827160494 0.18518518518518517
0 0.09613474151234568 0.058272843316567596 0.10069444444444449 0.15689300411522636
0 0.3970799575617284 0.28247599451303157 0.12847222222222215 0.07407407407407403
0 0.5826313871742113 0.3196063862216125 0.10030864197530857 0.17489711934156382
0 0.1536469050068587 0.27270280826093585 0.1404320987654321 0.07458847736625514
0 0.40481154621056237 0.7192015317786923 0.1508487654320988 0.07098765432098762
0 0.5718334726508917 0.7304945892394451 0.1068672839506173 0.04526748971193418
0 0.7531769761659809 0.06238092516384698 0.13040123456790112 0.14917695473251028
0 0.7118971836419752 0.33664504267642126 0.13194444444444445 0.24331275720164608
0 0.6972222222222222 0.2726770880963268 0.1111111111111111 0.046810699588477354
0 0.5521961269718793 0.7948902606310013 0.16242283950617287 0.14814814814814814
0 0.3978711205418382 0.7810128029263832 0.1566358024691358 0.16049382716049376
0 0.2423927254801097 0.7630196425849718 0.15663580246913583 0.17232510288065842
0 0.3978630829903978 0.6769942653558908 0.14506172839506168 0.04269547325102889
0 0.24007228437928668 0.6652153825636334 0.14853395061728397 0.09927983539094656
0 0.5614181455761317 0.6703198826398415 0.10879629629629627 0.056584362139917674
0 0.15823339977709192 0.6828284560280445 0.07831790123456787 0.2325102880658436
0 0.058696094821673525 0.688984625057156 0.0779320987654321 0.21450617283950624
0 0.8303444358710562 0.745499923792105 0.14043209876543206 0.139917695473251
0 0.7153568137002744 0.7388217306812986 0.11381172839506175 0.14969135802469133
0 0.1786667309670782 0.006727728242645938 0.05787037037037036 0.04372427983539095
0 0.25701785408093275 0.005185947264136564 0.10570987654320987 0.04526748971193415
0 0.371589399005487 0.008265222527053804 0.0887345679012346 0.03755144032921811
0 0.3172242048182442 0.05673010973936899 0.1361882716049382 0.1574074074074074
0 0.4592088906035665 0.0005620332266422802 0.14969135802469136 0.05144032921810699
0 0.6158187049897119 0.003652739673830209 0.11226851851851866 0.05606995884773663
0 0.7462285129458164 0.006727728242645938 0.12461419753086413 0.04372427983539095
0 0.8935924639917695 0.0036379743941472335 0.1064814814814816 0.04012345679012346
0 0.0015708054698216737 0.3998890222527054 0.03973765432098766 0.21347736625514396
0 0.530509205675583 0.3576993789056546 0.0443672839506173 0.20421810699588486
0 0.5703020511831276 0.27267470659960374 0.12384259259259255 0.04423868312757201
0 0.8322635352366254 0.2727209076360311 0.12615740740740747 0.09413580246913576
0 0.9695427704903977 0.2850799230300259 0.030478395061728412 0.10853909465020582
0 0.002743216306584362 0.6499180765127266 0.0613425925925926 0.2448559670781894
0 0.8357317386831276 0.670815233958238 0.12037037037037032 0.03600823045267492
0 0.6883589463305898 0.6949936175887822 0.12577160493827158 0.037551440329218096
