0 0.41070520344287953 0.37644540079986094 0.07746478873239432 0.2934272300469483
0 0.5810345143779343 0.3875967223091636 0.06998239436619708 0.29460093896713624
0 0.258404244913928 0.357686163275952 0.0598591549295775 0.31514084507042245
0 0.218808991099374 0.026034602677795168 0.08494718309859156 0.2300469483568075
0 0.049350180946791854 0.3746951617110068 0.07834507042253522 0.3045774647887323
0 0.5022386052425665 0.4010916579725265 0.05457746478873244 0.2916666666666667
0 0.6602617004107981 0.3829355764214919 0.07262323943661973 0.3309859154929577
0 0.1276830252347418 0.38583615892888196 0.06073943661971831 0.2946009389671361
0 0.7381681582550862 0.39348917579551385 0.07482394366197175 0.32042253521126757
0 0.8226739778951486 0.3571281081551035 0.07306338028169014 0.3462441314553991
0 0.12285981514084507 0.01724971744044514 0.08714788732394367 0.24941314553990607
0 0.3081542204616588 0.028371696226743178 0.08010563380281698 0.2188967136150235
0 0.3297122579225352 0.37934652669101027 0.06734154929577467 0.2576291079812207
0 0.19765961218701097 0.36589886541471045 0.05237676056338027 0.31161971830985913
0 0.39045505672926445 0.017815379933924538 0.07218309859154926 0.22652582159624415
0 0.46834134145148676 0.03480970700747696 0.04533450704225351 0.20011737089201878
0 0.062091035798122064 0.00842842549121892 0.04489436619718309 0.2294600938967136
0 0.00576095461658842 0.37115555990262566 0.056338028169014086 0.2846244131455399
0 0.5629814040492958 0.007842114414884369 0.0594190140845071 0.2300469483568075
0 0.003997029049295774 0.00725417318727178 0.051496478873239444 0.22887323943661972
0 0.9344621112089202 0.015479373152495219 0.0620598591549296 0.23884976525821594
0 0.7874700459702662 0.014302947313510695 0.08362676056338027 0.2359154929577465
0 0.9001143143583724 0.3605411015475569 0.03785211267605636 0.22946009389671365
0 0.7042803697183098 0.013131411928360285 0.07922535211267616 0.23826291079812206
0 0.8732865072378716 0.032476960528603716 0.06778169014084515 0.215962441314554
0 0.6229099422926448 0.7930191488436794 0.15933098591549288 0.19307511737089197
0 0.3980279244913929 0.8545905059989567 0.20246478873239432 0.14084507042253522
0 0.7945569248826292 0.8169916101547556 0.14788732394366189 0.09741784037558684
0 0.00408383460485133 0.7970825725960702 0.17649647887323944 0.14495305164319253
0 0.7901677425665102 0.923184011476265 0.16549295774647876 0.06690140845070423
0 0.23822195324726134 0.8246799469657451 0.15228873239436622 0.16138497652582162
