0 0.2791003398865415 0.7694634628760216 0.07350352112676058 0.10504694835680747
0 0.7627955668035995 0.5851716005912015 0.04533450704225351 0.0839201877934272
0 0.8816329836658843 0.5969021691879673 0.04445422535211271 0.07687793427230044
0 0.1404345779538341 0.488909537471744 0.042693661971831 0.06455399061032865
0 0.08058214739827857 0.4842201356285863 0.05237676056338027 0.07042253521126757
0 0.27687823992566507 0.3175621631020692 0.04269366197183102 0.07981220657276995
0 0.6448317072574334 0.30698248130759875 0.03653169014084515 0.06220657276995301
0 0.6980899721244131 0.3140285385150408 0.03829225352112676 0.06631455399061031
0 0.6109561448552425 0.004194922622152669 0.05853873239436614 0.09389671361502348
0 0.3248575655320814 0.3233986480612067 0.04841549295774649 0.04518779342723005
0 0.6179809761345854 0.5687418492436097 0.03345070422535209 0.0862676056338029
0 0.3895567414906103 0.3627396322378717 0.046214788732394395 0.06866197183098585
0 0.6844569151017215 0.005364827856025039 0.05457746478873228 0.08978873239436619
0 0.3341038854655712 0.511782733437663 0.05325704225352115 0.04929577464788729
0 0.5647327978286385 0.7248250304294906 0.046214788732394395 0.06455399061032854
0 0.13691589642018778 0.5675442314380108 0.046214788732394374 0.06044600938967135
0 0.6633237358176839 0.5734231003303774 0.04533450704225351 0.0715962441314554
0 0.33365671459311425 0.5792709963484611 0.04313380281690138 0.04929577464788729
0 0.22802321742957746 0.5734307077030082 0.04357394366197179 0.0798122065727699
0 0.44325209066901405 0.3750575986784907 0.04357394366197182 0.06220657276995307
0 0.08541788928012518 0.4002678881933577 0.04401408450704226 0.0357981220657277
0 0.37590748483959313 0.01767464354025387 0.03917253521126756 0.07453051643192488
0 0.11490854851330204 0.016495500782472614 0.04577464788732393 0.06866197183098592
0 0.942805836756651 0.6121495174752217 0.034771126760563376 0.06514084507042252
0 0.38867401457355244 0.5822041818814119 0.042693661971830936 0.048122065727699656
0 0.02115640893974961 0.3990930925056512 0.04269366197183099 0.03462441314553991
0 0.1417513326486698 0.35509259259259257 0.03741197183098589 0.04929577464788729
0 0.5070712905907668 0.5804610067814293 0.041813380281690134 0.06690140845070423
0 0.2522220999608764 0.15613969309685274 0.030809859154929557 0.03931924882629106
0 0.5387654049295775 0.3674475091288471 0.04753521126760568 0.08274647887323941
0 0.4560146469092332 0.5047508042079638 0.04137323943661965 0.06044600938967135
0 0.07881669356416277 0.17610361241523212 0.04533450704225351 0.051056338028169036
0 0.7231828907472614 0.1549801121544079 0.04533450704225351 0.05457746478873241
0 0.8921948356807511 0.037043557642149186 0.042253521126760535 0.07746478873239437
0 0.8274990219092331 0.5980704442705617 0.04929577464788745 0.07100938967136154
0 0.8257387641823161 0.02708007303077726 0.049735915492957694 0.09154929577464788
0 0.7434253961267605 0.3175458615892888 0.03961267605633812 0.06220657276995307
0 0.9533728848787167 0.16320096504955658 0.04005281690140837 0.059859154929577454
0 0.9159630526212834 0.7671040905929404 0.043133802816901344 0.09213615023474181
0 0.7839247725938967 0.8058413754129717 0.04885563380281673 0.09741784037558673
0 0.2975645539906103 0.9220222569987828 0.042253521126760535 0.07981220657277012
0 0.3539022765062597 0.9272925360806816 0.041813380281690175 0.06748826291079821
0 0.04889720266040689 0.7735497087463049 0.059859154929577454 0.08157276995305161
0 0.1804913683489828 0.9220211702312641 0.04841549295774649 0.07863849765258238
0 0.1747735108568075 0.7753249434880889 0.054137323943661976 0.09741784037558696
0 0.9586600767801252 0.7817558902799513 0.04797535211267593 0.07100938967136154
0 0.2253875684663537 0.9243723917579552 0.05105633802816902 0.08274647887323926
0 0.12502903706964005 0.746571791862285 0.041813380281690155 0.1003521126760563
0 0.05945752640845071 0.00476982263954095 0.05545774647887324 0.08098591549295775
0 0.17256485964397494 0.003009802643018605 0.042693661971831 0.08157276995305164
0 0.2165725254303599 0.007698661102416971 0.03345070422535213 0.07511737089201878
0 0.26059853041862285 0.004771452790818988 0.05061619718309862 0.08274647887323944
0 0.3169359472809077 0.0006754260128673275 0.04973591549295778 0.09565727699530517
0 0.41728561473004694 0.005944074943488089 0.046214788732394395 0.08157276995305164
0 0.4736315898865415 0.0018453312467396977 0.05765845070422534 0.09154929577464789
0 0.5392116588419406 0.0077138758476786645 0.05633802816901413 0.09154929577464789
0 0.7412228579812207 0.02121152842983829 0.03697183098591555 0.09154929577464789
0 0.7839174369131456 0.02120881151104156 0.03829225352112676 0.0886150234741784
0 0.9362165615219094 0.0317721917927317 0.05325704225352108 0.0886150234741784
0 0.003108494718309859 0.1473385063467223 0.03961267605633803 0.04107981220657277
0 0.006627176251956181 0.19252629977395236 0.03609154929577464 0.04107981220657277
0 0.10698081719483567 0.1549632672578682 0.03829225352112678 0.03638497652582163
0 0.19721610915492957 0.1596537558685446 0.04753521126760564 0.03169014084507043
0 0.1928168402777778 0.19252466962267434 0.05061619718309858 0.03931924882629106
0 0.145280100743349 0.14910124326204136 0.04841549295774647 0.04342723004694838
0 0.13646689162754305 0.19897246131107635 0.03345070422535209 0.031103286384976506
0 0.31121717282863853 0.19722059207094414 0.05413732394366192 0.040492957746478875
0 0.24694468896713614 0.19545622500434706 0.03697183098591555 0.0363849765258216
0 0.2865668402777778 0.15965755955486002 0.05061619718309862 0.035798122065727675
0 0.3380526212832551 0.15673035124326204 0.03521126760563382 0.04342723004694836
0 0.2874324506064163 0.20014508346374546 0.029489436619718312 0.029929577464788713
0 0.37899886296948354 0.1491039601808381 0.054137323943661955 0.046361502347417836
0 0.43401891383020347 0.15203551556251088 0.057658450704225414 0.04342723004694833
0 0.4916727797339594 0.15672926447574334 0.05105633802816898 0.04225352112676056
0 0.5458156054381847 0.16142355677273518 0.058978873239436624 0.041666666666666644
0 0.37460112235915494 0.20308261606677097 0.059419014084507026 0.033450704225352144
0 0.4340158572965572 0.20190727699530517 0.05325704225352115 0.03169014084507043
0 0.49167339104068863 0.2048540471222396 0.051936619718309866 0.04518779342723007
0 0.5458122432511737 0.21247337419579207 0.05413732394366188 0.03462441314553991
0 0.6113907839397495 0.21247337419579207 0.05061619718309858 0.03462441314553991
0 0.6668476134585289 0.21364871326725787 0.04929577464788729 0.0363849765258216
0 0.7240647007042255 0.21834300556424968 0.04753521126760552 0.035798122065727675
0 0.6113886443661971 0.1684609198400278 0.047535211267605605 0.03638497652582157
0 0.6611291446596245 0.16142790384280994 0.054137323943661955 0.046361502347417836
0 0.7760013204225351 0.17491577551730134 0.04753521126760584 0.0357981220657277
0 0.7760068221830985 0.21541851417144844 0.05545774647887324 0.046361502347417836
0 0.8451141309663536 0.17492446965745087 0.06294014084507056 0.04518779342723007
0 0.8473032203638498 0.22128162493479392 0.04621478873239432 0.040492957746478875
0 0.901442072574335 0.18196944009737437 0.04841549295774649 0.048122065727699524
0 0.9014414612676057 0.2183500695531212 0.04753521126760552 0.04342723004694836
0 0.03260251613849765 0.2964006259780908 0.046214788732394374 0.042253521126760535
0 0.014561326291079814 0.3492175273865415 0.0528169014084507 0.042253521126760535
0 0.004415468505477308 0.3010883976699704 0.020246478873239437 0.03462441314553991
0 0.08322421508215962 0.30579301425838984 0.05413732394366199 0.04518779342723005
0 0.19282142507824723 0.3098971917927317 0.05721830985915493 0.041079812206572794
0 0.08453913585680752 0.35215451660580765 0.04621478873239439 0.04518779342723005
0 0.14306992126369328 0.305787037037037 0.034771126760563396 0.03873239436619721
0 0.1373529807316119 0.39909417927316987 0.04181338028169011 0.03579812206572765
0 0.18136064651799688 0.3944053208137715 0.032570422535211245 0.04225352112676059
0 0.22317800029342724 0.3991066770996348 0.03829225352112679 0.04929577464788729
0 0.2614806460289515 0.4079013432446531 0.05325704225352111 0.040492957746478875
0 0.32485848249217525 0.4079029733959311 0.04973591549295778 0.042253521126760535
0 0.19149274990219092 0.35390366892714303 0.04533450704225351 0.032863849765258246
0 0.2398996845657277 0.352139301860546 0.03301056338028173 0.028755868544600948
0 0.26720156005477314 0.27116697096157194 0.051936619718309825 0.04342723004694833
0 0.32573876418231607 0.3732742131803165 0.049735915492957736 0.03755868544600936
0 0.3957165737480438 0.30873435054773085 0.04313380281690142 0.05281690140845067
0 0.44325484154929573 0.29932131368457654 0.04753521126760568 0.027582159624413207
0 0.48727351085680753 0.37037363067292645 0.054137323943661955 0.073943661971831
0 0.44322183098591544 0.32981220657276994 0.0 0.0
0 0.44457190189749607 0.32984698313336813 0.04269366197183102 0.03755868544600936
0 0.5356850303208138 0.30112045731177184 0.04841549295774649 0.06924882629107983
0 0.5920209189162754 0.3058163797600417 0.04533450704225367 0.07042253521126761
0 0.5968636908255086 0.3897148322030951 0.04709507042253512 0.04694835680751171
0 0.6510065165297338 0.38560467744740046 0.05501760563380292 0.044600938967136176
0 0.7117398400821596 0.386784363588941 0.04621478873239432 0.05105633802816901
0 0.7649993275625977 0.3897148322030951 0.049735915492957854 0.04694835680751171
0 0.9498569542253522 0.421410406885759 0.04753521126760552 0.052816901408450724
0 0.7196538169992175 0.5599314249695705 0.03389084507042257 0.0780516431924883
0 0.39792339104068863 0.4936016562336985 0.05193661971830979 0.06161971830985909
0 0.2773257164514867 0.49652940792905587 0.05325704225352115 0.054577464788732336
0 0.44105566559076687 0.5962789080159971 0.04973591549295778 0.037558685446009474
0 0.2760083504499218 0.5886470831159798 0.05765845070422537 0.03462441314553991
0 0.220987382629108 0.4965516866631891 0.05281690140845067 0.07863849765258206
0 0.1857669454225352 0.48598395931142413 0.039612676056338045 0.073943661971831
0 0.18268901604068857 0.5581768388106416 0.044014084507042264 0.08450704225352107
0 0.059455998141627546 0.5675561858807163 0.05325704225352113 0.07335680751173712
0 0.00442249853286385 0.47542057902973395 0.030369718309859156 0.0739436619718311
0 0.031272007042253525 0.554057446531038 0.03169014084507042 0.07218309859154928
0 0.22978194688967138 0.7964294253173361 0.04093309859154929 0.07335680751173701
0 0.05286060983959311 0.6831795557294383 0.06294014084507044 0.08744131455399064
0 0.0004700948748043819 0.7618218570683359 0.043133802816901406 0.09154929577464793
0 0.13075239632237873 0.6849107763867154 0.04401408450704224 0.05575117370892018
0 0.18138051398669797 0.6860958963658493 0.06117957746478871 0.06807511737089209
0 0.2412372236893584 0.6907972526517128 0.05765845070422534 0.07511737089201884
0 0.29537454763302035 0.6937288080333853 0.05765845070422537 0.07218309859154938
0 0.56605719385759 0.8234013649800035 0.051936619718309866 0.04812206572769955
0 0.6179932022691705 0.8263329203616762 0.05105633802816898 0.045187793427230095
0 0.671248410602504 0.8275109763519388 0.04841549295774641 0.04988262910798116
0 0.7253866515062597 0.8321971178925404 0.049735915492957694 0.04049295774647892
0 0.7275879670383412 0.7523963223787168 0.0506161971830985 0.05281690140845062
0 0.6699289050273866 0.7482839940879847 0.049735915492957694 0.04812206572769955
0 0.6113877274061033 0.7283407233524605 0.046214788732394395 0.05868544600938964
0 0.46262470657276994 0.7494718309859155 0.05281690140845067 0.06338028169014091
0 0.8393806851525822 0.8234274474004522 0.04621478873239432 0.07629107981220647
0 0.6871005110524256 0.9331605372978612 0.058538732394366216 0.06690140845070423
0 0.8856009756455399 0.3897229829594853 0.05413732394366204 0.05575117370892018
0 0.4028190409820031 0.7976216092853416 0.12984154929577466 0.09330985915492965
