0 0.21496913580246912 0.09278025453436976 0.11111111111111108 0.20267489711934158
0 0.6509197638031551 0.7840558794391099 0.10223765432098769 0.11368312757201629
0 0.4695931391460905 0.09843630925163847 0.10300925925925929 0.20010288065843618
0 0.2547006280006859 0.7645152225270537 0.10223765432098766 0.12088477366255143
0 0.6535820687585734 0.3787408550525834 0.04706790123456794 0.1512345679012345
0 0.7133825231481481 0.37566015089163235 0.04861111111111111 0.1574074074074074
0 0.36502807784636493 0.11230424096936442 0.08487654320987659 0.17746913580246912
0 0.6030403377914952 0.4229190481633897 0.0447530864197531 0.08590534979423874
0 0.020898169581618657 0.10915066300868771 0.09336419753086418 0.10493827160493827
0 0.12502705975651576 0.11119112940100594 0.03896604938271605 0.08641975308641973
0 0.6138800475823045 0.08448740664532846 0.09837962962962968 0.1352880658436214
0 0.1678556884430727 0.10449674211248285 0.0455246913580247 0.0787037037037037
0 0.5181980881344307 0.5968116521871665 0.09413580246913579 0.11213991769547334
0 0.506640625 0.7902272900472488 0.11805555555555555 0.11213991769547334
0 0.044428369341563786 0.7768261316872429 0.08796296296296298 0.08333333333333333
0 0.6509015453532236 0.6029782998018595 0.07600308641975309 0.10545267489711936
0 0.15284314986282582 0.7660389041304678 0.09413580246913578 0.09979423868312762
0 0.383187585733882 0.5891065576893766 0.12345679012345682 0.12397119341563778
0 0.2651226530349794 0.5921844040542601 0.10995370370370373 0.11471193415637862
0 0.14474370927640606 0.5921763069654017 0.097608024691358 0.10596707818930043
0 0.02322477280521262 0.5860120408474319 0.11033950617283952 0.11522633744855969
0 0.38433641975308636 0.35453294086267334 0.1111111111111111 0.11779835390946503
0 0.25702562371399174 0.35299115988416396 0.11689814814814821 0.11934156378600826
0 0.11196389531893004 0.3576207895137936 0.11689814814814815 0.11934156378600826
0 0.039402220507544584 0.3483520042676422 0.07253086419753087 0.10905349794238682
0 0.7187958140432098 0.08245408474317939 0.06597222222222222 0.16152263374485595
