0 0.604847968016432 0.7226085680751174 0.13600352112676045 0.20598591549295775
0 0.7505208333333333 0.6956148930620762 0.11619718309859163 0.20774647887323935
0 0.8214149916862286 0.3118647843853243 0.16153169014084498 0.26467136150234744
0 0.6488803917253522 0.3406135889410538 0.16241197183098596 0.2570422535211267
0 0.45874474276212834 0.35235393844548774 0.16989436619718304 0.26056338028169007
0 0.07229038292253522 0.1668090332116154 0.1544894366197183 0.15375586854460094
0 0.22984827366979657 0.1562288080333855 0.13644366197183097 0.13556338028169013
0 0.2109081572769953 0.47140823335072163 0.11619718309859156 0.1772300469483568
0 0.3759750342331769 0.1269051034602678 0.13644366197183103 0.1561032863849765
0 0.056458761248043825 0.006020692053555903 0.17385563380281693 0.16431924882629112
0 0.28530938233568076 0.7060484046252826 0.14128521126760565 0.06748826291079811
0 0.140012470657277 0.47140605981568423 0.0686619718309859 0.17488262910798122
0 0.19636547584115804 0.7195683359415753 0.09022887323943662 0.09154929577464783
0 0.0005306142410015651 0.47436641453660233 0.1302816901408451 0.2030516431924882
0 0.8790434883607199 0.6909086463223787 0.11839788732394364 0.19542253521126757
0 0.12817390453834118 0.8311174143627196 0.13380281690140844 0.14201877934272297
0 0.47191901408450704 0.7495886584941749 0.1267605633802817 0.18955399061032865
0 0.33416165395148667 0.7847852547383064 0.13644366197183103 0.17370892018779344
0 0.5045111380086073 0.048316053729786125 0.1580105633802816 0.20950704225352115
0 0.6871695887128325 0.03188521561467571 0.1580105633802816 0.21068075117370888
0 0.848696694053208 0.0007966005912015302 0.15140845070422543 0.22652582159624415
0 0.0004820153560250391 0.1832409580942445 0.06029929577464789 0.1537558685446009
0 0.0009209335876369328 0.03476351938793253 0.0585387323943662 0.15023474178403756
0 0.3297452684859155 0.44442270909407056 0.11487676056338027 0.18779342723004694
0 0.06082899305555556 0.7378570031298903 0.1289612676056338 0.19542253521126768
0 0.0004853775430359938 0.7994598765432099 0.06514084507042253 0.17723004694835676
0 0.8341561521909232 0.9437141366718831 0.12852112676056338 0.056338028169014155
