0 0.006660186815336463 0.12048339419231437 0.08362676056338028 0.1924882629107981
0 0.12417290199530516 0.058787058772387414 0.07658450704225352 0.10974178403755869
0 0.09820550909624413 0.17148322030951138 0.07790492957746478 0.13145539906103285
0 0.18843529929577466 0.17149137106590157 0.07922535211267605 0.1402582159624413
0 0.2786617273082942 0.17911884889584417 0.07570422535211271 0.13849765258215962
0 0.3702131626564945 0.17912319596591897 0.07878521126760568 0.14319248826291084
0 0.45471562010954614 0.2107948617631716 0.07218309859154926 0.12323943661971834
0 0.5418641187402191 0.19261650147800383 0.07306338028169014 0.13849765258215962
0 0.6818304357394366 0.07816466701443228 0.07526408450704222 0.12206572769953052
0 0.6127060103677621 0.23014312728221176 0.0431338028169015 0.10387323943661976
0 0.7020763033059468 0.21373239436619718 0.07438380281690142 0.12676056338028174
0 0.8003148229655712 0.10876151973569813 0.1998239436619719 0.2089201877934272
0 0.002264891431924883 0.4532842114414884 0.09242957746478873 0.2511737089201878
0 0.2109310812793427 0.4790846157190054 0.1492077464788732 0.22828638497652576
0 0.3680604460093897 0.48201888801947484 0.14788732394366202 0.22828638497652587
0 0.5181365536971831 0.47909167970787686 0.13072183098591547 0.2359154929577465
0 0.5247285798122066 0.3962033776734481 0.11619718309859163 0.08274647887323941
0 0.8372102406103286 0.425674882629108 0.08978873239436622 0.22183098591549297
0 0.9309409844483568 0.46671665797252654 0.0620598591549296 0.18075117370892024
0 0.002333357785602504 0.8956366284124501 0.19102112676056338 0.1044600938967136
0 0.2131678526017214 0.9120527951660581 0.20114436619718315 0.08744131455399064
0 0.4253044307511737 0.8997408059467918 0.18485915492957744 0.10035211267605641
0 0.6352378594483568 0.8909428794992176 0.16505281690140836 0.10563380281690134
0 0.8565580985915493 0.7619430316466701 0.0633802816901408 0.22241784037558673
0 0.7984488091744913 0.8229221005042602 0.04797535211267608 0.16431924882629098
0 0.7730450410798123 0.036454529647017904 0.22711267605633798 0.07511737089201878
