0 0.19027930604460094 0.6790498391584072 0.19938380281690138 0.06396713615023478
0 0.22282558196400626 0.5176616023300296 0.164612676056338 0.06044600938967146
0 0.3540080325704225 0.21895865936358894 0.19410211267605632 0.06690140845070423
0 0.3390475229851331 0.3598135106937924 0.20026408450704228 0.07746478873239437
0 0.3482947598787168 0.2911428447226569 0.2064260563380281 0.06807511737089209
0 0.5718878374413146 0.36157027038775863 0.20862676056338034 0.07335680751173707
0 0.2663833259976526 0.8187130499043643 0.14128521126760565 0.055164319248826414
0 0.15857816167840377 0.23538352025734655 0.1835387323943662 0.05927230046948353
0 0.7060608005672927 0.5570205181707529 0.10783450704225343 0.10328638497652576
0 0.13745568026212834 0.3639258389845244 0.1897007042253521 0.08215962441314555
0 0.211387116099374 0.5880825073900191 0.17209507042253516 0.05868544600938964
0 0.5749645442097028 0.22188804121022432 0.20246478873239432 0.06161971830985914
0 0.5696834653755869 0.2835229742653452 0.20334507042253527 0.07805164319248824
0 0.1475776970852895 0.30403842809946097 0.18794014084507044 0.05164319248826293
0 0.7919542864827857 0.20781331507563902 0.20290492957746473 0.0721830985915493
0 0.4062961536580595 0.6514774604416623 0.06646126760563378 0.07453051643192486
0 0.015910785895931142 0.2670921361502348 0.09463028169014084 0.07922535211267603
0 0.6681882091158059 0.1397300469483568 0.07834507042253527 0.06338028169014083
0 0.8007546581572771 0.3639209485306903 0.19938380281690135 0.0768779342723005
0 0.8367743789123631 0.5435478612415232 0.09595070422535217 0.13028169014084504
0 0.7972356709702662 0.2870332333507216 0.20246478873239432 0.06631455399061031
0 0.2699044527582159 0.8850303208137715 0.14128521126760568 0.05809859154929577
0 0.6770081426056338 0.7993435924187099 0.10299295774647893 0.05164319248826288
0 0.6977170750195618 0.887410341679708 0.13512323943661958 0.09330985915492955
0 0.8772768119131455 0.8251956181533646 0.10959507042253512 0.08450704225352118
0 0.27430738947574335 0.9542671926621457 0.14348591549295778 0.045187793427230095
0 0.9445783206181534 0.5464723526343245 0.051936619718309866 0.11971830985915496
0 0.5352458064358372 0.6514834376630152 0.049735915492957694 0.08098591549295775
0 0.8371656152190923 0.8510699226221528 0.025528169014084452 0.14143192488262898
0 0.474995109546166 0.9525088028169014 0.11971830985915494 0.04753521126760558
0 0.1932557585093897 0.8897675404277517 0.04885563380281689 0.10387323943661984
0 0.15319499462050076 0.8205013258563728 0.03741197183098595 0.08509389671361495
