0 0.24310446009389672 0.676855112154408 0.21126760563380284 0.22887323943661972
0 0.670954983372457 0.1769219483568075 0.25968309859154926 0.301056338028169
0 0.0256779391627543 0.6927230046948357 0.21566901408450706 0.25352112676056343
0 0.015127396322378714 0.13174339245348637 0.2341549295774648 0.3110328638497652
0 0.2791886737089202 0.1534097330898974 0.20070422535211266 0.25997652582159625
0 0.9159914783841941 0.5889187749956528 0.08406690140845068 0.3280516431924883
0 0.5097796850547731 0.11055033907146582 0.13908450704225359 0.23943661971830987
0 0.8992777410993741 0.20623804555729439 0.10079225352112675 0.2723004694835681
0 0.4551652362089202 0.7232030299078421 0.08582746478873236 0.21420187793427226
0 0.5167580570226916 0.6485556859676578 0.04709507042253528 0.0880281690140845
0 0.45294986062206577 0.6643844548774126 0.0647007042253521 0.07042253521126757
0 0.6510095730633801 0.5722792775169536 0.059419014084507185 0.10387323943661973
0 0.6334054675273865 0.8082034646148496 0.0616197183098592 0.11326291079812208
0 0.7245146224569641 0.8070373630672927 0.06161971830985904 0.12147887323943657
0 0.8455496870109547 0.774763084680925 0.05633802816901405 0.12441314553990614
