0 0.783632598165295 0.037195168419448255 0.0976080246913581 0.1707818930041152
0 0.6983338155864198 0.6704499123609207 0.04513888888888889 0.19701646090534974
0 0.7724445944787379 0.31965020576131686 0.0979938271604938 0.2222222222222222
0 0.737315672153635 0.6637664799573235 0.06790123456790143 0.20113168724279842
0 0.6219513567386831 0.31503391251333634 0.054398148148148175 0.23662551440329227
0 0.5907367219650206 0.6766170362749582 0.10532407407407404 0.19084362139917682
0 0.654411276148834 0.0007073045267489712 0.13001543209876548 0.20833333333333334
0 0.11927378043552811 0.1801835657674135 0.08757716049382716 0.15380658436213995
0 0.0008450145747599451 0.18275177183356192 0.10570987654320987 0.1496913580246914
0 0.925206297153635 0.7161679812528577 0.07484567901234572 0.12808641975308646
0 0.15055673439643347 0.5342354442920287 0.13503086419753085 0.3076131687242798
0 0.2550706232853224 0.1900191472336534 0.07947530864197531 0.220679012345679
0 0.5629192922668038 0.3181298582533151 0.0482253086419754 0.24691358024691354
0 0.2940832904663923 0.527984967992684 0.14660493827160495 0.2237654320987654
0 0.3395541302297668 0.18846641137021797 0.06905864197530866 0.21039094650205759
0 0.8847246334876543 0.03567101051668953 0.11458333333333333 0.19135802469135804
0 0.5702559692215364 0.03405016384697455 0.057484567901234525 0.10751028806584365
0 0.15593010545267488 0.3504296220088401 0.09490740740740744 0.13065843621399179
0 0.504289105366941 0.018182251181222377 0.06520061728395056 0.19238683127572015
0 0.4337070794753087 0.32996494436823653 0.09375 0.2510288065843621
0 0.20797646604938275 0.193537570492303 0.041666666666666664 0.13168724279835395
0 0.04483105066872428 0.3607081618655693 0.11226851851851853 0.12037037037037036
0 0.5266431434327846 0.319678307422649 0.03279320987654325 0.25257201646090527
0 0.8063477902091907 0.6899710409998475 0.029706790123456825 0.1687242798353909
0 0.8715486754115227 0.4234548849260783 0.03009259259259254 0.10905349794238688
0 0.9039571544924554 0.4311685528120713 0.031635802469135714 0.10648148148148148
0 0.6798190479252401 0.31195701874714227 0.05054012345679024 0.2469135802469136
0 0.33302067258230456 0.8658650548696845 0.10532407407407404 0.13425925925925927
0 0.005122599451303155 0.541425659198293 0.15432098765432098 0.2952674897119342
0 0.2242241083676269 0.8792266803840878 0.10493827160493825 0.12037037037037027
0 0.8395627036179699 0.7310771033379059 0.08140432098765428 0.11882716049382709
0 0.7315090770747601 0.31349070263679313 0.03973765432098762 0.23662551440329221
0 0.8781416109396435 0.6338158245694254 0.07947530864197525 0.07664609053497937
