0 0.40064920774647894 0.33401038949747874 0.17429577464788737 0.09741784037558679
0 0.22898358030125196 0.24539427925578164 0.1588908450704225 0.09624413145539905
0 0.19596690385367765 0.4901196531038081 0.1500880281690141 0.10387323943661973
0 0.23118122799295773 0.15560609024517474 0.1544894366197183 0.09683098591549295
0 0.18364846195226917 0.7037569553121196 0.1580105633802817 0.12793427230046944
0 0.22678134780907666 0.33927088767170926 0.15669014084507035 0.07453051643192492
0 0.5885893485915492 0.3562967310033038 0.17429577464788745 0.08215962441314555
0 0.05644898034037559 0.32050893322900365 0.15977112676056338 0.09330985915492959
0 0.4094459115805947 0.24656146757085726 0.16549295774647893 0.0892018779342723
0 0.38828797437402196 0.4936146974439227 0.12059859154929582 0.0757042253521126
0 0.40900607638888886 0.16146648408972353 0.16593309859154934 0.08802816901408447
0 0.19420603482003132 0.5963424839158407 0.14964788732394366 0.10622065727699542
0 0.0590886027973396 0.23365066944879154 0.1580105633802817 0.0892018779342723
0 0.2342622139084507 0.05584626586680577 0.1544894366197183 0.10269953051643194
0 0.5863834482589985 0.1186288254216658 0.16681338028169013 0.09096244131455399
0 0.41030296361502344 0.05407700834637455 0.13204225352112683 0.09330985915492956
0 0.06260820129107982 0.1473798035124326 0.15580985915492956 0.08568075117370895
0 0.5912191901408451 0.205476221526691 0.1584507042253521 0.08333333333333336
0 0.5573289563771517 0.6966685141714484 0.15933098591549297 0.07805164319248818
0 0.7637553183685445 0.28997728655885935 0.15977112676056338 0.07687793427230044
0 0.5868208382237872 0.2893784776560598 0.16285211267605634 0.06396713615023472
0 0.7694710362871675 0.150295057381325 0.15096830985915485 0.06514084507042252
0 0.06568918720657277 0.04645279081898801 0.15580985915492956 0.09859154929577467
0 0.5568992077464789 0.6150979177534341 0.17429577464788737 0.08039906103286387
0 0.0005431460289514867 0.568795644235785 0.1483274647887324 0.14436619718309865
0 0.5590968554381847 0.5229655712050079 0.16989436619718312 0.08450704225352118
0 0.0005416177621283255 0.7160684011476265 0.14612676056338028 0.11443661971830991
0 0.398854716842723 0.6685418840201705 0.1254401408450704 0.12382629107981226
0 0.5995791153169014 0.04174056685793775 0.1544894366197183 0.07981220657276995
0 0.7263259242957746 0.704295992001391 0.13468309859154934 0.07629107981220658
0 0.7302890258215963 0.612751043296818 0.1373239436619719 0.08098591549295775
0 0.884763179773083 0.5687603242914275 0.11531690140845068 0.10622065727699542
0 0.7302890258215963 0.5305903321161537 0.1373239436619719 0.07981220657277001
0 0.7611141676447575 0.34926534515736396 0.15933098591549283 0.09389671361502341
0 0.7668335534037557 0.05935869848721961 0.15580985915492976 0.09330985915492958
0 0.7703537632042252 0.21544350982437838 0.1544894366197184 0.07335680751173712
0 0.5648040150625978 0.7764774604416623 0.14876760563380276 0.07453051643192486
0 0.1779266309663537 0.8281581464093202 0.15801056338028166 0.11502347417840368
0 0.7219266554186229 0.7917226351938793 0.1377640845070423 0.06044600938967135
0 0.3922617737676056 0.7976645366023299 0.13864436619718312 0.13967136150234738
0 0.7175307487284821 0.8662618457659538 0.14568661971830987 0.06983568075117369
0 0.0031806289123630675 0.8304979568770648 0.14348591549295775 0.10680751173708908
0 0.5630422290688576 0.858051860545992 0.14700704225352107 0.07629107981220658
0 0.8887174173513301 0.7735567727351765 0.10519366197183094 0.08920187793427224
0 0.8904810372652582 0.6749722874282734 0.10959507042253527 0.09683098591549287
0 0.39004578687402197 0.5675659667883846 0.11663732394366196 0.0839201877934273
0 0.8882800273865415 0.866850873761085 0.10915492957746473 0.07218309859154928
0 0.00048048708920187796 0.029438901930099116 0.05809859154929578 0.1038732394366197
0 0.00047834751564945234 0.14210626412797772 0.05501760563380282 0.09448356807511739
0 0.00047376271517996876 0.24360654668753257 0.04841549295774648 0.06690140845070423
0 0.0004759022887323944 0.3269507476960529 0.05149647887323943 0.07863849765258211
0 0.9300662045187794 0.07048719787862981 0.06998239436619716 0.06983568075117369
0 0.9313844874804382 0.1467842549121892 0.06690140845070418 0.07629107981220655
0 0.9313857100938967 0.22717951225873761 0.06866197183098595 0.07218309859154926
0 0.9335830521322379 0.3052268083811511 0.06382042253521121 0.06748826291079811
0 0.9335848860524257 0.3785852460441662 0.06646126760563378 0.06924882629107983
0 0.030036556142410013 0.4707458485480786 0.15404929577464788 0.09565727699530518
