0 0.24396976476917057 0.6786640366892714 0.18970070422535212 0.2811032863849765
0 0.0031231660798122065 0.6851020474700052 0.06073943661971831 0.2623239436619718
0 0.4288228066314554 0.6575508607198748 0.1808978873239437 0.295774647887324
0 0.7545148058489828 0.317737676056338 0.16329225352112675 0.2693661971830987
0 0.2501137030516432 0.3406184793948879 0.16373239436619716 0.26232394366197176
0 0.6572363434076682 0.6487420665971135 0.15272887323943654 0.2893192488262912
0 0.05734851819248827 0.33886824030603374 0.1875 0.2734741784037559
0 0.5771380452856025 0.32360785080855503 0.16329225352112667 0.2711267605633803
0 0.4107654171557121 0.3300659667883846 0.16417253521126765 0.27406103286384975
0 0.8187264646909234 0.6586707746478874 0.0928697183098592 0.2376760563380281
0 0.21581847857981218 0.0025674882629107983 0.21522887323943662 0.23767605633802816
0 0.5472237504890454 0.034226656233698485 0.18529929577464782 0.20422535211267606
0 0.7611694909037561 0.0013948661102416973 0.2389964788732393 0.23884976525821594
0 0.42133918965179973 0.05592614327942966 0.17913732394366197 0.18896713615023478
0 0.0027854191118935833 0.005513171622326552 0.20818661971830987 0.24999999999999994
0 0.0943075117370892 0.6833403973222048 0.16901408450704225 0.26115023474178395
0 0.9533774696791864 0.6603927577812555 0.04665492957746472 0.19600938967136144
