0 0.5502697938100137 0.23929660112787682 0.16628086419753096 0.10699588477366259
0 0.3323015796467764 0.22285712924859014 0.18094135802469138 0.13014403292181068
0 0.4711612654320988 0.46824845679012345 0.1388888888888889 0.1527777777777778
0 0.6601886681241427 0.46874952370065537 0.11612654320987659 0.13837448559670784
0 0.3245458783436215 0.4692739292790733 0.12384259259259255 0.14917695473251036
0 0.3762439450445816 0.147174592287761 0.12461419753086421 0.05967078189300413
0 0.10854900763031551 0.2244060547172687 0.19945987654320985 0.13631687242798354
0 0.5355870627572017 0.15899157902758726 0.13425925925925922 0.04423868312757201
0 0.556044506601509 0.21660951074531323 0.1485339506172839 0.04938271604938273
0 0.758241973165295 0.21359120179850635 0.20177469135802462 0.12294238683127569
0 0.8179786629801097 0.4852004267642128 0.11149691358024683 0.1275720164609053
0 0.7509114583333333 0.09010440481633898 0.2013888888888889 0.0905349794238683
0 0.8766211741255143 0.684216392318244 0.11226851851851857 0.06481481481481492
0 0.8214621377743485 0.4064224203627496 0.12770061728395063 0.047325102880658415
0 0.6374330204046639 0.3961434042066758 0.12577160493827158 0.05709876543209873
0 0.5255864733367627 0.7964458542905045 0.177854938271605 0.16152263374485587
0 0.306827364111797 0.8098365340649291 0.16473765432098766 0.1790123456790124
0 0.05256772976680384 0.7419605433622924 0.14197530864197533 0.206275720164609
0 0.26558936685528123 0.6796077198597773 0.22646604938271608 0.08744855967078191
0 0.7312304419581619 0.8051849946654474 0.19405864197530856 0.15534979423868306
0 0.0027732231652949245 0.1781535779606767 0.10455246913580248 0.18364197530864196
