0 0.003910804612482853 0.005247389879591525 0.07600308641975308 0.11162551440329217
0 0.09149975351508917 0.003711324493217497 0.09297839506172838 0.11934156378600823
0 0.1891077782064472 0.01862520957171163 0.09297839506172842 0.11522633744855969
0 0.5012369791666668 0.0037027511050144795 0.11458333333333326 0.11008230452674897
0 0.7153361839849108 0.0037351394604481026 0.08410493827160492 0.14506172839506173
0 0.8006001371742113 0.0037351394604481026 0.08641975308641968 0.14506172839506173
0 0.20374067644032923 0.221371551592745 0.053240740740740713 0.19238683127572018
0 0.2797400120027435 0.2398743522328913 0.04783950617283948 0.17541152263374493
0 0.36730591992455425 0.2851065957933242 0.03163580246913579 0.1373456790123457
0 0.414763642403978 0.2897266994360616 0.03742283950617286 0.1270576131687243
0 0.524723776148834 0.2424506553878982 0.04668209876543206 0.1800411522633745
0 0.6917791923868314 0.29548325331504344 0.05092592592592595 0.23302469135802475
0 0.7427043145576132 0.28828684651729924 0.04976851851851841 0.23868312757201646
0 0.8017511145404664 0.28365340649291265 0.07716049382716048 0.23456790123456794
0 0.024348958333333334 0.48165818853833253 0.0625 0.19084362139917693
0 0.11656887645747599 0.4800154320987655 0.08140432098765432 0.08333333333333323
0 0.23651352451989027 0.5469002438652644 0.023919753086419762 0.09670781893004117
0 0.2627542545438957 0.554102366255144 0.03279320987654322 0.09722222222222222
0 0.295549071930727 0.5494808337143728 0.035108024691358014 0.10596707818930032
0 0.348786865569273 0.5494794048163391 0.030864197530864244 0.10442386831275714
0 0.3808170438957476 0.5284226870903826 0.04320987654320984 0.1409465020576131
0 0.4626149369855967 0.48783340954122845 0.0543981481481481 0.19341563786008234
0 0.5193222736625515 0.4970926688004877 0.04629629629629627 0.19341563786008234
0 0.578346836419753 0.4940019623532997 0.041666666666666664 0.1887860082304527
0 0.6200161822702331 0.4924549420819998 0.045524691358024685 0.184670781893004
0 0.6294771840706448 0.5892661179698216 0.3360339506172839 0.2962962962962963
0 0.016642286093964336 0.7753472222222223 0.07600308641975308 0.1527777777777778
0 0.09497519075788753 0.8283012307575065 0.09760802469135801 0.12088477366255143
0 0.17869914909122084 0.7403382677945435 0.10455246913580246 0.12088477366255143
0 0.19373740783607682 0.8596493484224966 0.09297839506172842 0.08796296296296297
0 0.29016578789437586 0.8206089963420211 0.06095679012345678 0.14660493827160498
0 0.3750300068587106 0.7949031207133058 0.04320987654320992 0.16203703703703703
0 0.41824283050411526 0.7887288523090992 0.04745370370370365 0.16049382716049387
0 0.5112102409122085 0.8355004953513184 0.03163580246913579 0.11831275720164613
0 0.5474780842764061 0.8221202941624751 0.035108024691358014 0.11213991769547323
0 0.5953191979595336 0.772280330742265 0.03742283950617286 0.17386831275720158
