0 0.01197549882629108 0.008573508954964355 0.13204225352112675 0.386150234741784
0 0.17175151604068856 0.011511041557989914 0.13908450704225353 0.3896713615023474
0 0.32579592136150237 0.013272691705790297 0.1320422535211268 0.39084507042253525
0 0.47764206768388107 0.024424013215093028 0.12852112676056346 0.39201877934272295
0 0.6175851550273865 0.047294492262215264 0.09727112676056338 0.37382629107981213
0 0.7452437279929579 0.030294187967310038 0.12279929577464783 0.3937793427230047
0 0.004907570422535211 0.5384987393496782 0.09507042253521127 0.3814553990610329
0 0.11980908890845068 0.5537640193009912 0.13072183098591553 0.3890845070422535
0 0.2668185763888889 0.549084941749261 0.13424295774647887 0.4061032863849765
0 0.4182120500782473 0.5537526082420448 0.11267605633802817 0.37676056338028163
0 0.553789796068075 0.5555343635889409 0.13336267605633811 0.3996478873239437
0 0.6919921875 0.5490963528082072 0.13072183098591547 0.4184272300469484
