0 0.3989853930898491 0.3287756249047401 0.09452160493827158 0.07767489711934158
0 0.7847683041838135 0.5454256210943454 0.06635802469135793 0.17078189300411514
0 0.113899873542524 0.3714663351623228 0.126929012345679 0.0725308641975309
0 0.7408082561728394 0.3391194177716812 0.09722222222222222 0.13786008230452673
0 0.6864074288408778 0.5469602575826856 0.09336419753086428 0.16152263374485598
0 0.581502914951989 0.06798172915714068 0.14197530864197538 0.08693415637860083
0 0.1158299575617284 0.27940195854290506 0.12847222222222224 0.08744855967078186
0 0.6180968149862826 0.5526120256058527 0.059413580246913573 0.15432098765432106
0 0.4341309263545954 0.055637479042828834 0.14853395061728397 0.08847736625514405
0 0.6439576367455417 0.3396061957018747 0.07677469135802475 0.10802469135802466
0 0.01008846664951989 0.36376314586191133 0.08294753086419752 0.08641975308641973
0 0.25355956361454046 0.37249942844078643 0.12577160493827158 0.07716049382716048
0 0.03168643904320988 0.5366707628410303 0.07291666666666667 0.1599794238683128
0 0.12043601037379972 0.0530621284865112 0.09452160493827162 0.08487654320987656
0 0.505849194101509 0.2532154968754763 0.0895061728395062 0.13940329218106995
0 0.7477738661694103 0.015489730986130162 0.1277006172839505 0.06224279835390947
0 0.7439177169067215 0.09318368007925622 0.13040123456790126 0.08281893004115226
0 0.711103341478052 0.24183194253924709 0.09992283950617294 0.06738683127572016
0 0.8557530114026063 0.5618574721841184 0.062114197530864286 0.13940329218106995
0 0.841091177983539 0.29840582609358324 0.06018518518518524 0.05606995884773667
0 0.849616340877915 0.4090025339125133 0.11419753086419746 0.05606995884773667
0 0.41215679655349796 0.8981995884773663 0.17245370370370366 0.05555555555555555
0 0.4214157878943758 0.8323492988873646 0.17206790123456794 0.048353909465020634
0 0.2844058106138546 0.8473512993446122 0.09992283950617278 0.13940329218106984
0 0.9151823988340193 0.8 0.0848765432098765 0.1111111111111111
0 0.17213166580932784 0.8411956066148453 0.09182098765432099 0.15792181069958858
0 0.20299104080932784 0.6245718068891938 0.08487654320987655 0.09310699588477366
0 0.3002237118484225 0.5402777777777776 0.09992283950617281 0.16666666666666677
0 0.7045554162379972 0.8221088629782045 0.11535493827160492 0.09979423868312762
0 0.8384020811899862 0.8005420286541687 0.07677469135802475 0.1409465020576131
0 0.914004897548011 0.5453837067520195 0.055941358024691426 0.12551440329218105
0 0.8881880144032923 0.10037437128486511 0.1018518518518519 0.07098765432098766
0 0.2558714313271605 0.2819673068129858 0.12152777777777782 0.08024691358024694
0 0.42406603652263375 0.5469745465630239 0.09953703703703698 0.17695473251028804
0 0.5339980388374486 0.5438757430269777 0.06828703703703698 0.1635802469135801
0 0.6131057634602195 0.7964420438957476 0.09452160493827158 0.1574074074074074
0 0.047143454218107 0.8555546029568663 0.10879629629629627 0.1100823045267491
0 0.2759535215192044 0.0535303307422649 0.1508487654320988 0.03497942386831276
0 0.9452538258744855 0.32567777396738307 0.05439814814814825 0.06532921810699588
