0 0.0005180824530516432 0.02905527299600069 0.11223591549295775 0.32335680751173707
0 0.11983659771126758 0.04254586158928882 0.17033450704225353 0.3157276995305164
0 0.3081918158255086 0.07831409754825248 0.13424295774647893 0.28345070422535207
0 0.4728078540688576 0.05017496957050948 0.13908450704225359 0.3157276995305164
0 0.6219997065727699 0.20038471570161712 0.11619718309859163 0.28873239436619713
0 0.7469835069444445 0.2050714006259781 0.0928697183098592 0.27992957746478875
0 0.8486948601330203 0.16170394279255781 0.14876760563380284 0.3444835680751174
0 0.06216225303208138 0.5195710528603722 0.14744718309859153 0.221244131455399
0 0.26418323307902974 0.44744229264475743 0.1421654929577465 0.2799295774647887
0 0.44685207599765253 0.4445047600417319 0.15713028169014087 0.2764084507042253
0 0.0004734570618153365 0.8657347635193879 0.047975352112676055 0.13438967136150234
0 0.1149498117175274 0.8293769561815336 0.105193661971831 0.16373239436619733
0 0.23248361697965572 0.8235203660233004 0.12852112676056338 0.17664319248826288
0 0.39184272300469486 0.9284695053034255 0.16901408450704214 0.07100938967136154
0 0.6545640160406885 0.6340337549991306 0.10739436619718311 0.249413145539906
0 0.7707431655907667 0.6163792166579725 0.0814260563380281 0.19659624413145552
0 0.789275234741784 0.8346189793079465 0.14788732394366202 0.1208920187793427
0 0.943261260269953 0.658164884367936 0.05677816901408445 0.32511737089201875
0 0.39403578589593113 0.8322291775343418 0.1580105633802817 0.07511737089201884
0 0.003553220363849765 0.6098683924534863 0.046214788732394374 0.13673708920187802
0 0.0057554528560250385 0.46844461832724743 0.04841549295774648 0.14553990610328651
