0 0.0005000489045383412 0.06182348721961398 0.08626760563380281 0.2200704225352113
0 0.08810427670187793 0.05889193183794123 0.10959507042253525 0.22300469483568078
0 0.19989057609546165 0.060648148148148145 0.09595070422535214 0.2183098591549296
0 0.2989326584507042 0.05771333246391931 0.11091549295774648 0.21772300469483571
0 0.4243413169992175 0.03367783863675882 0.06558098591549305 0.24530516431924884
0 0.4978460607394366 0.033674578334202745 0.06734154929577459 0.24178403755868544
0 0.5651958626760563 0.031912928186402366 0.07922535211267616 0.24061032863849766
0 0.7742853824334898 0.0512655407755173 0.11179577464788745 0.22593896713615022
0 0.6382852234937402 0.000630868544600939 0.11663732394366196 0.04753521126760564
0 0.6479594581377153 0.04833561554512259 0.10387323943661973 0.23063380281690143
0 0.8913276970852896 0.06182348721961398 0.06117957746478864 0.2200704225352113
0 0.8623126344874804 0.000630868544600939 0.11047535211267609 0.04753521126760564
0 0.07308874951095462 0.3751934446183272 0.03653169014084508 0.2089201877934272
0 0.10965681240219093 0.41565053903668925 0.08890845070422536 0.17018779342723003
0 0.19857565532081378 0.3810647061380629 0.10387323943661973 0.21185446009389672
0 0.30465112724960874 0.37930903321161535 0.1060739436619719 0.21713615023474175
0 0.434029306044601 0.35936576247609114 0.07262323943661973 0.22769953051643194
0 0.5167849545187793 0.35820455138236823 0.08582746478873252 0.24119718309859148
0 0.6241814602895148 0.44556327160493825 0.08890845070422533 0.15199530516431922
0 0.7584354215571204 0.40980644670492083 0.1047535211267607 0.19659624413145535
0 0.8733115708137714 0.3329958920187794 0.10387323943661973 0.26936619718309857
0 0.013697549882629105 0.6398789340984177 0.07658450704225352 0.22417840375586867
0 0.10965222760172144 0.6445835506868371 0.082306338028169 0.23474178403755863
0 0.20207477503912363 0.6516290645105199 0.07218309859154928 0.23826291079812198
0 0.2865833455594679 0.7120006303251609 0.07438380281690142 0.15786384976525808
0 0.37373826291079815 0.6592228525473831 0.08450704225352115 0.20011737089201873
0 0.6343117297535211 0.6850455355590332 0.09903169014084523 0.20129107981220648
0 0.7641517507824725 0.7272854720918102 0.09683098591549298 0.1866197183098591
0 0.1409006993348983 0.34451834463571557 0.0801056338028169 0.03755868544600936
0 0.1378242982198748 0.3222026604068858 0.08670774647887326 0.021126760563380215
0 0.7210228384194053 0.3298540471222396 0.10387323943661973 0.04518779342723005
0 0.0004914906103286386 0.34159385324291425 0.07394366197183098 0.04812206572769955
