0 0.1796532668231612 0.4783744131455399 0.1091549295774648 0.09507042253521127
0 0.7369204812206572 0.12916068944531386 0.17957746478873243 0.05692488262910797
0 0.73470755086072 0.5534667883846287 0.1619718309859154 0.06807511737089209
0 0.551615683685446 0.24536439314901753 0.1716549295774648 0.06396713615023472
0 0.7408734961854458 0.06695574682663885 0.1676936619718311 0.05868544600938967
0 0.5555830643583725 0.31342646930968526 0.18045774647887325 0.04988262910798121
0 0.5445813771517997 0.1262231568422883 0.1830985915492959 0.05340375586854462
0 0.7272208773474178 0.6679017779516607 0.1558098591549296 0.06631455399061026
0 0.7439416446596243 0.2987719527038776 0.14920774647887325 0.06807511737089203
0 0.5590882971439749 0.459557033559381 0.1575704225352112 0.053990610328638514
0 0.3821519830790297 0.552869066249348 0.15801056338028177 0.05633802816901405
0 0.3856746381064163 0.2993435924187097 0.16021126760563387 0.05164319248826293
0 0.552057047143975 0.06636237176143278 0.1734154929577465 0.05164319248826291
0 0.551168512812989 0.576335637280473 0.16153169014084506 0.04812206572769955
0 0.3288634585289515 0.6544111893583725 0.11267605633802814 0.073943661971831
0 0.3856712759194053 0.2336186098069901 0.15536971830985913 0.054577464788732384
0 0.03571437304381846 0.6550056511910972 0.09066901408450706 0.08215962441314549
0 0.5520491001564944 0.5141366718831507 0.16197183098591555 0.056338028169014155
0 0.7307361966940532 0.48303501564945234 0.14744718309859164 0.05809859154929577
0 0.7276558220852896 0.7459843940184315 0.1483274647887323 0.09976525821596242
0 0.3975501882824726 0.12739306207616066 0.14832746478873243 0.04929577464788732
0 0.7210469850352114 0.41085463397669975 0.13864436619718312 0.061032863849765216
0 0.23556460289514866 0.2542036167623022 0.12852112676056343 0.10328638497652586
0 0.23333241637323945 0.662650517301339 0.08318661971830986 0.09917840375586856
0 0.13915205643583725 0.665580985915493 0.09727112676056336 0.09507042253521115
0 0.23204194786776214 0.0793128368979308 0.12632042253521125 0.09448356807511739
0 0.39710637959702666 0.3985149321857068 0.14304577464788737 0.04401408450704225
0 0.38346782081377145 0.4472276560598157 0.15140845070422543 0.0481220657276995
0 0.8900363116197182 0.28720983307250914 0.10299295774647893 0.25704225352112675
0 0.4045841891627543 0.07105449052338723 0.13644366197183094 0.048708920187793436
0 0.037912632042253515 0.49068640236480615 0.08714788732394367 0.08215962441314559
0 0.32226104019953056 0.7360024343592418 0.1122359154929577 0.09389671361502352
0 0.03527545481220658 0.41262769518344633 0.09242957746478873 0.07453051643192486
0 0.10131583773474177 0.0828377673448096 0.12015845070422536 0.09859154929577467
0 0.45033927523474176 0.6825579247087463 0.108274647887324 0.04988262910798127
0 0.39226727552816903 0.49242468701095454 0.14656690140845066 0.05809859154929587
0 0.5665667180164319 0.7101933359415753 0.1518485915492958 0.10739436619718305
0 0.038359191607981215 0.9278777603894974 0.09639084507042253 0.06572769953051649
0 0.719709140258216 0.8985665536428447 0.11355633802816906 0.09976525821596233
0 0.3614250171165884 0.883279538341158 0.09991197183098595 0.06866197183098606
0 0.4639760000978091 0.9472320031298905 0.09727112676056338 0.052816901408450724
0 0.576680482198748 0.8909461398017736 0.13820422535211271 0.10915492957746477
0 0.45077819346635367 0.7365860285167797 0.10651408450704215 0.0903755868544601
0 0.4780553110328638 0.887962962962963 0.0897887323943663 0.05633802816901395
0 0.26898199090375585 0.8926621457137888 0.08054577464788733 0.06103286384976533
0 0.9172889769170581 0.7553979742653452 0.051056338028168904 0.12558685446009388
0 0.0005067732785602505 0.08400875934620067 0.09595070422535211 0.09565727699530518
0 0.4208663438967136 0.03465864632237871 0.13204225352112683 0.0369718309859155
0 0.5573271224569639 0.03464886541471048 0.15669014084507055 0.026408450704225355
0 0.9164264231220658 0.007170492088332465 0.07658450704225352 0.13849765258215962
0 0.11715387812989046 0.2712039210572075 0.11003521126760564 0.08333333333333329
0 0.030423513302034428 0.2571194140149539 0.07746478873239436 0.08333333333333338
0 0.3037430311032864 0.505962549991306 0.06602112676056338 0.10152582159624414
0 0.9626140087050078 0.7636177403929751 0.03741197183098595 0.12969483568075107
0 0.9463239069835682 0.5441602547383064 0.030369718309859038 0.1578638497652582
0 0.9780082404147106 0.5564814814814816 0.022007042253521073 0.15492957746478875
0 0.1761046312597809 0.8856389106242392 0.06954225352112678 0.08157276995305172
0 0.25974728579812206 0.9501635585115632 0.09242957746478868 0.04988262910798127
0 0.36186362969483565 0.951922491740567 0.09771126760563385 0.04812206572769945
0 0.8341402582159625 0.9132216136324117 0.1056338028169015 0.08215962441314559
0 0.061689712930359936 0.8838457442183968 0.10079225352112675 0.04636150234741773
