0 0.4987437646713615 0.27193585898104683 0.09242957746478879 0.24002347417840372
0 0.35041629988262907 0.27486469744392283 0.09242957746478875 0.23415492957746478
0 0.5959980804968701 0.2560940488610676 0.06822183098591555 0.24354460093896715
0 0.0053339568661971825 0.24259639627890797 0.07526408450704226 0.24354460093896715
0 0.446339800958529 0.27250586854460096 0.05325704225352115 0.22183098591549302
0 0.2980108079029734 0.27896235437315253 0.05105633802816902 0.22300469483568078
0 0.19328021077856025 0.37861621891844893 0.08406690140845068 0.10269953051643194
0 0.7561965106611893 0.3106334767866458 0.049735915492957694 0.20246478873239443
0 0.8134551667644757 0.28484448356807507 0.10783450704225352 0.23767605633802827
0 0.6615998508411581 0.28308555033907146 0.09815140845070418 0.23943661971830993
0 0.8143006039710485 0.0012878195096504956 0.057658450704225254 0.12323943661971831
0 0.10436748092723004 0.35750467310033035 0.0779049295774648 0.11913145539906103
0 0.1352085167253521 0.0006841201530168666 0.12279929577464793 0.10504694835680752
0 0.44018302523474184 0.0006835767692575205 0.06073943661971831 0.10446009389671361
0 0.9190474007237872 0.2907048774126239 0.04797535211267593 0.22887323943661977
0 0.14836230927230046 0.8211658841940532 0.05017605633802818 0.16901408450704225
0 0.20692977308294208 0.8235203660233004 0.0915492957746479 0.17664319248826288
0 0.3090400039123631 0.8235192792557817 0.08802816901408453 0.17546948356807515
0 0.4133698894757434 0.7278761302382194 0.11179577464788737 0.1907276995305165
0 0.0005376442683881064 0.8188179229699182 0.1404049295774648 0.16842723004694837
0 0.8614519146126761 0.6434799382716049 0.13864436619718312 0.31044600938967143
0 0.7351262959702661 0.6405358850634673 0.1311619718309858 0.29988262910798114
0 0.6365170187793427 0.7379189488784559 0.10563380281690142 0.2623239436619719
0 0.5242862993935837 0.7349172969918274 0.11311619718309866 0.18955399061032877
0 0.4041272373826291 0.9167438271604939 0.1122359154929577 0.08333333333333333
0 0.32005116637323944 0.0006835767692575205 0.09903169014084502 0.10446009389671361
0 0.26500238409624416 0.007130825073900192 0.054137323943661955 0.09565727699530517
0 0.07442567732785602 0.0006852069205355591 0.060299295774647876 0.1062206572769953
0 0.000492101917057903 0.0006933576769257521 0.07482394366197183 0.11502347417840376
0 0.5014011150234742 0.0006900973743696749 0.11619718309859156 0.11150234741784038
0 0.6342820813771517 0.004795361676230221 0.05633802816901413 0.10856807511737089
0 0.6946263081964006 0.0007069422709094071 0.12103873239436622 0.12969483568075116
0 0.8786042644757432 0.0024658754999130586 0.11971830985915485 0.12793427230046947
0 0.5176835754107981 0.9226069379238393 0.11223591549295778 0.07746478873239442
