0 0.2898070451817558 0.1380510783417162 0.09992283950617285 0.206275720164609
0 0.39742637602880654 0.14060594802621554 0.07175925925925929 0.18775720164609047
0 0.06177501286008231 0.7481062338058222 0.06712962962962962 0.17695473251028815
0 0.12466215492112483 0.803628448407255 0.06905864197530867 0.14094650205761322
0 0.18794581618655692 0.47334771757354066 0.0864197530864198 0.1044238683127572
0 0.2836344735939643 0.47029035208047554 0.10030864197530866 0.1358024691358025
0 0.4479761445473251 0.46922915714067975 0.0856481481481481 0.10082304526748974
0 0.18910858196159122 0.1504129515317787 0.09413580246913579 0.2237654320987654
0 0.4695899241255144 0.10926545115073923 0.09837962962962961 0.22890946502057613
0 0.004276781121399177 0.19614721460143272 0.0474537037037037 0.17232510288065842
0 0.10614310056584361 0.2089977709190672 0.06828703703703705 0.1620370370370371
0 0.643287840792181 0.0012259945130315502 0.22337962962962968 0.21296296296296297
0 0.08918654621056239 0.4610310928212163 0.09529320987654322 0.13580246913580238
0 0.6340869877400549 0.3901367931717726 0.3074845679012345 0.23662551440329216
0 0.62866110468107 0.7389074645633288 0.27199074074074064 0.2422839506172838
0 0.40782830718449936 0.8452574874256973 0.05054012345679008 0.10030864197530867
0 0.47805989583333325 0.8406421467764061 0.07291666666666674 0.11574074074074074
0 0.05636252572016461 0.22131963496418228 0.05092592592592593 0.13631687242798352
0 0.002752057613168724 0.4635950121932632 0.07407407407407407 0.12705761316872433
0 0.2515432098765432 0.7782921810699589 0.0 0.0
0 0.24233673053840876 0.7799554183813443 0.07600308641975309 0.12962962962962962
0 0.31025216478052126 0.8313733615302545 0.09645061728395063 0.10545267489711947
