0 0.3827830289780521 0.8128853261697913 0.09645061728395063 0.13837448559670773
0 0.5290490504972566 0.5259654587715287 0.16396604938271594 0.2649176954732511
0 0.34155708804869683 0.058462886755067826 0.17554012345679007 0.36213991769547327
0 0.36969468021262 0.4899315081542448 0.13811728395061737 0.23713991769547324
0 0.7377727409122085 0.08520709495503735 0.17052469135802475 0.35699588477366256
0 0.5433207947530864 0.10265870294162475 0.1597222222222222 0.315843621399177
0 0.04838525591563786 0.4767189643347051 0.2303240740740741 0.41203703703703703
0 0.7184689536179699 0.511544543514708 0.15084876543209857 0.24588477366255154
0 0.026011123971193414 0.30980557460752933 0.2337962962962963 0.14557613168724282
0 0.12085878557956103 0.029479119036732202 0.14776234567901236 0.17078189300411523
0 0.49582127700617284 0.8324450350556317 0.09374999999999992 0.15174897119341577
0 0.6162050432956104 0.8278177869227251 0.11304012345679008 0.15432098765432084
0 0.7531582218792868 0.8128910417619265 0.10339506172839508 0.14454732510288062
