0 0.7415498542524006 0.31344593049839964 0.05401234567901238 0.18827160493827158
0 0.8032734267832647 0.5737473327236701 0.04706790123456794 0.2026748971193417
0 0.8573005079732509 0.6231000419143423 0.06828703703703715 0.17026748971193417
0 0.6751950445816186 0.30367988873647306 0.05864197530864206 0.19650205761316872
0 0.9294434263545953 0.6179164761469288 0.06520061728395063 0.1275720164609054
0 0.24663869598765434 0.10211048239597621 0.1597222222222222 0.279320987654321
0 0.7844084897976681 0.0006368122237463801 0.1037808641975308 0.132201646090535
0 0.7971110360939644 0.30008097088858404 0.062114197530864126 0.19855967078189307
0 0.667095603995199 0.0037284712696235333 0.062114197530864126 0.13786008230452676
0 0.07882024819958848 0.10369274881877763 0.16782407407407407 0.3215020576131687
0 0.28828178583676267 0.510424763755525 0.12577160493827164 0.1476337448559671
0 0.0004380465534979424 0.12528577960676726 0.07523148148148148 0.30864197530864196
0 0.5401553390775033 0.014505220240816949 0.045910493827160476 0.11008230452674898
0 0.5737595378943758 0.38539713839353756 0.1026234567901235 0.11779835390946503
0 0.7330466606652949 0.0005796563023929279 0.031635802469135714 0.07047325102880657
0 0.5011828596536352 0.026324112178021643 0.03665123456790119 0.09670781893004116
0 0.6092163923182442 0.0006477671086724584 0.0493827160493827 0.1440329218106996
0 0.9078253600823045 0.037146109586953205 0.04629629629629635 0.11779835390946503
0 0.9383131322873799 0.40029673449169334 0.059799382716049364 0.09825102880658439
0 0.17601165980795613 0.6663251600365798 0.12345679012345677 0.18672839506172836
0 0.6728695130315501 0.6647476566072246 0.04320987654320984 0.14969135802469133
0 0.2994622878086419 0.6627181450998323 0.11458333333333333 0.1800411522633745
0 0.7199352709190673 0.6560042295381803 0.04012345679012334 0.1512345679012346
0 0.618474579903978 0.64265117741198 0.047839506172839524 0.17438271604938266
0 0.06334903335048012 0.6545062680993752 0.11149691358024691 0.2001028806584361
0 0.7604439943415638 0.6030559365950312 0.03935185185185175 0.18930041152263374
0 0.15518502443415635 0.5016451379362902 0.13310185185185183 0.110082304526749
0 0.16482338820301784 0.6219531130925163 0.12345679012345674 0.04269547325102889
0 0.4051547496570645 0.0047577541533302846 0.08950617283950611 0.1383744855967078
0 0.4252467528292181 0.6425930688919372 0.13310185185185183 0.11162551440329217
0 0.8650187007030179 0.37511050144795 0.07137345679012333 0.11934156378600826
