0 0.8090335851917058 0.5613007520431229 0.07878521126760568 0.2893192488262912
0 0.020734912949921754 0.09946694053208138 0.06954225352112677 0.31161971830985913
0 0.16774501173708922 0.09595613806294559 0.07394366197183096 0.3227699530516432
0 0.6003912363067292 0.5284727656059816 0.05633802816901405 0.3280516431924882
0 0.11404568906494525 0.5443085985046079 0.07086267605633802 0.318075117370892
0 0.09467582404147104 0.12174132759520083 0.06558098591549298 0.2834507042253521
0 0.19195398082942097 0.5554447052686489 0.07570422535211267 0.30281690140845086
0 0.254453980829421 0.09007183533298559 0.07570422535211263 0.3057511737089202
0 0.4115836512128325 0.0795269300991132 0.07482394366197183 0.3257042253521127
0 0.9283059467918622 0.07540753781950967 0.07042253521126772 0.31338028169014087
0 0.6417647813967136 0.10415199530516432 0.05677816901408461 0.301056338028169
0 0.5673895368740219 0.09769279255781603 0.06910211267605636 0.2969483568075117
0 0.8552401212832551 0.08303664580073031 0.06690140845070434 0.3133802816901409
0 0.6796098640453834 0.5336778386367589 0.046654929577464796 0.24530516431924884
0 0.7297889769170581 0.5307707355242566 0.051056338028168904 0.2746478873239436
0 0.33763723836071985 0.08421307163971482 0.07086267605633804 0.31631455399061037
0 0.021602968505477306 0.5290052816901409 0.051936619718309866 0.26936619718309857
0 0.3556652851134586 0.5553876499739175 0.04533450704225351 0.24119718309859164
0 0.7742603188575901 0.08890247348287253 0.07570422535211271 0.3104460093896714
0 0.2988901726330203 0.5518703268996695 0.049735915492957736 0.24530516431924884
0 0.6998581768388108 0.12466473222048341 0.04929577464788729 0.27171361502347424
0 0.2632375415688576 0.572986219787863 0.04797535211267608 0.2335680751173709
0 0.5273128790101722 0.12172719961745784 0.034771126760563376 0.2681924882629108
0 0.46045456768388116 0.8235149321857069 0.09683098591549281 0.17077464788732397
0 0.8944031812402192 0.559530407755173 0.05325704225352108 0.2787558685446009
0 0.9524819053208137 0.5454241653625456 0.024647887323943646 0.2552816901408451
0 0.40188068515258213 0.54662558685446 0.046214788732394395 0.28521126760563376
0 0.4512259756455399 0.5465033255086071 0.11751760563380276 0.15316901408450703
0 0.4740864020931142 0.3387307642149191 0.07878521126760568 0.125
