0 0.42529037069640063 0.4644420535559033 0.16461267605633803 0.2593896713615023
0 0.18533719679186228 0.4914167101373674 0.0545774647887324 0.23708920187793434
0 0.07001601623630674 0.48320672491740574 0.04841549295774648 0.24354460093896713
0 0.17433184174491392 0.11231796644061902 0.05193661971830989 0.24706572769953056
0 0.232871491099374 0.09531494522691705 0.05325704225352111 0.26408450704225356
0 0.5845461658841941 0.0841619935663363 0.05633802816901413 0.26115023474178406
0 0.5282084433685447 0.09061684924360981 0.05677816901408445 0.2605633802816901
0 0.12811399647887325 0.4931680359937402 0.047535211267605626 0.227112676056338
0 0.3015316290101721 0.09824324030603374 0.05061619718309858 0.2576291079812207
0 0.11227228824334899 0.10000815075639019 0.05237676056338027 0.2623239436619718
0 0.5977491686228482 0.4562320683359416 0.05457746478873244 0.26584507042253525
0 0.0510951560054773 0.09121348461137192 0.05589788732394366 0.27112676056338025
0 0.24835069444444444 0.4902408276821422 0.16021126760563378 0.23474178403755874
0 0.6545303941705789 0.4550583594157538 0.058978873239436624 0.2658450704225352
0 0.7866252200704226 0.5148658928881933 0.13468309859154917 0.21009389671361514
0 0.41596855438184666 0.07654864371413668 0.05105633802816898 0.278169014084507
0 0.3521514940336463 0.08299915232133542 0.055897887323943685 0.272887323943662
0 0.6413179161776212 0.1181680359937402 0.04709507042253528 0.227112676056338
0 0.7126185935054773 0.13810261258911494 0.044014084507042306 0.20715962441314553
0 0.8007094214593115 0.13810424274039299 0.13424295774647876 0.2089201877934272
0 0.4718685812793427 0.0964772430881586 0.05413732394366188 0.2517605633802817
0 0.020280100743348985 0.49552197443922796 0.04841549295774649 0.23415492957746478
0 0.0035581108176838813 0.10469700921578856 0.05325704225352113 0.25586854460093894
0 0.9278670285602503 0.5119403147278734 0.07218309859154932 0.2194835680751173
0 0.9362248141627543 0.12578410276473656 0.06514084507042242 0.21302816901408447
0 0.7579537118544601 0.13517105720744216 0.04489436619718311 0.21009389671361503
0 0.40826456132629113 0.8405163232481307 0.3657570422535211 0.15199530516431917
0 0.7311124559859156 0.5183870196487567 0.05545774647887324 0.21009389671361514
0 0.7624889964788732 0.836418666318901 0.2376760563380281 0.16314553990610323
0 0.22019696302816902 0.8610426447574335 0.18221830985915494 0.1373239436619717
0 0.02214000146713615 0.8592793644583551 0.1914612676056338 0.13438967136150246
