0 0.23657434199245542 0.4121575407712239 0.11149691358024691 0.13014403292181068
0 0.22150955932784638 0.23414637631458618 0.0848765432098765 0.10030864197530867
0 0.4692201967592593 0.41369503505563177 0.12152777777777778 0.12397119341563784
0 0.7273177619170096 0.21307632220698064 0.11535493827160492 0.12242798353909466
0 0.565625 0.6071344878829447 0.05555555555555555 0.14969135802469133
0 0.6292856224279836 0.608672458466697 0.06018518518518508 0.14403292181069957
0 0.6952583804869685 0.60714020347508 0.06095679012345675 0.15586419753086422
0 0.3580951538923182 0.4126671810699588 0.10146604938271611 0.125
0 0.49657037680041155 0.599940938881268 0.06134259259259254 0.15843621399176952
0 0.598460808899177 0.21821940253010214 0.1168981481481481 0.12139917695473251
0 0.36693378129286697 0.6117531626276482 0.05131172839506175 0.13786008230452676
0 0.3195296424897119 0.23055222146014326 0.12268518518518527 0.10751028806584362
0 0.459189064643347 0.21257001600365796 0.12114197530864199 0.13117283950617284
0 0.6038489154663923 0.4044581618655693 0.09799382716049389 0.14814814814814808
0 0.06871999314128943 0.23466887669562567 0.06790123456790123 0.10905349794238682
0 0.028976980452674894 0.5844940748361529 0.06018518518518518 0.1424897119341564
0 0.002729820387517147 0.25111596936442615 0.04205246913580247 0.09413580246913576
0 0.07641594864540467 0.4167738340192044 0.03896604938271604 0.11574074074074074
0 0.001565982938957476 0.4363082990397805 0.03279320987654321 0.1018518518518518
0 0.04014971279149519 0.4352842554488645 0.03780864197530864 0.10699588477366254
0 0.8788840127743484 0.5602942577351014 0.03742283950617286 0.11779835390946508
0 0.7701027199074074 0.5983901082152111 0.059027777777777776 0.1502057613168725
0 0.9159245327503429 0.2532726527968298 0.04243827160493825 0.2011316872427983
0 0.7145911029663923 0.40753648452979724 0.12229938271604937 0.13940329218106995
0 0.8360596707818929 0.6050120980033532 0.037037037037036986 0.07973251028806581
0 0.9367699224108367 0.7358167581161409 0.059799382716049364 0.2376543209876543
0 0.8665436921296297 0.24864159426916627 0.04513888888888889 0.19958847736625512
0 0.6802131558641976 0.8041261812223747 0.0625 0.12294238683127566
0 0.5525114669067215 0.8097869989330895 0.060956790123456825 0.12551440329218105
0 0.48307104123799727 0.8067091525682061 0.0667438271604938 0.13477366255144033
0 0.42441942086762685 0.80669819768328 0.05285493827160492 0.12294238683127566
0 0.31832588520233196 0.799500361987502 0.05594135802469139 0.12705761316872433
0 0.4271291473765432 0.6071344878829447 0.06597222222222222 0.14969135802469133
0 0.3792732981824417 0.7995036960829143 0.042438271604938335 0.13065843621399176
0 0.29094275120027435 0.6528639879591526 0.06867283950617278 0.09310699588477366
0 0.7585326646090534 0.8144137707666514 0.06481481481481492 0.1224279835390947
0 0.9247979895404662 0.5238011545496113 0.04243827160493841 0.14969135802469144
0 0.967229563185871 0.2548363435451913 0.032793209876543175 0.22325102880658435
0 0.22303642618312758 0.6466930536503582 0.06134259259259262 0.095164609053498
0 0.9776384602194788 0.5361554069501601 0.02160493827160492 0.15895061728395057
0 0.22533543381344306 0.7979419105319311 0.03858024691358024 0.11059670781893005
0 0.001574824245541838 0.7825279111415944 0.04552469135802469 0.13014403292181068
0 0.05865992584019204 0.7948497751867093 0.02584876543209877 0.10442386831275725
