0 0.008522483710562414 0.012505715592135345 0.05015432098765433 0.1728395061728395
0 0.00736025377229081 0.19871399176954732 0.04320987654320988 0.1666666666666666
0 0.06063502014746227 0.19253972336534067 0.09220679012345682 0.1651234567901234
0 0.18795197830932786 0.19253114997713766 0.09529320987654322 0.1558641975308642
0 0.1902692043895748 0.008388584057308338 0.0987654320987654 0.1707818930041152
0 0.34226439257544583 0.05053059746989788 0.0829475308641975 0.12860082304526746
0 0.3229906121399177 0.18536141594269168 0.10648148148148151 0.19032921810699588
0 0.43641117969821674 0.19563852690138697 0.0987654320987654 0.17849794238683125
0 0.5452029213820301 0.2095217001981405 0.09220679012345691 0.17232510288065844
0 0.6462853116426612 0.21981691053193111 0.09529320987654326 0.1800411522633745
0 0.7438839591906722 0.22906473860691967 0.08179012345679015 0.1676954732510288
0 0.8334027241941016 0.2352361492150587 0.09992283950617285 0.16615226337448558
0 0.6486070923353908 0.03823111949397958 0.10532407407407404 0.17849794238683128
0 0.49312414266117965 0.03255839429964944 0.09876543209876548 0.16306584362139917
0 0.002763042266803841 0.4605519356805365 0.08989197530864196 0.17386831275720163
0 0.10037642532578876 0.46361739826245996 0.09760802469135801 0.1512345679012346
0 0.20144006129972566 0.4620489445206523 0.07368827160493825 0.12397119341563793
0 0.32761622299382714 0.4682889422344155 0.10069444444444452 0.19650205761316877
0 0.44103759430727024 0.4816481862520957 0.09413580246913579 0.1800411522633745
0 0.550985135888203 0.4878153101661332 0.08526234567901231 0.1738683127572017
0 0.6416267468278464 0.4847022176497485 0.05362654320987659 0.1450617283950617
0 0.7110794967421125 0.48779006630086874 0.06558641975308643 0.14660493827160498
0 0.8052209254972565 0.49705218335619566 0.0736882716049381 0.14969135802469144
0 0.003926611796982168 0.7342149634202104 0.09876543209876544 0.17438271604938266
0 0.11196148405349794 0.7357691281816797 0.11342592592592593 0.1862139917695473
0 0.25236143261316873 0.7295710448102423 0.06712962962962957 0.15895061728395068
0 0.326457475994513 0.7450364845297973 0.0987654320987654 0.1949588477366255
0 0.5282337748628259 0.7285389041304678 0.10108024691358032 0.15534979423868317
0 0.6555397483710562 0.7254234301173602 0.08834876543209873 0.12397119341563788
0 0.7666329089506173 0.7254039018442311 0.0625 0.10288065843621397
0 0.007392671896433471 0.9203403635116598 0.08989197530864199 0.0787037037037037
0 0.10847988468792867 0.9352413885078494 0.09992283950617284 0.06069958847736635
0 0.2558304398148148 0.9008082799878068 0.0625 0.09516460905349809
0 0.33415396733539093 0.9491202751105013 0.07060185185185183 0.04989711934156381
0 0.4329220786179698 0.9342173449169333 0.07445987654320985 0.06584362139917703
0 0.5328516160836763 0.932675563938424 0.08410493827160492 0.0673868312757202
0 0.630460176611797 0.9326731824417008 0.08487654320987659 0.06481481481481481
0 0.7315270276063102 0.893097946197226 0.06558641975308635 0.10133744855967079
