0 0.6514668304968702 0.14035548165536427 0.08406690140845059 0.10504694835680753
0 0.5647584727112676 0.13683109459224482 0.08318661971830994 0.10152582159624414
0 0.30374639329029735 0.7078301599721786 0.07086267605633804 0.09037558685446019
0 0.7346494767214398 0.30639182316118935 0.07834507042253512 0.058098591549295815
0 0.6518971904342723 0.30755738132498694 0.06998239436619724 0.04929577464788729
0 0.7478494229264475 0.1596852721265867 0.07218309859154932 0.06572769953051644
0 0.6439816852503912 0.24065923317683882 0.08010563380281704 0.052816901408450724
0 0.31826553941705793 0.2958105112154408 0.06294014084507044 0.03873239436619721
0 0.5612300102699531 0.3140057163971483 0.07262323943661982 0.04166666666666672
0 0.7408028902582159 0.7711707746478873 0.06602112676056338 0.04753521126760558
0 0.14308887177230048 0.3920780081724917 0.06205985915492958 0.06396713615023472
0 0.17961872799295772 0.7377537602156146 0.059419014084507026 0.0839201877934273
0 0.23112834996087636 0.2418242479568771 0.07834507042253525 0.04342723004694838
0 0.6237196180555555 0.49945661624065385 0.057658450704225414 0.04694835680751171
0 0.32706743935837246 0.23419459659189704 0.061619718309859156 0.04284037558685446
0 0.8820774036580594 0.5728112502173536 0.050616197183098656 0.04460093896713612
0 0.9173128178794994 0.25357220483394194 0.08538732394366187 0.05516431924882631
0 0.9186280443075118 0.32457507390019125 0.07790492957746473 0.04812206572769955
0 0.9208305824530517 0.17610415579899147 0.08054577464788713 0.05164319248826293
0 0.8367664319248826 0.004777430012171797 0.08450704225352107 0.0892018779342723
0 0.7377307682902973 0.24007672578681968 0.07878521126760568 0.057511737089201896
0 0.7452180531103287 0.01121978786298035 0.08582746478873228 0.07511737089201878
0 0.9498560372652582 0.48831724917405667 0.04621478873239432 0.05868544600938964
0 0.8345483054577465 0.29935391671013734 0.059419014084507026 0.06279342723004694
0 0.7350783083920188 0.882096048513302 0.0620598591549296 0.05809859154929577
0 0.18446027728873235 0.8615387541297165 0.05941901408450707 0.03931924882629119
0 0.648823234546166 0.8721222396105025 0.08010563380281689 0.061032863849765216
0 0.5832260490023474 0.8726976830116502 0.05677816901408453 0.04870892018779342
0 0.6571816314553991 0.7729786124152321 0.07394366197183101 0.0985915492957747
0 0.5088492762128326 0.907894822639541 0.06690140845070411 0.03345070422535217
0 0.9001375440140844 0.8979411189358373 0.07130281690140852 0.05809859154929587
0 0.8134252127347417 0.9002798426360632 0.06470070422535217 0.04870892018779353
0 0.049767397789514875 0.45017442618675013 0.04533450704225351 0.0616197183098592
0 0.04537363067292644 0.5147284167970787 0.05633802816901408 0.0616197183098592
0 0.1017067683881064 0.5323139454007999 0.049295774647887335 0.03990610328638495
0 0.0990631724374022 0.4959257085724222 0.04533450704225351 0.03638497652582163
0 0.09730688820422535 0.4431223917579551 0.051496478873239444 0.05105633802816911
0 0.14661274941314556 0.4560337332637802 0.06602112676056338 0.05164319248826288
0 0.1444144904147105 0.49886976178055986 0.06954225352112674 0.04694835680751181
0 0.1501308196400626 0.5381835767692574 0.061619718309859156 0.041079812206572794
0 0.21614644464006258 0.5088435706833594 0.05369718309859151 0.04401408450704225
0 0.21174962098982786 0.5487415232133542 0.06029929577464787 0.035211267605633784
0 0.21174656445618156 0.46483111632759516 0.05589788732394364 0.04577464788732392
0 0.21483396909233174 0.40029342723004696 0.06514084507042257 0.0633802816901408
0 0.2720507506846635 0.41378781950965055 0.06294014084507044 0.05985915492957743
0 0.2689709873826291 0.4753885193879325 0.06470070422535214 0.03931924882629108
0 0.27205289025821594 0.5164656146757086 0.06602112676056338 0.03638497652582163
0 0.26896945911580594 0.5528511345852894 0.0625 0.0369718309859155
0 0.34027013644366194 0.5499222961224135 0.059419014084507026 0.042840375586854405
0 0.3490677572378717 0.5105987002260476 0.051936619718309866 0.038145539906103344
0 0.34598952220266044 0.44724721787515215 0.05589788732394361 0.06924882629107977
0 0.4106905320813772 0.4531005477308294 0.05633802816901405 0.05281690140845078
0 0.4032148620892019 0.5117751260650322 0.06602112676056338 0.041079812206572794
0 0.40322158646322376 0.5528576551904016 0.07570422535211263 0.04401408450704225
0 0.47363495207355244 0.5487523908885411 0.0625 0.04694835680751171
0 0.4736373973004695 0.4941776430186055 0.06602112676056329 0.04988262910798116
0 0.48243562940140844 0.4472309163623718 0.059419014084507026 0.051643192488262823
0 0.54054186228482 0.44313869327073546 0.07042253521126764 0.06866197183098595
0 0.542741038243349 0.5135313423752391 0.06822183098591547 0.03638497652582163
0 0.547130220559468 0.5516839462702138 0.0506161971830985 0.04401408450704225
0 0.6100841158059468 0.5264535515562512 0.07042253521126764 0.04870892018779332
0 0.6065645173122066 0.5810223222048339 0.07262323943661982 0.03931924882629108
0 0.6747826804577465 0.5851308468092506 0.06734154929577467 0.03990610328638495
0 0.681383876173709 0.5352547383063815 0.06602112676056329 0.04694835680751171
0 0.6857877298513302 0.47540753781950956 0.06954225352112692 0.05985915492957748
0 0.7509276579616588 0.47952258302903844 0.06822183098591555 0.06748826291079811
0 0.7509246014280124 0.5381852069205355 0.06382042253521136 0.04284037558685451
0 0.7443224887519561 0.5880580551208486 0.06382042253521136 0.03227699530516433
0 0.8103420872456963 0.5839565945053034 0.0616197183098592 0.03931924882629108
0 0.8125495158450704 0.5399468570683359 0.07130281690140852 0.04401408450704225
0 0.8213446914123632 0.482447617805599 0.06029929577464783 0.05751173708920179
0 0.8785608616979655 0.4853856937923839 0.05721830985915485 0.0616197183098592
0 0.878563918231612 0.541119479221005 0.0616197183098592 0.042840375586854405
0 0.9410593334311425 0.5469825899843505 0.05501760563380284 0.0369718309859155
0 0.9379783475156495 0.5810250391236307 0.05501760563380284 0.042253521126760535
0 0.013688685935054772 0.7160341679707877 0.06382042253521125 0.07746478873239442
0 0.00048293231611893587 0.7964201877934272 0.061619718309859156 0.0633802816901408
0 0.06297681924882628 0.7670758346374543 0.05281690140845071 0.0616197183098592
0 0.06429785309076683 0.8316162406537994 0.053697183098591554 0.04694835680751171
0 0.11712392410015651 0.8580127369153191 0.06690140845070422 0.03403755868544594
0 0.11271884780907669 0.8098971917927317 0.061619718309859135 0.041079812206572794
0 0.11579769415101722 0.7395137802121371 0.05853873239436618 0.08333333333333333
0 0.14132494620500782 0.6848999087115284 0.05721830985915495 0.04401408450704225
0 0.15540945324726135 0.6438217266562338 0.05721830985915493 0.04577464788732386
0 0.21262776310641626 0.6496859241870978 0.057218309859154895 0.041079812206572794
0 0.21173892312206574 0.6925273865414711 0.044894366197183073 0.042253521126760535
0 0.18093670530125194 0.8257368283776734 0.055897887323943685 0.03521126760563389
0 0.2513586292057903 0.7453921057207442 0.0550176056338028 0.09389671361502341
0 0.24564077171361504 0.8404071031125022 0.06073943661971827 0.03403755868544604
0 0.250047376271518 0.8785537297861241 0.06822183098591551 0.035211267605633784
0 0.3072626295970266 0.8022669970439923 0.06382042253521128 0.03990610328638506
0 0.3063808196400626 0.8421769040166928 0.0616197183098592 0.044014084507042146
0 0.315181191314554 0.8814907190053903 0.05809859154929574 0.03814553990610323
0 0.3776805800078248 0.8421769040166928 0.05721830985915485 0.044014084507042146
0 0.37900467038341157 0.8861839245348634 0.0625 0.03638497652582163
0 0.3798828125 0.8040340810293862 0.059419014084507026 0.04694835680751181
0 0.3776882213419405 0.7641225439054078 0.06822183098591539 0.04107981220657269
0 0.3754884340766823 0.7042932750825942 0.06954225352112675 0.07335680751173712
0 0.39440043035993744 0.6778478742827335 0.04929577464788737 0.03345070422535217
0 0.4547046165884194 0.6790221265866805 0.05633802816901413 0.03403755868544604
0 0.45250238409624416 0.7200965049556599 0.054137323943661955 0.028169014084507026
0 0.44942353775430366 0.748311163275952 0.05721830985915493 0.07746478873239432
0 0.44722130526212833 0.8257357416101547 0.055017605633802764 0.03403755868544604
0 0.4450267141040688 0.8656782516084159 0.06382042253521136 0.07335680751173712
0 0.5163273914319249 0.8744441184141889 0.06073943661971839 0.03345070422535207
0 0.5119320960485132 0.8257466092853416 0.06954225352112675 0.04577464788732407
0 0.5229285871478874 0.7541759041905756 0.05941901408450694 0.07335680751173712
0 0.5251256235328638 0.7277266997043992 0.05413732394366188 0.02934272300469487
0 0.525127151799687 0.7024935880716399 0.05633802816901397 0.03110328638497648
0 0.5889521591353677 0.6995783342027474 0.06294014084507041 0.05164319248826288
0 0.5902738042840376 0.7512345679012346 0.0647007042253521 0.06572769953051649
0 0.5902716647104852 0.8169421622326551 0.061619718309859114 0.04401408450704225
0 0.6541018681533646 0.7259797209181013 0.07570422535211278 0.04401408450704225
0 0.8191607981220658 0.787653777603895 0.08450704225352107 0.10269953051643199
0 0.9014711096439751 0.7864784385324292 0.09022887323943662 0.10093896713615028
0 0.8860609839593117 0.7336207833420275 0.0827464788732393 0.056924882629108026
0 0.8750534893388107 0.6907673665449486 0.07702464788732408 0.04284037558685451
0 0.7949515233763694 0.6895985480785951 0.08230633802816906 0.04812206572769945
0 0.803757396811424 0.7453513519387932 0.08670774647887325 0.04988262910798116
0 0.721005721830986 0.6866550382542166 0.07922535211267592 0.03814553990610345
0 0.6518959678208137 0.690752151799687 0.06822183098591547 0.026408450704225414
0 0.8279559736893582 0.19490795079116677 0.0735035211267607 0.07805164319248827
0 0.46572250342331767 0.13502108328986265 0.077024647887324 0.04812206572769955
0 0.46792718114240994 0.18606546687532602 0.08274647887323955 0.035211267605633804
0 0.46924271322378713 0.22304110154755694 0.07570422535211271 0.03931924882629106
0 0.46924363018388104 0.26236198052512605 0.077024647887324 0.04107981220657285
0 0.4723224765258216 0.2993473961050252 0.07394366197183101 0.05575117370892023
0 0.39221348053599375 0.19489164927838637 0.06910211267605636 0.060446009389671325
0 0.39529782863849766 0.2594358589810468 0.07394366197183094 0.04988262910798116
0 0.39089703149452265 0.300521105025213 0.07482394366197183 0.05575117370892018
0 0.3270766089593114 0.17317368718483742 0.07482394366197179 0.05575117370892021
0 0.2170484277190923 0.13504010172143974 0.08494718309859156 0.06866197183098592
0 0.22144983616979655 0.20660428621109372 0.08494718309859152 0.034037558685446015
0 0.22804950361893586 0.29932946444096675 0.08142605633802817 0.03638497652582163
0 0.15233458039906103 0.287600525995479 0.06602112676056338 0.045187793427230095
0 0.1532142507824726 0.2506276082420449 0.06514084507042253 0.04401408450704225
0 0.1501384609741784 0.2124820683359416 0.07262323943661973 0.04401408450704225
0 0.14353390307120503 0.17726156320639888 0.06910211267605633 0.034037558685446015
0 0.14001766676447575 0.13618555468614155 0.0761443661971831 0.03814553990610329
0 0.06210876369327074 0.12622261345852895 0.0704225352112676 0.052816901408450696
0 0.05859375 0.1819710702486524 0.07922535211267605 0.04988262910798121
0 0.07091219190140846 0.2347879716571031 0.07130281690140844 0.04988262910798116
0 0.07619327073552425 0.28760324291427575 0.07042253521126762 0.04812206572769955
0 0.00048048708920187796 0.12622261345852895 0.05809859154929578 0.052816901408450696
0 0.00048140404929577466 0.18783255086071984 0.05941901408450703 0.04225352112676056
0 0.000484460582942097 0.23947411319770476 0.06382042253521127 0.040492957746478875
0 0.004888925567292645 0.28584159276647536 0.0682218309859155 0.04694835680751176
0 0.002712673611111111 0.010040645105199097 0.10343309859154928 0.06924882629107983
0 0.09821253912363066 0.035254738306381504 0.08802816901408449 0.046948356807511735
0 0.1875550176056338 0.02939814814814815 0.07922535211267605 0.059859154929577454
0 0.2865919038536776 0.01884454877412624 0.08670774647887325 0.0704225352112676
0 0.368906188869327 0.0030103460267779515 0.09815140845070426 0.08215962441314556
0 0.46133484937402197 0.020603482003129888 0.0968309859154929 0.06866197183098591
0 0.5581575826486698 0.0030212137019648756 0.08494718309859163 0.09389671361502347
0 0.646191864730047 0.005952769083637628 0.09375 0.09096244131455399
0 0.9366634267410016 0.039383368109893936 0.06294014084507041 0.06924882629107981
0 0.0061894806338028165 0.43724026256303256 0.03961267605633803 0.03638497652582157
0 0.0008986208920187793 0.5252820161711006 0.02640845070422535 0.05105633802816911
0 0.00047406836854460094 0.6191586245870283 0.0488556338028169 0.02934272300469487
0 0.00046642703442879505 0.6514394235785081 0.037852112676056336 0.03345070422535207
