0 0.056398241881846646 0.13694085811163273 0.08670774647887322 0.22007042253521125
0 0.164669221928795 0.12521572335246045 0.08142605633802816 0.23298122065727697
0 0.2597368935837246 0.13579486176317165 0.07746478873239436 0.25
0 0.3442448527973396 0.20613099895670317 0.07878521126760564 0.15669014084507046
0 0.4309550445031299 0.18678436358894107 0.08230633802816899 0.1778169014084507
0 0.7020934198943662 0.1856226091114589 0.09903169014084506 0.1907276995305164
0 0.8363333211071987 0.21260813336810994 0.0946302816901408 0.18016431924882625
0 0.286653951486698 0.5282472613458529 0.17605633802816897 0.08450704225352107
0 0.6026258680555556 0.47433272474352284 0.10519366197183086 0.16666666666666666
0 0.7188126589397497 0.4649479438358546 0.09022887323943662 0.17194835680751175
0 0.9432603433098592 0.49953866718831513 0.05545774647887324 0.13556338028169007
0 0.0858815654342723 0.7283907146583204 0.07790492957746478 0.1126760563380281
0 0.16467533499608764 0.7389486611024171 0.0902288732394366 0.10680751173708908
0 0.27073460729655713 0.6878966701443229 0.06910211267605632 0.11150234741784036
0 0.338508961756651 0.6896594070596418 0.058538732394366216 0.11384976525821594
0 0.4151102797339593 0.7137568466353678 0.08274647887323947 0.15316901408450714
0 0.510182841842723 0.6955420796383238 0.08582746478873236 0.1291079812206572
0 0.6048076217723005 0.7389540949400105 0.07790492957746473 0.1126760563380281
0 0.7020769146126761 0.7735730742479568 0.07526408450704222 0.10680751173708929
0 0.7945193295187793 0.711977264823509 0.09375 0.13262910798122063
0 0.8939926887715178 0.7101357372630847 0.09595070422535217 0.045187793427230095
0 0.00049852063771518 0.5417204616588419 0.0840669014084507 0.05809859154929587
0 0.8147327978286386 0.47134846113719353 0.04621478873239432 0.11267605633802814
0 0.6963639475743351 0.7089756129368805 0.08802816901408445 0.059859154929577586
