0 0.3785826045953361 0.5104757277853985 0.15895061728395063 0.20267489711934147
0 0.2207853759430727 0.4940300640146319 0.15316358024691362 0.21913580246913578
0 0.07687060613854595 0.4862887707666514 0.13811728395061731 0.19187242798353915
0 0.2716973701131687 0.13248028120713304 0.13310185185185183 0.30092592592592593
0 0.46690538194444453 0.15346603033074224 0.12152777777777778 0.18775720164609058
0 0.664412669324417 0.17609548849260784 0.08757716049382722 0.1831275720164609
0 0.5872395833333334 0.15652434842249657 0.06944444444444445 0.15740740740740738
0 0.2219245649005487 0.7614207056851089 0.12692901234567902 0.11213991769547334
0 0.4024841392318244 0.7676225994513032 0.13271604938271603 0.14351851851851852
0 0.08458611968449932 0.817498761621704 0.13734567901234568 0.12088477366255132
0 0.5667832111625515 0.7902763488797439 0.05671296296296286 0.1651234567901236
0 0.8098867241083677 0.7871770690443531 0.12577160493827158 0.15123456790123438
0 0.907463134430727 0.1050811614083219 0.08024691358024683 0.154320987654321
0 0.10385588134430727 0.10515260631001372 0.10802469135802469 0.23148148148148148
0 0.5282118055555556 0.002154301935680537 0.06944444444444445 0.1044238683127572
0 0.6134840642146776 0.006790599756134736 0.08371913580246913 0.11162551440329219
0 0.6586170588991769 0.5315705494589239 0.0752314814814816 0.20730452674897132
0 0.8789006237139917 0.6373990245389423 0.0613425925925927 0.05761316872427979
0 0.8322075402949245 0.6420243674744702 0.04552469135802476 0.05298353909465026
0 0.8086789480452675 0.5859558375247675 0.05324074074074064 0.054526748971193334
0 0.74965518904321 0.6312347584209724 0.059027777777777776 0.06687242798353905
0 0.002767596879286694 0.029572950007620787 0.09645061728395062 0.272119341563786
