0 0.38699597760172144 0.6634161450182576 0.16153169014084506 0.29225352112676056
0 0.7580264573552425 0.6704486176317161 0.14964788732394366 0.28169014084507055
0 0.5824072036384976 0.6739474656581463 0.14524647887323955 0.25762910798122074
0 0.6488745843114241 0.2818977134411407 0.15404929577464782 0.22417840375586856
0 0.4547807242762128 0.3100281472787341 0.16593309859154926 0.18251173708920185
0 0.2122536433881064 0.6798415492957746 0.15228873239436622 0.285211267605634
0 0.022112492664319246 0.6798442662145713 0.15184859154929578 0.28814553990610337
0 0.8183376736111111 0.10983959311424099 0.16681338028169013 0.1056338028169014
0 0.29456487187010955 0.32525158668057724 0.15933098591549294 0.14495305164319253
0 0.14358066803599376 0.1421731003303773 0.136443661971831 0.16666666666666669
0 0.3020332061815336 0.1908423535037385 0.1390845070422535 0.1238262910798122
0 0.4358687279929578 0.08695118240306035 0.18617957746478872 0.10446009389671361
0 0.45035425224960873 0.2019735698139454 0.12984154929577466 0.10328638497652584
0 0.0005202220266040689 0.332304707876891 0.11531690140845072 0.1566901408450704
0 0.12511309174491395 0.31299013215093024 0.16285211267605632 0.21244131455399054
0 0.019007665786384974 0.14452214832203097 0.11751760563380284 0.16842723004694832
0 0.8447363434076682 0.3030087158754999 0.15272887323943662 0.20715962441314553
0 0.9366637323943662 0.6622522170057382 0.0633802816901408 0.30281690140845086
0 0.5881229215571205 0.1925773778473309 0.13644366197183103 0.09624413145539908
0 0.7311579983372457 0.19432707355242568 0.12103873239436606 0.08450704225352113
0 0.8680476085680752 0.21661504520952876 0.1294014084507042 0.07100938967136149
0 0.17835026652973396 0.06346939662667361 0.13424295774647887 0.09624413145539906
