0 0.41218760716735253 0.23785912970583753 0.21682098765432095 0.2211934156378601
0 0.6479062178497943 0.2435137555250724 0.20717592592592587 0.21707818930041153
0 0.2123156721536351 0.4996099108367627 0.1790123456790124 0.13425925925925927
0 0.6964795524691358 0.14977090001524157 0.15277777777777785 0.08590534979423871
0 0.22851428540809324 0.6570158893461362 0.1716820987654321 0.13271604938271608
0 0.012465974365569272 0.580946597317482 0.17322530864197533 0.2001028806584363
0 0.27823109567901233 0.1679164761469288 0.09722222222222222 0.2386831275720165
0 0.08692477923525377 0.23934661255906112 0.17168209876543206 0.16100823045267493
0 0.43373333547668036 0.023206256668190824 0.13155864197530864 0.06275720164609053
0 0.5857089656207134 0.0453084514555708 0.08757716049382706 0.044238683127572
0 0.09573072059327846 0.004712029416247524 0.07445987654320987 0.0889917695473251
0 0.18792116769547323 0.0031840611187319004 0.05092592592592595 0.10545267489711935
0 0.2624161415466392 0.00832094955037342 0.10146604938271607 0.09773662551440329
0 0.0004412615740740741 0.2665861720774272 0.0798611111111111 0.13528806584362138
0 0.8870257844650206 0.17309099222679467 0.09490740740740745 0.271604938271605
0 0.8399771733539095 0.0062442844078646545 0.12268518518518508 0.07716049382716049
0 0.44187189214677636 0.6318320377991159 0.18441358024691365 0.15637860082304528
0 0.23544881687242794 0.8020633287608596 0.1574074074074074 0.11728395061728403
0 0.4522676611796982 0.8082214029873496 0.15432098765432103 0.10133744855967068
0 0.02094827031893004 0.7963939376619418 0.16550925925925924 0.10545267489711936
0 0.6436007694615912 0.8149415104404817 0.11844135802469134 0.13683127572016465
0 0.9398582175925926 0.7938800297210792 0.06250000000000015 0.16820987654320985
0 0.4569240826474622 0.14562661941777166 0.19290123456790126 0.05452674897119344
0 0.12201297796639232 0.15181565310166134 0.14313271604938269 0.07201646090534979
