0 0.3354426472026604 0.6222064640932012 0.07966549295774644 0.15199530516431917
0 0.26196052181142415 0.13339147539558338 0.110475352112676 0.18955399061032865
0 0.3887241417253521 0.12811413232481306 0.11487676056338027 0.19424882629107984
0 0.5947256455399061 0.630950052164841 0.13732394366197181 0.0880281690140845
0 0.638728420872457 0.41386606677099635 0.12103873239436622 0.14436619718309857
0 0.5859194664514866 0.7277919057555208 0.13248239436619724 0.09976525821596254
0 0.2658875562402191 0.6215962441314554 0.061179577464788755 0.1267605633802816
0 0.7954158108372457 0.16032592157885586 0.11707746478873243 0.12382629107981218
0 0.7588786189358373 0.6350710745957224 0.10915492957746473 0.10211267605633802
0 0.4631073332355243 0.6116957920361676 0.11399647887323947 0.2089201877934273
0 0.8882622994913929 0.632125934620066 0.08362676056338027 0.0903755868544601
0 0.24831860084115803 0.42323345939836543 0.11399647887323947 0.12030516431924888
0 0.798045958039906 0.2935342766475396 0.10167253521126772 0.1156103286384976
0 0.37332746478873235 0.3997750391236307 0.1267605633802817 0.1373239436619718
0 0.647077036874022 0.173858894105373 0.10079225352112668 0.16197183098591547
0 0.13784080350156494 0.1574166449313163 0.11047535211267606 0.15082159624413144
0 0.5304418525039124 0.16740838549817422 0.10387323943661973 0.16725352112676056
0 0.5387916911189359 0.4244272735176491 0.08538732394366196 0.14201877934272308
0 0.16949365463615024 0.6497701486697965 0.05677816901408451 0.13204225352112675
0 0.15278205692488261 0.4009585289514867 0.07658450704225356 0.147887323943662
0 0.0005083015453834117 0.6433098591549294 0.09815140845070422 0.12676056338028183
0 0.8913518437010954 0.5000967223091636 0.09595070422535201 0.1044600938967136
0 0.9181894317292644 0.1562288080333855 0.08010563380281689 0.13556338028169013
0 0.7931918769561815 0.517116045035646 0.08362676056338042 0.10504694835680757
0 0.9151118080007825 0.2941287384802643 0.08494718309859148 0.1238262910798122
0 0.8614234888497653 0.8046611458876716 0.09771126760563378 0.09037558685446019
0 0.6228668451682317 0.8885981785776387 0.09727112676056329 0.1085680751173708
0 0.5057979386737089 0.8897615632063989 0.10959507042253527 0.09741784037558684
0 0.7483008729460092 0.9155717483915841 0.088468309859155 0.08509389671361516
0 0.7575462759194054 0.8128684141888368 0.0919894366197184 0.08098591549295775
0 0.439737382629108 0.8704002564771345 0.05281690140845075 0.10269953051643188
0 0.35699854508998435 0.8557674752217005 0.06382042253521121 0.14436619718309865
0 0.17434437353286383 0.9067673013388975 0.06998239436619717 0.08333333333333344
0 0.8693420505672926 0.9337392410015649 0.0919894366197184 0.05809859154929577
0 0.004880061619718309 0.1920258433315945 0.05545774647887324 0.13438967136150237
0 0.0014145637715179968 0.8270251912710833 0.13556338028169013 0.15903755868544603
