0 0.8864956230438185 0.13105546861415404 0.0748239436619719 0.2018779342723005
0 0.23904110426447572 0.48731687967310033 0.06426056338028169 0.2458920187793428
0 0.31650956083724574 0.47207442183968 0.06954225352112672 0.2629107981220657
0 0.1848915541862285 0.4890720092157886 0.046654929577464796 0.24002347417840378
0 0.1752105951682316 0.10643475047817771 0.04973591549295776 0.2312206572769953
0 0.2900928574921753 0.11405679447052687 0.05765845070422537 0.22359154929577466
0 0.3952788781298905 0.46386552338723697 0.046654929577464796 0.2705399061032864
0 0.44546196449530523 0.44919361850113027 0.05677816901408445 0.26995305164319255
0 0.6254755966353678 0.4978661319770475 0.05105633802816898 0.23063380281690143
0 0.4181787338615024 0.12226895322552599 0.0647007042253521 0.21948356807511737
0 0.6870953149452269 0.4591701443227265 0.051056338028169064 0.2699530516431925
0 0.5598918598395931 0.48027734307077025 0.04709507042253512 0.24882629107981227
0 0.13603683734350547 0.4925692270909407 0.04797535211267607 0.21420187793427234
0 0.5039939725156495 0.47440445139975657 0.047095070422535204 0.2441314553990611
0 0.23110848249217525 0.10878379846983133 0.049735915492957736 0.23298122065727697
0 0.6844584433685447 0.08943553295079115 0.05677816901408445 0.25234741784037557
0 0.6289967233959312 0.08766953573291601 0.051056338028169064 0.24647887323943668
0 0.11315195862676057 0.08416416710137367 0.051496478873239424 0.2634976525821596
0 0.5643021322378717 0.12343342462180491 0.05985915492957735 0.20950704225352115
0 0.7429959531494522 0.08298339419231439 0.05501760563380268 0.2558685446009389
0 0.49299717576291086 0.13457768214223612 0.05677816901408453 0.20305164319248828
0 0.3547917277973396 0.11992099200139106 0.0550176056338028 0.21889671361502344
0 0.007071901897496087 0.12637313075986786 0.04269366197183099 0.2153755868544601
0 0.9181747603677621 0.4732274821770127 0.058978873239436624 0.2406103286384976
0 0.7377160969287948 0.45036352373500255 0.057658450704225414 0.26584507042253525
0 0.858307964104069 0.46561195878977574 0.04797535211267593 0.255281690140845
0 0.8010933220852896 0.48261661015475577 0.05325704225352108 0.2400234741784037
0 0.8063884609741783 0.1451269344461833 0.07262323943661973 0.18779342723004697
0 0.7113033670774649 0.809444009737437 0.051496478873239465 0.18544600938967135
0 0.3750336218701095 0.8164753955833768 0.04841549295774649 0.17370892018779344
0 0.5466842723004695 0.8129645931142411 0.04225352112676062 0.18485915492957727
0 0.48990304675273877 0.8199856546687533 0.037852112676056274 0.1619718309859154
0 0.43004908793036 0.8205812032689968 0.04533450704225351 0.17136150234741773
0 0.5990628667840376 0.8147137454355764 0.04489436619718295 0.17253521126760557
0 0.24739675029342725 0.8229226438880195 0.054137323943661955 0.16490610328638486
0 0.3134105413732395 0.8334746131107634 0.04357394366197182 0.15258215962441316
0 0.6461609937402191 0.8281972700399931 0.04929577464788737 0.1572769953051643
0 0.19633552181142408 0.8323052512606504 0.047095070422535204 0.15727699530516442
0 0.9406155247456963 0.8211626238914971 0.049735915492957694 0.16549295774647882
0 0.8723946107198748 0.8487257650843331 0.051056338028169064 0.14495305164319264
0 0.7984494204812206 0.8440358198574162 0.04885563380281689 0.15023474178403756
0 0.9692106196205008 0.1433663710659016 0.02948943661971839 0.18779342723004694
0 0.0009783964201877935 0.39461017649104496 0.14128521126760563 0.2634976525821596
