0 0.5128046231995884 0.6117645938119189 0.10532407407407404 0.1502057613168725
0 0.8866498949759946 0.6179560089925316 0.10918209876543207 0.17026748971193417
0 0.14240371013374484 0.5932584590763603 0.06134259259259258 0.16358024691358022
0 0.29134060999657063 0.5680893728090229 0.08603395061728397 0.20318930041152264
0 0.7462357467421126 0.5999223632068282 0.1350308641975308 0.13837448559670784
0 0.30137549296982163 0.3154740131077579 0.09182098765432099 0.15637860082304528
0 0.6304706254286694 0.2805288827922573 0.09992283950617294 0.19341563786008234
0 0.21185699588477366 0.5783664837677184 0.07407407407407408 0.1913580246913581
0 0.5448197980967078 0.19810242341106538 0.09606481481481484 0.06172839506172844
0 0.3831822273662551 0.5921986930345985 0.1157407407407408 0.13014403292181068
0 0.6270040294924554 0.614828151196464 0.10802469135802469 0.12551440329218105
0 0.19914024991426615 0.30260821521109593 0.09529320987654322 0.15020576131687238
0 0.515891846707819 0.27281759640298736 0.10648148148148143 0.19855967078189302
0 0.7381269290123457 0.2656183318091755 0.125 0.20113168724279837
0 0.87547234010631 0.26408464791952446 0.12461419753086428 0.21141975308641978
0 0.27980136531207134 0.8370760935832953 0.1361882716049383 0.15329218106995895
0 0.1763816550925926 0.8252610120408475 0.10069444444444446 0.17078189300411534
0 0.5390587491426613 0.8679045686633134 0.1334876543209876 0.11471193415637862
0 0.6744797025034294 0.881779168571864 0.13966049382716048 0.09927983539094645
0 0.8519547325102881 0.8447892851699437 0.14814814814814808 0.1502057613168725
0 0.40709233539094647 0.2656011850327694 0.10185185185185183 0.1826131687242798
