0 0.8927994255829904 0.1503500800182899 0.0756172839506173 0.15586419753086417
0 0.5332540294924554 0.3807622694711172 0.10802469135802475 0.11213991769547323
0 0.1319840963648834 0.470780940405426 0.05709876543209877 0.11008230452674894
0 0.2014172882373114 0.4342797401310776 0.04089506172839504 0.13323045267489714
0 0.09493848593964335 0.19095031245237007 0.04475308641975308 0.11522633744855966
0 0.6605661651234568 0.21711962734339277 0.10416666666666659 0.04475308641975307
0 0.5378933041838134 0.1662503810394757 0.12191358024691357 0.10596707818930043
0 0.03630642361111111 0.16319968373723517 0.059027777777777776 0.14454732510288065
0 0.1504983281893004 0.19096269623533 0.05092592592592593 0.1286008230452675
0 0.6243050197187929 0.5633611492150585 0.11033950617283952 0.09670781893004127
0 0.008900784465020574 0.4337710524310318 0.03935185185185185 0.13940329218107
0 0.32918059842249653 0.2017084857491236 0.1311728395061729 0.06738683127572016
0 0.07758407278806584 0.4738606919676879 0.054398148148148154 0.10288065843621391
0 0.06792802640603567 0.0005915637860082305 0.03858024691358026 0.08333333333333333
0 0.4310161072530864 0.5895895252248132 0.10763888888888881 0.0900205761316872
0 0.3422566229423868 0.3843092706904435 0.07175925925925924 0.05401234567901233
0 0.1176978845164609 0.636991788599299 0.040509259259259287 0.17335390946502052
0 0.43100539051783265 0.4588829827770157 0.09220679012345682 0.0380658436213991
0 0.3291851530349794 0.08081180460295687 0.13773148148148154 0.054526748971193424
0 0.42097452632030175 0.37302192882182594 0.09220679012345682 0.08590534979423874
0 0.47263829946844993 0.15750647767108672 0.04359567901234571 0.10699588477366254
0 0.11152477709190671 0.0005944215820759031 0.040123456790123475 0.08641975308641976
0 0.00040509259259259264 0.13700560128029263 0.027777777777777776 0.18827160493827164
0 0.3360995906207133 0.5854781092821216 0.09452160493827158 0.09413580246913576
0 0.15473518947187928 0.0005944215820759031 0.04089506172839508 0.08641975308641976
0 0.0011831275720164609 0.0026501295534217344 0.03703703703703704 0.08436213991769549
0 0.7520034936556929 0.3653335048010974 0.10725308641975302 0.1157407407407408
0 0.7712917416838135 0.15031578646547783 0.10455246913580238 0.11882716049382715
0 0.863082722479424 0.3761259716506631 0.06134259259259254 0.10493827160493825
0 0.7462116340877916 0.5782383592440177 0.10030864197530857 0.05298353909465026
0 0.7504476916152263 0.6152672991921964 0.08912037037037047 0.04423868312757196
0 0.1956318587105624 0.698166723822588 0.04320987654320988 0.1311728395061728
0 0.06793633187585733 0.645746646852614 0.05054012345679012 0.18415637860082296
0 0.00042813357338820305 0.6529616293247981 0.0609567901234568 0.19855967078189302
0 0.15010663151577502 0.7007301668952903 0.04243827160493827 0.12191358024691365
0 0.03401250643004115 0.904403387440939 0.08912037037037038 0.08899176954732509
0 0.679461108967764 0.7105200236244474 0.09066358024691357 0.13940329218106995
0 0.2492509002057613 0.891547115531169 0.03240740740740742 0.09310699588477375
0 0.15588964977709188 0.9064662399024539 0.03665123456790125 0.09465020576131693
0 0.19949470593278462 0.909034922267947 0.05015432098765433 0.09104938271604932
0 0.12502679183813442 0.909543133668648 0.03858024691358026 0.08436213991769545
0 0.538634634344993 0.5643975765889346 0.07831790123456801 0.10493827160493831
0 0.35075633359053493 0.7315476870903826 0.08912037037037043 0.07150205761316879
0 0.93136359739369 0.37051611796982165 0.05246913580246921 0.1574074074074074
0 0.7003051590363512 0.9223927373875934 0.10609567901234564 0.07304526748971196
0 0.5879983281893004 0.900811614083219 0.050925925925925875 0.0987654320987654
0 0.7801491233710562 0.7053669410150892 0.08140432098765445 0.12962962962962962
0 0.5911032343106996 0.7685952027130011 0.07754629629629635 0.08281893004115227
0 0.9398533950617284 0.7454427678707514 0.05555555555555555 0.07818930041152254
0 0.9375385802469136 0.8220621856424325 0.05555555555555555 0.04938271604938275
0 0.3411061814128944 0.43780102118579484 0.08179012345679013 0.047325102880658464
0 0.8318581747256516 0.9059508840115836 0.0979938271604938 0.0936213991769546
