0 0.7227727039319248 0.6638541123282906 0.088468309859155 0.13145539906103287
0 0.6122982687793428 0.6691330855503391 0.08978873239436622 0.12852112676056332
0 0.9432673733372456 0.010263432446531039 0.06558098591549298 0.30985915492957744
0 0.7861266994327072 0.07639106242392628 0.050616197183098656 0.10798122065727699
0 0.6615671459311425 0.10043307685619891 0.051056338028168904 0.0874413145539906
0 0.5955438795970267 0.10629999130585986 0.047975352112676006 0.0856807511737089
0 0.4006036653951487 0.5012976004173186 0.10871478873239432 0.13380281690140847
0 0.19414093065336466 0.21548154668753258 0.05589788732394364 0.11443661971830986
0 0.729344251271518 0.09280940271257174 0.04445422535211271 0.09330985915492956
0 0.2786715082159624 0.6685375369500957 0.08978873239436622 0.11913145539906099
0 0.2623985230829421 0.4930848982785602 0.10739436619718311 0.1373239436619719
0 0.518523205203443 0.6269159711354547 0.05369718309859148 0.1678403755868544
0 0.3900381455399061 0.2266594940010433 0.10563380281690134 0.14436619718309862
0 0.09250721341940531 0.6421540818988001 0.11179577464788731 0.14612676056338028
0 0.40631632678012514 0.6568075117370891 0.09551056338028177 0.12676056338028183
0 0.723676826584507 0.1973194879151452 0.12279929577464799 0.14730046948356812
0 0.7161828173904539 0.4948563293340289 0.1060739436619719 0.14906103286384983
0 0.595594312402191 0.20964017127456094 0.12059859154929566 0.1437793427230047
0 0.26898779831768393 0.22195433402886455 0.08890845070422533 0.13321596244131456
0 0.22582373581768386 0.6644512910798123 0.04533450704225355 0.14260563380281693
0 0.03568778120109547 0.6667959920013911 0.05237676056338027 0.1396713615023475
0 0.44545951926838817 0.10748837158754998 0.05325704225352108 0.10152582159624414
0 0.38911996283255085 0.10455898974091463 0.051056338028169064 0.1068075117370892
0 0.34069713419405323 0.11159852634324466 0.04049295774647889 0.10387323943661972
0 0.26676233616979655 0.10513443314206225 0.05325704225352115 0.09448356807511737
0 0.21613849765258217 0.11744750912884716 0.042253521126760535 0.08274647887323944
0 0.8437918745109546 0.4604161232829073 0.06029929577464783 0.34800469483568075
0 0.8737187010954617 0.021410950269518343 0.05633802816901405 0.306924882629108
0 0.9256531812402192 0.4334273387237002 0.05325704225352108 0.35504694835680745
0 0.8437775088028169 0.8968125108676751 0.03961267605633796 0.10680751173708929
0 0.23953840228873235 0.8956328247261346 0.14656690140845072 0.1003521126760563
0 0.05908157276995306 0.8833154016692748 0.14788732394366197 0.10739436619718316
0 0.9014432951877934 0.8903598287254391 0.050176056338028095 0.10974178403755865
0 0.005392642312206573 0.04297241784037559 0.15977112676056338 0.1426056338028169
0 0.008480352601721438 0.21608144235785084 0.1694542253521127 0.12852112676056338
0 0.011036531690140844 0.48897420013910625 0.04753521126760563 0.13438967136150234
0 0.6563597295579029 0.9267051382368283 0.15801056338028177 0.06690140845070434
0 0.4750158939749609 0.9143915188662841 0.14964788732394366 0.07805164319248818
