0 0.013694493348982784 0.08888562858633281 0.07218309859154928 0.29225352112676056
0 0.09248673464397496 0.08597200486871849 0.08230633802816902 0.3145539906103286
0 0.1950459702660407 0.09943922796035473 0.09154929577464786 0.2816901408450704
0 0.29011547584115804 0.06836745783342027 0.09022887323943662 0.3157276995305164
0 0.386061289612676 0.003291275430359937 0.08318661971830986 0.3855633802816901
0 0.5731159526604068 0.03964962615197357 0.07570422535211271 0.35680751173708924
0 0.6523483348004695 0.029087332637802117 0.08582746478873243 0.357981220657277
0 0.7787268314749609 0.08597472178751521 0.16945422535211271 0.3174882629107982
0 0.0004945471439749609 0.5044801990958094 0.07834507042253522 0.4019953051643192
0 0.08455808636541472 0.5015426664927838 0.07350352112676056 0.3984741784037559
0 0.1646731954225352 0.4939265997217875 0.08714788732394367 0.4125586854460094
0 0.25489962343505473 0.49274691358024686 0.08362676056338031 0.40610328638497656
0 0.3680054284037559 0.5572367849069728 0.06866197183098587 0.33685446009389675
0 0.5225740292449139 0.6140953747174406 0.18265845070422543 0.26525821596244126
0 0.7232800885172144 0.6005944618327248 0.185299295774648 0.2617370892018778
0 0.918628655614241 0.5466571031125022 0.07878521126760553 0.3192488262910798
0 0.9626140087050078 0.1270181272822118 0.03741197183098595 0.278169014084507
0 0.44105413732394366 0.5542775169535732 0.047535211267605605 0.3098591549295776
