0 0.23462148491083673 0.7558122809023015 0.07716049382716048 0.1661522633744856
0 0.8565283671982169 0.8015594040542602 0.0675154320987654 0.1286008230452674
0 0.5752756880144033 0.5130163084895595 0.0636574074074073 0.1687242798353909
0 0.5012026856138546 0.5165861720774273 0.06520061728395056 0.13528806584362138
0 0.4359956382887517 0.2799830437433318 0.055941358024691426 0.15946502057613168
0 0.3592316636659808 0.2810094688309709 0.07137345679012341 0.1568930041152263
0 0.7373154042352538 0.5407464563328761 0.06751543209876555 0.11728395061728392
0 0.36500530478395066 0.0007092097241274197 0.052083333333333336 0.21039094650205764
0 0.026659754372427985 0.49756039475689684 0.05671296296296296 0.14300411522633735
0 0.024742262517146778 0.29026301249809483 0.07330246913580248 0.15072016460905344
0 0.4217214827674897 0.0037927716811461663 0.05671296296296294 0.2073045267489712
0 0.5818364733367627 0.0007077808260935833 0.06674382716049373 0.20884773662551442
0 0.14201576431755827 0.019212010364273738 0.05825617283950617 0.19341563786008228
0 0.017018175582990396 0.0007230224051211706 0.061728395061728406 0.22530864197530867
0 0.20875182184499314 0.012015603566529493 0.047067901234567895 0.1990740740740741
0 0.15783446930727024 0.49756039475689684 0.059413580246913573 0.14300411522633735
0 0.28206661522633747 0.0017465896966925773 0.0648148148148148 0.21965020576131689
0 0.17596423825445817 0.28306231900624906 0.05516975308641974 0.1517489711934156
0 0.23461023233882028 0.28563624066453286 0.06095679012345678 0.15380658436213995
0 0.07949942129629631 0.01819225346745923 0.0347222222222222 0.2031893004115226
0 0.7195652756344306 0.2686585505258345 0.06288580246913587 0.1512345679012345
0 0.6578371484910837 0.0007092097241274197 0.06327160493827151 0.21039094650205764
0 0.5104638203017833 0.26559737463801253 0.06790123456790127 0.17849794238683128
0 0.099194637345679 0.27946197226032615 0.0625 0.15226337448559665
0 0.5872267232510289 0.27172496570644716 0.05092592592592595 0.12962962962962962
0 0.48692960176611794 0.0012283760097546107 0.06751543209876548 0.21553497942386832
0 0.8048431605795611 0.03411970355128791 0.08526234567901238 0.18261316872427985
0 0.8137050968792868 0.5387059899405579 0.0686728395061727 0.13580246913580254
0 0.6586108967764059 0.5176211705532694 0.0663580246913581 0.14197530864197525
0 0.9008865419238682 0.5464215630239293 0.05439814814814825 0.13528806584362138
0 0.9009144054355281 0.03566005563176344 0.09452160493827158 0.17952674897119344
0 0.6485797646604937 0.26609415485444293 0.06597222222222231 0.15946502057613168
0 0.8951142403978052 0.3329299077884469 0.0756172839506173 0.11985596707818925
0 0.7276684670781893 0.0007120675201950922 0.06481481481481476 0.21347736625514405
0 0.805606460048011 0.3288118236549306 0.07330246913580238 0.11676954732510286
0 0.11848074202674896 0.7223903558908703 0.05671296296296298 0.18158436213991766
0 0.7203293788580246 0.7665790275872582 0.052083333333333336 0.1275720164609053
0 0.3804328489368999 0.7784131611034905 0.045524691358024685 0.13065843621399176
0 0.5752652391975309 0.7959038256363359 0.048611111111111036 0.13168724279835387
0 0.501195987654321 0.8103104519128181 0.055555555555555476 0.1352880658436215
0 0.31908811299725653 0.7521852613930804 0.04243827160493825 0.13786008230452668
0 0.0648480366941015 0.72287570492303 0.04783950617283951 0.15020576131687238
0 0.02395083161865569 0.7177245275110501 0.044753086419753084 0.1424897119341564
0 0.7924733689128943 0.7701746113397347 0.05054012345679016 0.12191358024691354
0 0.42056729038065843 0.502632506477671 0.06134259259259262 0.06532921810699588
0 0.00040000214334705075 0.49806860615759796 0.02044753086419753 0.1363168724279835
0 0.0007855366941015089 0.2912880086877 0.020061728395061727 0.14660493827160498
