0 0.003589898767605634 0.0019208615892888194 0.09903169014084506 0.17312206572769953
0 0.1026319811228482 0.006020692053555903 0.11399647887323942 0.16431924882629112
0 0.2324860622065728 0.08301817075291254 0.13204225352112675 0.2934272300469484
0 0.37198197867762123 0.10529799165362545 0.09066901408450702 0.27112676056338025
0 0.46622438624804374 0.10706235872022256 0.16593309859154934 0.27523474178403756
0 0.644481428501565 0.10590386454529647 0.16593309859154917 0.2916666666666667
0 0.8442848933881063 0.1357861676230221 0.13644366197183094 0.24061032863849766
0 0.8420756308685445 0.08162004434011477 0.1241197183098592 0.05105633802816901
0 0.6761565923317684 0.05285874195792036 0.14436619718309857 0.045187793427230054
0 0.5168219385758999 0.05403679794818293 0.13908450704225359 0.04988262910798121
0 0.0889876149256651 0.3116990523387237 0.11399647887323944 0.08568075117370892
0 0.09602497799295776 0.4002657146583203 0.10695422535211269 0.03345070422535212
0 0.004435030320813772 0.28593070770300816 0.04841549295774648 0.1431924882629108
0 0.0005465082159624413 0.4996647322204834 0.15316901408450703 0.27171361502347413
0 0.2598169747652583 0.6697726482350895 0.19278169014084506 0.18544600938967135
0 0.47409832257433493 0.5554180794644409 0.0959507042253521 0.2740610328638498
0 0.6251412118544601 0.5235605764214919 0.20334507042253527 0.09330985915492965
0 0.6286550029342722 0.6245022604764389 0.19278169014084515 0.096244131455399
0 0.6211811668622849 0.7207594331420623 0.20510563380281688 0.11032863849765262
0 0.6299793989632239 0.8322476525821595 0.19850352112676062 0.09507042253521127
0 0.8306634511932708 0.606313032516084 0.16945422535211271 0.09976525821596254
0 0.834182132726917 0.5041987263084682 0.16593309859154934 0.09800469483568072
0 0.8420967209507042 0.703151625804208 0.1544894366197184 0.10798122065727693
0 0.8398999902190925 0.8205002390888542 0.16021126760563378 0.0839201877934272
0 0.0005611795774647887 0.8669068422882977 0.17429577464788734 0.13262910798122063
