0 0.40748349622770913 0.4216197035512879 0.10956790123456786 0.34927983539094654
0 0.5263036908436215 0.4221307727480567 0.09953703703703698 0.345679012345679
0 0.3002242476851852 0.4097965249199817 0.1006944444444444 0.3580246913580247
0 0.6277694723079561 0.41750400091449474 0.09915123456790127 0.34876543209876537
0 0.2809435013717421 0.0007401691815272062 0.11419753086419754 0.2438271604938272
0 0.0008265282064471879 0.45038056317634506 0.0790895061728395 0.29989711934156377
0 0.5351908114711934 0.0017694520652339581 0.11921296296296302 0.24434156378600821
0 0.3966973701131687 0.0007373113854595336 0.13310185185185183 0.24074074074074073
0 0.12506751543209876 0.4030978509373571 0.09722222222222222 0.34567901234567905
0 0.07796558856310012 0.45447673754000917 0.04822530864197533 0.27932098765432095
0 0.04131703317901235 0.008454313366864807 0.052083333333333315 0.24176954732510286
0 0.17711548353909465 0.0007373113854595336 0.04629629629629627 0.24074074074074073
0 0.09650661222565159 0.0038194444444444443 0.08063271604938271 0.23611111111111108
0 0.7415787894375858 0.42521147690900774 0.09567901234567905 0.3395061728395062
0 0.6590293852880659 0.0007496951684194484 0.11342592592592587 0.2541152263374486
0 0.8399498456790124 0.4282855128791343 0.08333333333333318 0.32613168724279834
0 0.8426662701474622 0.00641098917847889 0.10609567901234572 0.257201646090535
0 0.7739661029663925 0.049055974698978815 0.06674382716049365 0.20267489711934158
0 0.9232780885631001 0.4324064548087182 0.07600308641975317 0.3323045267489712
0 0.9475673010973936 0.02953246456332876 0.05246913580246921 0.22839506172839505
0 0.1949135695301783 0.8586686480719402 0.1199845679012346 0.139917695473251
0 0.770517993398491 0.83348479652492 0.10146604938271603 0.1635802469135803
