0 0.31917625814471884 0.6065886488340192 0.16936728395061731 0.11574074074074074
0 0.3403854809670782 0.4898148148148148 0.15509259259259253 0.1111111111111111
0 0.3542915166323731 0.305147367017223 0.17978395061728397 0.11471193415637858
0 0.3546770511831276 0.17912141822892852 0.17939814814814817 0.11779835390946508
0 0.5363819765946501 0.30977794924554186 0.16782407407407413 0.11574074074074074
0 0.5151572145061728 0.6040104404816339 0.1597222222222222 0.10905349794238667
0 0.049876221707818934 0.21047525148605395 0.1550925925925926 0.09104938271604937
0 0.05681423611111111 0.5911455951836609 0.14583333333333334 0.10390946502057619
0 0.17450461891289437 0.3046334400243866 0.17554012345679013 0.11522633744855963
0 0.5355865269204391 0.22640841716201798 0.1334876543209876 0.07664609053497945
0 0.030575113597393688 0.31798839734796525 0.1392746913580247 0.09413580246913576
0 0.5220920138888889 0.5000933546715439 0.14583333333333334 0.10082304526748974
0 0.2612523040980796 0.22127057613168724 0.09220679012345678 0.08333333333333336
0 0.705746581361454 0.24091459000152415 0.16396604938271603 0.18775720164609053
0 0.8739288623113853 0.24194815957933244 0.12422839506172842 0.19290123456790123
0 0.6768025548696844 0.6050411522633745 0.1512345679012346 0.11111111111111101
0 0.8307339891975308 0.6076065005334552 0.14583333333333334 0.10390946502057619
0 0.9232799639917695 0.5031683432403598 0.0787037037037038 0.08847736625514402
0 0.8762420696159122 0.16262145633287609 0.1219135802469135 0.07561728395061727
0 0.7030486432613168 0.06805603185490015 0.16782407407407413 0.1671810699588477
0 0.16138706704389574 0.8411617893613778 0.17515432098765432 0.1213991769547327
0 0.6895377872085048 0.7295234148757811 0.1566358024691358 0.1075102880658437
0 0.5147770383230452 0.7259344993141289 0.16782407407407413 0.12037037037037036
0 0.1868355624142661 0.7104985901539399 0.15432098765432103 0.1162551440329218
0 0.032898501800411525 0.7043271795458009 0.15162037037037035 0.11779835390946497
0 0.366600758744856 0.8673573007163542 0.12731481481481477 0.07921810699588487
0 0.34425181112825787 0.7264455685108978 0.16705246913580246 0.11676954732510286
0 0.03249474879972565 0.820050297210791 0.12577160493827164 0.0987654320987655
0 0.5155497149348421 0.8524629439109893 0.16936728395061731 0.10442386831275703
0 0.8453985018004115 0.8385702446273433 0.15162037037037032 0.10030864197530867
0 0.8519399969993142 0.7202532007315959 0.12692901234567888 0.09567901234567905
0 0.6918461719821675 0.8447411789361378 0.14737654320987642 0.09825102880658423
0 0.0004450124314128944 0.49854061880810857 0.08526234567901235 0.09053497942386825
0 0.24195012431412893 0.5859948940710258 0.07484567901234568 0.09670781893004106
