0 0.16036012079420972 0.0032787776038949745 0.21434859154929578 0.3720657276995305
0 0.7086979777973396 0.0261584941749261 0.10255281690140852 0.363849765258216
0 0.8112080032276996 0.023224221874456618 0.04093309859154917 0.36384976525821594
0 0.8552422608568074 0.02733274647887324 0.06998239436619716 0.3644366197183099
0 0.9309449579420971 0.029099830464267083 0.06778169014084515 0.3714788732394366
0 0.12859020442097027 0.6487920579029733 0.09947183098591551 0.34330985915492956
0 0.2391166006455399 0.6610877456094593 0.17297535211267603 0.3127934272300468
0 0.44118190043035993 0.709155472961224 0.23151408450704222 0.2541079812206573
0 0.4504224129499217 0.46501586680577284 0.22799295774647893 0.24530516431924887
0 0.676136113556338 0.7178751521474526 0.11487676056338035 0.1643192488262911
0 0.6805469972613458 0.504301969222744 0.12852112676056338 0.20950704225352107
0 0.8319829567683883 0.5448307902973396 0.16813380281690135 0.2482394366197184
0 0.8249455937010954 0.8006085898104678 0.1751760563380281 0.15023474178403745
0 0.3882723860524257 0.005036080681620588 0.09815140845070418 0.3685446009389672
0 0.49214623679577457 0.0009400539036689271 0.09903169014084515 0.3814553990610328
