0 0.17039166422143975 0.1937880368631542 0.08230633802816904 0.13615023474178406
0 0.9195074090375588 0.2336810989393149 0.07658450704225352 0.12206572769953054
0 0.17391737578247263 0.41506368457659537 0.08890845070422536 0.17018779342723003
0 0.2813071571791862 0.18968114241001566 0.08230633802816899 0.13732394366197187
0 0.28439547877543037 0.4197786254564423 0.09286971830985916 0.19190140845070425
0 0.4577963003716745 0.21547067901234565 0.07174295774647876 0.10269953051643188
0 0.24302468456572768 0.6738648713267258 0.09639084507042249 0.16842723004694837
0 0.7342038341158059 0.2313157494348809 0.07042253521126772 0.10269953051643194
0 0.7135071278364631 0.5018632629107981 0.0558978873239438 0.11091549295774639
0 0.3508451315532081 0.6832349808728916 0.07614436619718311 0.14730046948356812
0 0.4520888350938967 0.4080328421144149 0.09242957746478872 0.1825117370892019
0 0.7768803794992176 0.5012753216831854 0.04577464788732392 0.10974178403755874
0 0.0766431924882629 0.4097906885758998 0.08450704225352115 0.17957746478873238
0 0.6915049760367762 0.7565428838462877 0.06294014084507041 0.09448356807511739
0 0.04981844190140845 0.21548372022256998 0.11883802816901409 0.11678403755868545
0 0.44899226085680755 0.7137563032516084 0.06998239436619708 0.15258215962441316
0 0.8930852039319248 0.5030326247609112 0.05677816901408461 0.10622065727699531
0 0.5471522276017216 0.2101971396278908 0.08230633802816899 0.11150234741784033
0 0.37944909037558694 0.22603514606155453 0.06866197183098587 0.1038732394366197
0 0.6417617248630673 0.5018502217005738 0.05237676056338035 0.09683098591549287
0 0.8275277533255087 0.21606894453138586 0.09066901408450702 0.11502347417840374
0 0.6452950777582159 0.2055077377847331 0.06998239436619724 0.11737089201877934
0 0.3521713615023474 0.022371109372283083 0.08450704225352111 0.07629107981220656
0 0.5638607687793428 0.505374065379934 0.05809859154929574 0.09976525821596233
0 0.8415816950312989 0.5059554860024343 0.04665492957746488 0.09389671361502352
0 0.957337209017997 0.4954132976873587 0.04445422535211271 0.1167840375586854
0 0.4472491197183099 0.0006705355590332116 0.09507042253521128 0.0903755868544601
0 0.17169283059467919 0.004191662319596593 0.05457746478873242 0.09037558685446011
0 0.10392000440140844 0.6708659363588941 0.06734154929577467 0.0985915492957747
0 0.014132800273865416 0.6627195270387758 0.06954225352112675 0.17370892018779352
0 0.010163280027386543 0.40568270735524253 0.05765845070422536 0.17957746478873243
0 0.9164010538928012 0.7817673013388975 0.04005281690140837 0.08333333333333344
0 0.25401720217136153 0.014156777082246566 0.08054577464788729 0.07805164319248825
0 0.8701991026017214 0.005375152147452616 0.058538732394366064 0.10093896713615025
0 0.389119045872457 0.425042383933229 0.04973591549295778 0.17253521126760557
0 0.0977482516627543 0.003603177708224657 0.05325704225352113 0.0886150234741784
0 0.8270601036776215 0.6878646105025213 0.051056338028168904 0.07687793427230034
0 0.378616184956964 0.9272898191618848 0.13688380281690135 0.06455399061032865
0 0.21882060592723004 0.9278750434707008 0.10167253521126764 0.06279342723004694
0 0.5334938013497652 0.7436549078421144 0.062059859154929675 0.11913145539906099
0 0.6127237382629107 0.7712098982785602 0.06866197183098603 0.08978873239436622
0 0.09603903804773083 0.7764725699878282 0.12720070422535212 0.06924882629107972
0 0.1012751858372457 0.9214370326899669 0.061619718309859156 0.08157276995305172
0 0.02953436766431925 0.924955985915493 0.06470070422535211 0.07922535211267603
0 0.812534844483568 0.7835213441140672 0.050176056338028095 0.07629107981220647
0 0.8789869424882629 0.7911433881064164 0.03697183098591555 0.06866197183098585
0 0.0004927132237871675 0.005954399234915667 0.07570422535211267 0.09272300469483567
0 0.5462817268192489 0.0006786863154234046 0.09639084507042249 0.09917840375586855
0 0.6466127494131456 0.007120500782472614 0.06602112676056329 0.08450704225352114
0 0.7188251907276996 0.004784494001043297 0.10827464788732408 0.09683098591549295
0 0.9406204151995305 0.008309967831681447 0.05677816901408445 0.10152582159624413
0 0.00046459311424100155 0.1879292731698835 0.035211267605633804 0.1467136150234742
0 0.8803611600156496 0.409659189706138 0.1144366197183097 0.037558685446009474
0 0.8574854508998435 0.4583605025213006 0.13116197183098596 0.02934272300469487
0 0.6722072452073553 0.3997223308989741 0.16153169014084498 0.08039906103286378
0 0.5757412094092331 0.39502314814814815 0.05325704225352115 0.07570422535211271
0 0.6136012690727699 0.7042498043818466 0.06470070422535217 0.02640845070422531
0 0.62152594385759 0.747083659363589 0.06778169014084515 0.019366197183098552
0 0.7654419136345852 0.6919524865240827 0.05325704225352123 0.05516431924882631
0 0.7619042815923317 0.7747103764562685 0.02948943661971839 0.06748826291079821
0 0.6144873581768389 0.9730296904886107 0.07306338028169014 0.026995305164319285
0 0.695919221928795 0.9730296904886107 0.08142605633802825 0.026995305164319285
0 0.7865873190532082 0.9583659363588942 0.08010563380281689 0.03521126760563389
0 0.8684467918622848 0.9390100634672232 0.07042253521126757 0.046361502347417836
0 0.5282218921165883 0.9571922274387065 0.07614436619718311 0.03521126760563367
