0 0.001675025720164609 0.04130515546410608 0.1898148148148148 0.16512345679012344
0 0.1991702567729767 0.04741607605547935 0.13850308641975306 0.09825102880658435
0 0.338826731824417 0.045856195701874713 0.13271604938271608 0.08024691358024692
0 0.4942917309670782 0.04902120484682213 0.11342592592592587 0.16512345679012347
0 0.6212263695987654 0.12459895595183662 0.12152777777777786 0.1224279835390946
0 0.16753123928326474 0.34279406721536354 0.13387345679012344 0.2175925925925926
0 0.3002952460562414 0.3484839391860997 0.2029320987654321 0.2515432098765431
0 0.5078634044924555 0.35312166590458766 0.21219135802469136 0.26028806584362135
0 0.7404953275034294 0.09116321825941166 0.20216049382716048 0.12294238683127572
0 0.7404653206447188 0.28059080170705686 0.15895061728395063 0.2602880658436214
0 0.0700234160665295 0.6314295648529189 0.27816358024691357 0.2772633744855966
0 0.3400937178497942 0.6555865150129553 0.29050925925925924 0.25565843621399187
0 0.639355870627572 0.6298482510288066 0.1168981481481481 0.2361111111111111
0 0.7994930984224966 0.7372994779759183 0.15895061728395063 0.17232510288065842
0 0.13167465063443073 0.2063557384545039 0.16705246913580246 0.08641975308641973
