0 0.3307235403806584 0.8056798696844993 0.13078703703703706 0.13425925925925927
0 0.46382271304869693 0.8067105814662399 0.12692901234567897 0.1363168724279835
0 0.5919083290466393 0.8175130506020424 0.1257716049382715 0.1363168724279835
0 0.7246166087962963 0.8205951836610273 0.11458333333333318 0.13168724279835375
0 0.840365119170096 0.8282983729614388 0.12577160493827158 0.11779835390946497
0 0.565675636574074 0.7038189681450998 0.1284722222222222 0.12448559670781895
0 0.7018639081790123 0.7068939567139155 0.1284722222222222 0.11213991769547323
0 0.8357293274176953 0.7223217687852462 0.11689814814814825 0.1075102880658436
0 0.1084994427297668 0.7979585810089925 0.1280864197530864 0.12860082304526763
0 0.16053722993827158 0.07942243941472338 0.0625 0.220679012345679
0 0.22883284036351167 0.09740988416399939 0.07484567901234568 0.20267489711934153
0 0.3160204475308642 0.10049773281511964 0.06944444444444445 0.2042181069958848
0 0.39549870327503434 0.09741702865416857 0.07368827160493825 0.2103909465020576
0 0.4749646347736626 0.10050630620332267 0.06018518518518516 0.21347736625514402
0 0.5417282878943759 0.09896166742874561 0.08873456790123452 0.21193415637860083
0 0.6316224065500685 0.09897119341563786 0.09182098765432103 0.22222222222222218
0 0.7234466092249658 0.0989811957018747 0.09645061728395048 0.23302469135802467
0 0.8334075467249656 0.12619836915104407 0.1068672839506173 0.18312757201646093
0 0.9367701903292182 0.14265355890870296 0.06018518518518508 0.17695473251028807
0 0.667880069015775 0.371135783417162 0.08063271604938278 0.27109053497942376
0 0.753128750857339 0.36855900396281055 0.060956790123456665 0.26594650205761317
0 0.8198704346707818 0.3654868731900624 0.057870370370370475 0.28137860082304533
0 0.6200193972908093 0.43485415714067976 0.050154320987654204 0.19804526748971196
0 0.567936063957476 0.4302207171162933 0.05015432098765436 0.1939300411522634
0 0.8824119620198901 0.38796677335771984 0.11766975308641985 0.11522633744855973
0 0.8823814193244168 0.5057918000304831 0.07368827160493825 0.14403292181069957
0 0.11734878686556927 0.41840039628105474 0.09336419753086418 0.205761316872428
0 0.3160140174897119 0.36855757506477665 0.06018518518518516 0.26440329218107
0 0.3796604402434843 0.36238616445663774 0.044367283950617224 0.26594650205761317
0 0.43637795781893013 0.3684456447187929 0.05092592592592595 0.14351851851851857
0 0.000843942901234568 0.8082833219021491 0.10416666666666667 0.16820987654320974
0 0.0027788494513031553 0.25795991464715745 0.11265432098765432 0.2633744855967078
0 0.23540273491083674 0.7722622313671696 0.0910493827160494 0.15432098765432106
0 0.0008227773491083677 0.7176764212772443 0.07368827160493827 0.09053497942386836
0 0.001592238940329218 0.611716487578113 0.07060185185185185 0.09825102880658444
0 0.002744823816872428 0.5237454275262917 0.06365740740740741 0.08950617283950614
