0 0.17905414094650204 0.1837405692729767 0.060185185185185196 0.10648148148148151
0 0.3541990847908093 0.09422725194330132 0.04668209876543206 0.09876543209876544
0 0.6246450081447188 0.09318891937204694 0.0443672839506173 0.08847736625514403
0 0.3113750107167353 0.20378848498704466 0.04668209876543206 0.09156378600823048
0 0.24578993055555556 0.11119017680231671 0.04861111111111111 0.08539094650205761
0 0.690617230366941 0.36374647538484994 0.044367283950617224 0.06841563786008223
0 0.1609085648148148 0.45531073769242497 0.041666666666666685 0.06893004115226334
0 0.6470172646604938 0.35860625285779607 0.038194444444444524 0.07253086419753085
0 0.5146905006858711 0.09576045953360768 0.04320987654320984 0.08796296296296298
0 0.18134993355624143 0.3503638926992836 0.03279320987654325 0.05967078189300413
0 0.7411576217421125 0.2094383478128334 0.044753086419753174 0.0823045267489712
0 0.5729439943415637 0.09061880810852005 0.039351851851851825 0.09053497942386832
0 0.13274016203703703 0.3560223289132754 0.034722222222222224 0.05967078189300407
0 0.7477170674725653 0.46045143651882336 0.045910493827160476 0.06532921810699582
0 0.2666219242969821 0.43575864959609817 0.04668209876543214 0.0637860082304527
0 0.31407160922496574 0.4244470164609053 0.04089506172839508 0.06944444444444439
0 0.676724322702332 0.09060690062490474 0.038580246913580314 0.07767489711934154
0 0.6204019847393689 0.20633954427678708 0.04552469135802476 0.06893004115226338
0 0.256975255058299 0.2027472946197226 0.0443672839506173 0.07818930041152267
0 0.7261035558127571 0.08804583904892548 0.03356481481481492 0.0895061728395062
0 0.3592121056241427 0.3601518442310624 0.04320987654320984 0.07510288065843619
0 0.4984846536351165 0.43680460295686635 0.04012345679012341 0.08230452674897117
0 0.3711682313100137 0.20172610882487427 0.03780864197530865 0.08641975308641979
0 0.40319519461591213 0.3632425506782503 0.045524691358024685 0.07973251028806587
0 0.21453617969821673 0.44707314052735864 0.04320987654320984 0.06121399176954725
0 0.38969237611454044 0.6739183241883858 0.04591049382716055 0.05401234567901238
0 0.19254463520233195 0.10809851775643955 0.04205246913580246 0.07973251028806584
0 0.21607644247256516 0.35602423411065387 0.03896604938271607 0.06172839506172836
0 0.6261847350823045 0.6549039780521261 0.039351851851851825 0.07407407407407418
0 0.05519466949588477 0.6461519775948787 0.035879629629629636 0.0663580246913581
0 0.8314345957647461 0.20789085124218867 0.04359567901234571 0.07767489711934156
0 0.3900781785836762 0.5957495046486815 0.045910493827160476 0.07613168724279841
0 0.7033425497256516 0.466623323426307 0.03549382716049381 0.06430041152263376
0 0.12310099451303155 0.20171086724584666 0.04320987654320986 0.0699588477366255
0 0.5482545117455417 0.35963315424477976 0.04205246913580254 0.07047325102880661
0 0.5382182891803841 0.6101708962048469 0.034336419753086427 0.09567901234567894
0 0.15627518432784637 0.11118493750952599 0.036265432098765434 0.07973251028806584
0 0.26661951303155 0.3637350442005792 0.04320987654320992 0.056069958847736565
0 0.44524578832304523 0.4440333981100442 0.04282407407407405 0.11162551440329217
0 0.11769708076131685 0.4460524310318549 0.03935185185185187 0.0699588477366255
0 0.11499405221193414 0.10757792257277855 0.03587962962962964 0.07304526748971193
0 0.47031678669410154 0.09577093811918914 0.033950617283950636 0.0992798353909465
0 0.9004983281893003 0.2079151425087639 0.050925925925926034 0.10390946502057616
0 0.846865622856653 0.37609453589391867 0.04205246913580238 0.07098765432098762
0 0.8024975351508917 0.46096774500838283 0.04089506172839508 0.06738683127572026
0 0.7666248713991769 0.08341192272519432 0.050925925925925875 0.08487654320987653
0 0.9479442622599451 0.3838386869379668 0.03973765432098762 0.10133744855967079
0 0.9016485018004116 0.37920619951226947 0.04050925925925936 0.09825102880658439
0 0.8433936685528121 0.4625128600823046 0.04243827160493825 0.06944444444444445
0 0.7288095314643346 0.6024224584666973 0.04128086419753095 0.06069958847736614
0 0.6894600908779149 0.20943644261545497 0.0447530864197531 0.08024691358024691
0 0.8943260245198903 0.6034403101661332 0.05169753086419746 0.048868312757201694
0 0.7473320687585734 0.3688881268099375 0.04706790123456794 0.06584362139917699
0 0.824482649605624 0.08958047553726566 0.032793209876543175 0.08024691358024694
0 0.034363479509602196 0.7866093202255754 0.03896604938271606 0.09362139917695471
0 0.07680362654320987 0.7788999390336838 0.041666666666666664 0.10082304526748974
0 0.19138910322359395 0.785041819082457 0.0447530864197531 0.0673868312757202
0 0.4321247535150891 0.847811880810852 0.03742283950617286 0.0812757201646091
0 0.26893941829561047 0.8061671239140376 0.05054012345679008 0.10493827160493831
0 0.14625155392661182 0.7824707552202408 0.046682098765432084 0.06841563786008233
0 0.4402316958161866 0.6523352956866332 0.0447530864197531 0.07767489711934158
0 0.5710157857510287 0.6461657902758725 0.040509259259259287 0.08127572016460921
0 0.48730040080589854 0.6307360730071636 0.0459104938271604 0.0838477366255144
0 0.6825102880658437 0.6569639727175736 0.037037037037036986 0.07664609053497937
0 0.7997937028463649 0.8349489407102576 0.03626543209876555 0.07818930041152254
0 0.753113211591221 0.848827351013565 0.03858024691358016 0.06687242798353915
0 0.47996801054526744 0.8467759297363207 0.042824074074074125 0.07355967078189313
0 0.5926207240226337 0.8344259640298735 0.040509259259259287 0.06893004115226349
0 0.37310126243141295 0.8467759297363207 0.04359567901234564 0.07355967078189313
0 0.5308976873285323 0.8436928440786466 0.048225308641975315 0.07716049382716042
0 0.6971721214849108 0.8694034827008078 0.038966049382716035 0.06687242798353905
0 0.6493310078017832 0.8483129477213839 0.03665123456790119 0.06687242798353905
0 0.848410976080247 0.8416561880810852 0.04513888888888873 0.09979423868312752
0 0.3082883230452675 0.7721626848041457 0.04629629629629627 0.046810699588477354
0 0.3229434585048011 0.8266894337753391 0.03858024691358024 0.04681069958847746
0 0.3580608603395062 0.7798801630848956 0.052083333333333336 0.048353909465020634
0 0.4182406871570645 0.7721684003962811 0.044367283950617224 0.05298353909465016
0 0.47379543895747595 0.7783464791952447 0.04320987654320984 0.0586419753086419
0 0.5883889531893004 0.7840011050144795 0.057870370370370315 0.054526748971193334
0 0.8187020426097393 0.6039866255144034 0.04205246913580238 0.08333333333333323
0 0.8052019032921811 0.6857529340039628 0.04629629629629619 0.05761316872427989
0 0.7712403013545953 0.5906049954275263 0.030478395061728256 0.07561728395061725
0 0.7654596943587105 0.6646690672153636 0.039737654320987775 0.06481481481481471
0 0.7245622213648836 0.6708433356195702 0.0362654320987654 0.06635802469135799
0 0.685978759430727 0.585961553116903 0.03163580246913579 0.06069958847736624
0 0.5760352366255144 0.579780140222527 0.04629629629629627 0.05144032921810709
0 0.48498290680727024 0.5782369303459838 0.04205246913580238 0.051440329218106984
0 0.4375300068587106 0.5751633706752018 0.04320987654320992 0.06532921810699588
0 0.33876537851508914 0.579809670781893 0.04436728395061726 0.08333333333333333
0 0.341080193329904 0.6646595412284713 0.04436728395061726 0.054526748971193334
0 0.29902611668381346 0.6661970355128791 0.04205246913580246 0.04835390946502053
0 0.29015641075102877 0.5828932327389118 0.04745370370370369 0.08024691358024688
0 0.24810019075788753 0.5828932327389118 0.04205246913580246 0.08024691358024688
0 0.25812944744513033 0.6692805974698979 0.03973765432098762 0.045267489711934075
0 0.20836548353909465 0.6553945663770766 0.04629629629629631 0.048353909465020634
0 0.2072011102537723 0.5813457361682669 0.036265432098765434 0.07561728395061736
0 0.16168445644718793 0.5797930003048315 0.04783950617283948 0.06532921810699588
0 0.1697814857681756 0.6553988530711781 0.04089506172839504 0.05298353909465026
0 0.12194599837105624 0.5741426611796981 0.046682098765432105 0.07407407407407407
0 0.13235382373113855 0.6569434918457552 0.033950617283950595 0.05452674897119344
0 0.09840481395747601 0.6435742455418382 0.0362654320987654 0.06018518518518518
0 0.07680362654320987 0.5767122961438805 0.041666666666666664 0.07150205761316879
0 0.037064632630315494 0.5828679888736473 0.03973765432098765 0.05298353909465026
0 0.002722854509602195 0.5828765622618504 0.03202160493827161 0.06224279835390942
0 0.0108292609739369 0.6584771757354062 0.038580246913580245 0.044238683127572065
0 0.08451217421124829 0.18679841106538636 0.030864197530864196 0.07561728395061727
0 0.3025053047839506 0.10194139612863892 0.052083333333333336 0.09670781893004117
0 0.41245123885459534 0.09268213686937966 0.040895061728395 0.09670781893004117
0 0.41823586462620027 0.20018289894833105 0.03742283950617278 0.08641975308641976
0 0.4668501907578876 0.20325502972107912 0.04205246913580238 0.07098765432098768
0 0.5216317301097394 0.19092506858710562 0.038580246913580314 0.08796296296296294
0 0.5713994448731138 0.192458276177412 0.03742283950617286 0.07716049382716045
0 0.9730125814471879 0.11223470126505106 0.02700617283950619 0.10236625514403294
0 0.9629865397805213 0.21254096174363662 0.033950617283950636 0.09979423868312759
0 0.02897537294238683 0.08393442310623381 0.05787037037037038 0.09362139917695475
0 0.03591097608024691 0.19554040923639687 0.04513888888888889 0.07253086419753087
0 0.0015820580418381346 0.35911208276177414 0.05594135802469135 0.06327160493827164
0 0.002723658264746228 0.44247637555250724 0.033179012345679014 0.09670781893004111
0 0.03705579132373114 0.4511921772595641 0.027006172839506182 0.06532921810699592
0 0.07101283864883401 0.4542614502362445 0.03626543209876545 0.046810699588477354
0 0.05405253343621398 0.35910827236701726 0.05787037037037038 0.05915637860082307
0 0.4001023448216735 0.445521833561957 0.036265432098765475 0.05246913580246921
0 0.5011793767146777 0.34984901310775796 0.03163580246913579 0.05915637860082302
0 0.5521101251714678 0.4455346936442615 0.03858024691358024 0.0663580246913581
0 0.6180877057613169 0.4558284750800183 0.04629629629629627 0.07253086419753095
0 0.8923862954389575 0.48308518137479034 0.0362654320987654 0.06532921810699598
0 0.9355961719821674 0.48771576360310925 0.03626543209876555 0.0663580246913581
0 0.0004048246742112483 0.1806441472336534 0.027391975308641976 0.095679012345679
0 0.5987914201817558 0.3621875476299345 0.03742283950617286 0.051440329218106984
0 0.31484080289780525 0.4316486625514403 0.03742283950617278 0.06944444444444445
