0 0.8303350587277093 0.5393199397957629 0.12692901234567888 0.24331275720164613
0 0.6941175840192044 0.227574874256973 0.08487654320987659 0.22530864197530862
0 0.6972310635288066 0.5362282807498857 0.12384259259259255 0.2376543209876543
0 0.4638093171296297 0.5439205151653711 0.10763888888888881 0.21193415637860075
0 0.859627111196845 0.23991912437128485 0.08526234567901222 0.22376543209876545
0 0.06528260030864197 0.14932365493065078 0.11805555555555558 0.15843621399176958
0 0.5795532728909464 0.5197683279987808 0.11226851851851866 0.2386831275720163
0 0.0062274948559670786 0.45128267413504036 0.0787037037037037 0.16306584362139911
0 0.183308149005487 0.18325140984606006 0.07484567901234568 0.1337448559670782
0 0.08803717635459535 0.3709662208504802 0.10686728395061726 0.08796296296296297
0 0.15743393132716052 0.0072640413046791644 0.03819444444444445 0.06738683127572016
0 0.256591595936214 0.0005901348879743942 0.04745370370370373 0.08179012345679013
0 0.7280880272633745 0.0006320492303002592 0.11342592592592587 0.1270576131687243
0 0.6057875728737997 0.0006220469440634049 0.1118827160493827 0.1162551440329218
0 0.7812995649005486 0.24093983386678858 0.0713734567901235 0.21502057613168724
0 0.6462941529492455 0.8509573616826703 0.10802469135802469 0.1450617283950618
0 0.21534770447530865 0.8235972984301172 0.10069444444444445 0.04063786008230455
0 0.5216815629286694 0.8535298544429202 0.11033950617283952 0.14557613168724284
0 0.01430148319615912 0.8062152301478432 0.038580246913580245 0.15689300411522636
0 0.3264486346879287 0.8267985063252553 0.08603395061728397 0.16460905349794253
0 0.07644247256515777 0.8144166285627191 0.07716049382716046 0.12551440329218105
0 0.7593257030178328 0.8478723708276177 0.0956790123456789 0.14660493827160498
0 0.09497117198216737 0.46514250876390795 0.09182098765432095 0.1316872427983538
0 0.19911051097393692 0.002131915866483768 0.052469135802469126 0.08024691358024691
0 0.10496827846364884 0.005209762231367169 0.04320987654320986 0.07098765432098766
0 0.06754061642661179 0.00932546486816034 0.03626543209876545 0.07150205761316872
0 0.003896872856652949 0.0036622656607224508 0.05594135802469136 0.06635802469135803
0 0.3148667909807956 0.0021304869684499314 0.07484567901234564 0.07870370370370369
0 0.0027354466735253773 0.1580647005029721 0.05015432098765433 0.154320987654321
0 0.8584616662379971 0.003725137174211248 0.07368827160493825 0.13425925925925927
0 0.949108903463649 0.000650148605395519 0.05015432098765429 0.14660493827160495
0 0.8573184585048009 0.8494046258192349 0.09413580246913587 0.13477366255144033
0 0.0027542009602194786 0.37866274196006705 0.07716049382716049 0.06687242798353905
