0 0.29712309242112483 0.5578103566529492 0.07947530864197536 0.21296296296296308
0 0.3808408886316873 0.5850699207437892 0.07754629629629627 0.2088477366255144
0 0.37622036822702326 0.15202903520804756 0.09066358024691365 0.3024691358024691
0 0.561784122085048 0.15818806203322663 0.08024691358024683 0.2875514403292181
0 0.46108405135459535 0.5907231176649901 0.072145061728395 0.20318930041152264
0 0.2782265410665295 0.15151796601127876 0.09066358024691357 0.30606995884773663
0 0.47035295567558305 0.1587019890260631 0.08603395061728389 0.28703703703703703
0 0.6485845871913579 0.15972460371894528 0.07291666666666674 0.2803497942386831
0 0.783232596021948 0.5069353947568968 0.07716049382716048 0.26800411522633744
0 0.7261367776920439 0.16487482853223592 0.08140432098765445 0.2870370370370371
0 0.20569621270576127 0.5295562795305595 0.0914351851851852 0.2541152263374485
0 0.17869271905006862 0.15511021566834327 0.09529320987654322 0.2968106995884774
0 0.5374756194272977 0.5557355967078189 0.07600308641975309 0.19444444444444445
0 0.631225083590535 0.5202974965706447 0.07523148148148143 0.25462962962962965
0 0.05752234439300411 0.5722217459228774 0.054398148148148154 0.22170781893004127
0 0.05020093878600824 0.16589458542905045 0.06712962962962962 0.27726337448559674
0 0.00042277520576131686 0.5511293057460753 0.05324074074074074 0.21965020576131694
0 0.000421971450617284 0.19981376695625666 0.052083333333333336 0.24331275720164613
0 0.8125476894718793 0.16280816567596404 0.06867283950617285 0.27726337448559674
0 0.9510371120541836 0.573738759335467 0.048996913580246985 0.19341563786008234
0 0.8839184670781893 0.16691386602652034 0.06481481481481476 0.2669753086419753
0 0.9487233689128943 0.16485291876238378 0.05054012345679016 0.26337448559670784
0 0.30057789994855966 0.8689486168267031 0.054398148148148216 0.13117283950617292
0 0.35382265946502056 0.8663789818625209 0.06018518518518516 0.1337448559670782
0 0.5984107081618656 0.8715182517908856 0.044753086419753015 0.12860082304526751
0 0.7049165702160495 0.5151529873494894 0.07986111111111104 0.2541152263374486
0 0.5289740333504802 0.8674039780521262 0.05594135802469135 0.12962962962962973
0 0.7133889531893004 0.9059513603109283 0.057870370370370475 0.09413580246913576
0 0.767789780521262 0.9090334933699131 0.06172839506172825 0.08950617283950603
0 0.47110018004115234 0.8966973403444597 0.050925925925925875 0.09979423868312752
0 0.8291128150720165 0.8751152644413961 0.03356481481481476 0.12448559670781884
0 0.2558173118141289 0.9049177907331198 0.04359567901234567 0.08899176954732509
0 0.42363468792866943 0.8936075864959611 0.033950617283950636 0.0961934156378601
0 0.6497320816186557 0.8967001981405274 0.058641975308641986 0.10288065843621386
0 0.9255714699074075 0.8278220736168267 0.04513888888888889 0.1589506172839505
0 0.872729391718107 0.8262760059442158 0.0636574074074073 0.15586419753086403
