0 0.6030491979655712 0.7818509824378368 0.08098591549295778 0.17370892018779344
0 0.6946272251564944 0.7888883455051295 0.12235915492957743 0.16842723004694848
0 0.4978647055946792 0.7753852590853764 0.09419014084507032 0.16255868544600957
0 0.5427358421361503 0.028424404451399758 0.06073943661971823 0.2758215962441315
0 0.6184370109546166 0.07474460963310728 0.05633802816901413 0.2312206572769953
0 0.30328791324334897 0.7196656016344983 0.04445422535211271 0.1965962441314554
0 0.21437854557902974 0.7085284081029387 0.04313380281690142 0.2106807511737089
0 0.35566620207355243 0.7132232437836898 0.046654929577464796 0.2106807511737089
0 0.29272636688184667 0.38873728482003134 0.04709507042253516 0.2588028169014085
0 0.05548708920187794 0.39928545035645974 0.042253521126760556 0.24237089201877932
0 0.13999841060250393 0.06947433055120847 0.04841549295774647 0.24354460093896713
0 0.5475697500978091 0.4010443835854634 0.04973591549295778 0.24061032863849766
0 0.5990668402777779 0.4145371457137889 0.0506161971830985 0.2353286384976525
0 0.8812023180751173 0.40983850634672225 0.058098591549295815 0.23122065727699537
0 0.3468676643192488 0.38990555990262565 0.05281690140845071 0.2529342723004694
0 0.26278975938967136 0.712620631194575 0.03697183098591547 0.19366197183098585
0 0.6826978799882629 0.07298567640410362 0.05677816901408453 0.23298122065727697
0 0.7201000709115805 0.4274310989393149 0.042693661971831096 0.21713615023474186
0 0.07838297143974962 0.05305490349504434 0.05457746478873238 0.2570422535211267
0 0.19941742468701099 0.39518235958963654 0.04841549295774645 0.24765258215962435
0 0.6620033132824726 0.4180517518692401 0.04533450704225351 0.2282863849765258
0 0.03655981025039124 0.6985567727351766 0.04049295774647886 0.21596244131455397
0 0.24607082599765256 0.393425056511911 0.046214788732394395 0.25117370892018787
0 0.09818258509389671 0.3922426534515736 0.04489436619718309 0.24178403755868544
0 0.02820416422143975 0.06360850286906625 0.0506161971830986 0.24647887323943657
0 0.14571901897496087 0.4004656798817597 0.04665492957746482 0.249413145539906
0 0.00046214788732394364 0.688576443227265 0.03169014084507042 0.21185446009389655
0 0.011034392116588418 0.37759194053208134 0.04445422535211268 0.2640845070422535
0 0.32708363898669796 0.11930533820205182 0.08494718309859152 0.187793427230047
0 0.00045848004694835687 0.05422480872891672 0.02640845070422535 0.2529342723004695
0 0.1950526946400626 0.11872772126586681 0.10123239436619716 0.19776995305164316
0 0.9370959262519563 0.3904886106764041 0.05193661971830971 0.24882629107981222
0 0.8825160162363067 0.06712636932707355 0.04841549295774649 0.2429577464788732
0 0.9511819615610329 0.07122782994261867 0.05413732394366188 0.23591549295774655
0 0.8217747456964007 0.05892018779342723 0.04577464788732392 0.2535211267605634
0 0.7597182487284819 0.048364958268127284 0.0506161971830985 0.2623239436619718
0 0.17256333137715177 0.7179034081029386 0.04049295774647887 0.1948356807511737
0 0.13118978628716743 0.7108671318031646 0.04005281690140847 0.20129107981220656
0 0.08145356514084506 0.7126179142757781 0.03961267605633803 0.19072769953051638
0 0.4062796483763693 0.7905994609633108 0.04269366197183102 0.11502347417840368
0 0.816985463125978 0.7748141627543035 0.12103873239436622 0.17957746478873243
0 0.945457991001565 0.7994392279603548 0.051056338028169064 0.15492957746478864
