0 0.000819562328532236 0.16280483158055176 0.06905864197530864 0.2736625514403292
0 0.07875112525720165 0.1638060128029264 0.06828703703703702 0.24382716049382713
0 0.15707224151234567 0.16382411217802165 0.07291666666666664 0.26337448559670784
0 0.22533543381344306 0.16277387212315197 0.03858024691358024 0.24022633744855967
0 0.26160943930041153 0.15815710257582685 0.050925925925925916 0.2541152263374486
0 0.31832400977366254 0.1684551707056851 0.053240740740740755 0.264917695473251
0 0.3943311149691358 0.17771728776101206 0.059027777777777776 0.2680041152263374
0 0.45566272290809323 0.17770728547477518 0.04320987654320992 0.257201646090535
0 0.5000369727366255 0.17617264898643498 0.053240740740740713 0.2664609053497942
0 0.5544343171296297 0.18081466239902452 0.052083333333333336 0.27983539094650206
0 0.6099922839506173 0.18697607072092667 0.05555555555555555 0.2674897119341564
0 0.6586041988168724 0.1155306927297668 0.056712962962963014 0.3287037037037037
0 0.7153085883916324 0.1139803383630544 0.0443672839506173 0.3209876543209877
0 0.759698645404664 0.1201712772443225 0.07716049382716048 0.34053497942386834
0 0.8380103845164607 0.12479662017985065 0.06828703703703715 0.3359053497942387
0 0.9016517168209877 0.124802335771986 0.04513888888888905 0.34207818930041156
0 0.9255880808470508 0.14431727251943302 0.06905864197530857 0.30709876543209874
0 0.02666618441358025 0.5362016079865874 0.0659722222222222 0.2088477366255144
0 0.09920106738683128 0.5423811156835848 0.07175925925925927 0.21604938271604932
0 0.19796006944444444 0.5485734834628868 0.0625 0.23713991769547324
0 0.2639196995027435 0.5603909465020576 0.0443672839506173 0.2222222222222222
0 0.31254099151234566 0.5727423411065387 0.059027777777777776 0.22839506172839502
0 0.3738774219821674 0.5711919867398263 0.05015432098765429 0.22067901234567905
0 0.43058716992455415 0.6040637860082305 0.045524691358024685 0.16666666666666666
0 0.48189541538065844 0.5572769013869837 0.040509259259259287 0.1923868312757201
0 0.544009880829904 0.5557236892242037 0.04089506172839508 0.18158436213991766
0 0.5895399305555554 0.5619327274805671 0.04861111111111119 0.22067901234567894
0 0.6427769204389574 0.5696416323731138 0.04320987654320984 0.21296296296296297
0 0.6917775848765433 0.5727490092973632 0.048611111111111036 0.23559670781893005
0 0.8164558149005486 0.6297896662094193 0.14081790123456794 0.17283950617283947
