0 0.5221344997065728 0.6926800773778473 0.18353873239436622 0.20715962441314548
0 0.012456291568857589 0.631094592244827 0.19058098591549297 0.24413145539906098
0 0.5710148914319249 0.1763715006085898 0.21919014084507055 0.34037558685446007
0 0.7985499804381847 0.1769420535559033 0.19366197183098596 0.32276995305164324
0 0.37555995696400624 0.18442988175969396 0.1725352112676056 0.17018779342723003
0 0.19993550714006258 0.6340630977221353 0.16065140845070427 0.2811032863849765
0 0.7277090057707356 0.625169535732916 0.2249119718309858 0.18309859154929575
0 0.13704274256651017 0.17986491479742656 0.22887323943661972 0.3104460093896714
0 0.3834938013497652 0.6238838897583029 0.18882042253521128 0.06220657276995296
0 0.3715895197574335 0.7061608850634673 0.15933098591549297 0.18896713615023478
0 0.0005260294405320814 0.2472651495392106 0.12367957746478873 0.2153755868544601
0 0.36413952464788735 0.3651549730481655 0.2059859154929577 0.14201877934272303
