0 0.14829148448216734 0.0053188347812833416 0.20640432098765432 0.18878600823045266
0 0.1494496956447188 0.20802040466392316 0.20756172839506173 0.21759259259259262
0 0.36279069144375853 0.20186756973022404 0.1963734567901235 0.2391975308641975
0 0.37282396690672154 0.012526672763298276 0.1998456790123457 0.19547325102880656
0 0.5796186449759945 0.22142061042524006 0.20640432098765443 0.24537037037037038
0 0.8099314664780521 0.034138279225727784 0.19020061728395063 0.20267489711934158
0 0.3774037637174212 0.4739407102575827 0.12808641975308635 0.18930041152263372
0 0.2412162958676269 0.4754839201341259 0.12924382716049376 0.18930041152263374
0 0.5147550690157751 0.4713725041914343 0.13618827160493832 0.19341563786008234
0 0.6621080354080934 0.4801164075598232 0.10223765432098769 0.1923868312757201
0 0.8912792566872427 0.7527653939948179 0.10879629629629635 0.2088477366255146
0 0.7346705139746228 0.7542704999237921 0.14776234567901222 0.1676954732510288
0 0.559106545781893 0.8041590458771529 0.11342592592592596 0.15843621399176963
0 0.41714061428326477 0.8355200236244474 0.12692901234567905 0.13940329218107006
0 0.19450124314128944 0.8283207590306356 0.08179012345679013 0.14197530864197536
0 0.2855490183470507 0.8267832647462277 0.07947530864197531 0.14814814814814825
0 0.3681179805384088 0.825157178783722 0.08989197530864199 0.058641975308642014
0 0.13124598122427983 0.47701855662246606 0.10532407407407407 0.1800411522633745
0 0.0008297432270233196 0.16115112025605854 0.08371913580246913 0.15432098765432098
0 0.009733206875857338 0.32724860920591375 0.12692901234567902 0.09516460905349794
0 0.008576603223593965 0.4440000571559214 0.1280864197530864 0.07561728395061736
0 0.02666993527091907 0.7481438614540465 0.07137345679012345 0.2175925925925927
0 0.7766771690672153 0.5330575560128029 0.08179012345679015 0.14660493827160487
0 0.8164692108196159 0.24089363283036122 0.1601080246913581 0.1651234567901235
0 0.7971742648319616 0.40446101966163694 0.15316358024691365 0.15123456790123455
