0 0.14839134634194054 0.42855862023995833 0.09198943661971831 0.16725352112676048
0 0.18579567683881063 0.6439010606850983 0.08098591549295774 0.13145539906103268
0 0.12022875097809077 0.21553153799339245 0.10123239436619717 0.16842723004694832
0 0.5246925127151799 0.5235562293514171 0.06426056338028169 0.08861502347417838
0 0.07090699579420971 0.6497576508433316 0.06382042253521125 0.11854460093896711
0 0.44590424491392794 0.06700084767866457 0.0598591549295775 0.1073943661971831
0 0.6567378227699531 0.5206279342723005 0.06866197183098595 0.09507042253521127
0 0.13340179968701096 0.6544486828377674 0.05633802816901411 0.11443661971830991
0 0.5915963663928012 0.5253189662667361 0.06778169014084506 0.09096244131455407
0 0.08103451437793428 0.4285515562510868 0.06998239436619717 0.15962441314553985
0 0.2975770857785603 0.31228155972874283 0.06029929577464787 0.08098591549295775
0 0.4934406787949922 0.6673698052512607 0.0616197183098592 0.12558685446009388
0 0.17000195618153363 0.06524191444966093 0.15492957746478872 0.10915492957746478
0 0.6012907741588419 0.046469092331768394 0.08406690140845074 0.11619718309859153
0 0.46527044209702656 0.5206246739697443 0.0598591549295775 0.09154929577464783
0 0.4406335582942097 0.31697748217701266 0.07570422535211263 0.08215962441314555
0 0.26457110719874805 0.646835876369327 0.06690140845070422 0.13204225352112686
0 0.6827339470852896 0.6620419274908711 0.1087147887323944 0.0757042253521126
0 0.359212086756651 0.31404429664406186 0.08230633802816899 0.08333333333333333
0 0.5194251882824727 0.08106687967310032 0.08494718309859148 0.08744131455399061
0 0.33590693466353677 0.07403658059467919 0.11443661971830986 0.10035211267605634
0 0.7047709433685446 0.3269447704747001 0.1518485915492958 0.07218309859154928
0 0.6937689505086071 0.012470113893235957 0.1540492957746479 0.15786384976525825
0 0.33277918378325505 0.6632634541818814 0.04709507042253524 0.1273474178403757
0 0.01236612382629108 0.6427143105546861 0.06073943661971831 0.11737089201877937
0 0.009293390551643193 0.4297198313336811 0.07262323943661972 0.15375586854460094
0 0.2249562915688576 0.31345689880020866 0.06382042253521128 0.08274647887323947
0 0.3323555482198748 0.4590495131281516 0.07086267605633804 0.13967136150234732
0 0.4375379010172144 0.6544704181881412 0.05457746478873236 0.13791079812206578
0 0.7030106856416275 0.2647262432620414 0.15228873239436622 0.059272300469483556
0 0.5674109326095462 0.6714109502695184 0.09991197183098595 0.0534037558685447
0 0.13252824237089203 0.8140758129021041 0.0660211267605634 0.11737089201877937
0 0.5335274232198748 0.8973716527560425 0.110475352112676 0.07687793427230034
0 0.2016383020344288 0.8158363762823857 0.07746478873239436 0.11737089201877937
0 0.684937707844288 0.7348059033211615 0.11311619718309843 0.06924882629107983
0 0.07838327709311425 0.8099662015301686 0.0550176056338028 0.11561032863849766
0 0.02556423611111111 0.8023376369327073 0.051936619718309845 0.11619718309859163
0 0.4155767067683881 0.892668666318901 0.12059859154929582 0.06807511737089197
0 0.29893938282472615 0.8826921404973048 0.12059859154929582 0.06807511737089197
0 0.5638959189162754 0.7271713615023474 0.10871478873239432 0.06338028169014091
0 0.29629670383411577 0.8298589375760739 0.11795774647887328 0.05046948356807514
0 0.541453626271518 0.8456985741610155 0.11575704225352115 0.044600938967136225
0 0.4186564700704225 0.8404234046252826 0.11883802816901405 0.05164319248826288
0 0.38119712196791866 0.6603286384976526 0.05061619718309858 0.12676056338028172
0 0.4018913830203443 0.4531918362023996 0.0616197183098592 0.15140845070422537
0 0.46792106807511735 0.25533711528429837 0.07394366197183101 0.05985915492957753
0 0.3930962074530516 0.25650865066944883 0.07262323943661973 0.05751173708920184
0 0.6902487407081377 0.2154217744740045 0.15536971830985927 0.04988262910798121
