0 0.7765417155712051 0.6598776299773952 0.1919014084507042 0.2734741784037559
0 0.4098383705007825 0.6469706355416449 0.09683098591549298 0.27758215962441324
0 0.7980505428403755 0.28897637367414364 0.10827464788732408 0.2634976525821595
0 0.3957611991392801 0.28721472352634325 0.10739436619718311 0.2623239436619719
0 0.08589256895539905 0.6369870457311771 0.09375 0.26995305164319244
0 0.18274709017996868 0.2637497826464963 0.12764084507042253 0.2723004694835681
0 0.30596665933098594 0.6381716223265519 0.09903169014084502 0.2816901408450703
0 0.03969153462441315 0.26490066944879154 0.11355633802816899 0.24765258215962446
0 0.17833101036776214 0.6475509693966267 0.10651408450704226 0.2705399061032864
0 0.6884539441510172 0.28311163275952006 0.10607394366197183 0.26760563380281693
0 0.5106138130868545 0.28777060511215435 0.07262323943661973 0.22887323943661972
0 0.511509377445227 0.6481541253695009 0.09463028169014089 0.28814553990610325
0 0.6140811448552425 0.6504841549295773 0.1219190140845071 0.2693661971830987
0 0.7698732761150234 0.00136443661971831 0.09639084507042242 0.20598591549295775
0 0.650159551056338 0.0042900147800382545 0.10299295774647885 0.1965962441314554
0 0.0005003545579029734 0.6475401017214397 0.08670774647887323 0.2588028169014084
0 0.20649085485133023 0.003105981568422883 0.09330985915492956 0.18544600938967135
0 0.5317674711463224 0.000777038775865067 0.11135563380281698 0.20539906103286384
0 0.08459415346244131 0.000755303425491219 0.12544014084507044 0.18192488262910797
0 0.6272444126564944 0.2789455094766128 0.06294014084507041 0.20481220657276997
0 0.40852895148669793 0.003108698487219614 0.11267605633802817 0.18838028169014084
0 0.9071911067097026 0.29365382107459576 0.08758802816901405 0.24471830985915485
0 0.8777028927034428 0.0007792123109024518 0.08934859154929566 0.20774647887323944
0 0.3024479777973396 0.000768888019474874 0.10255281690140841 0.19659624413145538
