0 0.715294283059468 0.023201943140323426 0.09419014084507041 0.33978873239436624
0 0.624173818955399 0.026138932359589636 0.07790492957746488 0.3427230046948357
0 0.19900173611111116 0.08889649626151973 0.08362676056338023 0.30399061032863844
0 0.5348166691118936 0.022625412971657103 0.06558098591549298 0.3509389671361503
0 0.01940440385367762 0.11647919926969222 0.05501760563380282 0.3045774647887324
0 0.07573968114241002 0.0842092679533994 0.05105633802816902 0.31220657276995306
0 0.18050023229655712 0.5735893757607373 0.06117957746478871 0.25117370892018775
0 0.2870094263497653 0.04666145018257695 0.05413732394366192 0.323943661971831
0 0.667761822672144 0.5707996435402539 0.09815140845070426 0.4072769953051642
0 0.5216051080790298 0.5566678621109373 0.055017605633802764 0.3562206572769952
0 0.1316433758802817 0.0836245870283429 0.059419014084507046 0.3145539906103286
0 0.3631544038536776 0.04078638497652582 0.05501760563380284 0.31690140845070425
0 0.1311913145539906 0.5753336376282385 0.042253521126760556 0.2335680751173709
0 0.5854426472026605 0.5115517953399408 0.07966549295774648 0.43368544600938985
0 0.479347613458529 0.033158907146583205 0.04929577464788737 0.31866197183098594
0 0.8174170456768388 0.007961658841940531 0.10871478873239447 0.35915492957746475
0 0.32177657961658845 0.5548649147974265 0.04841549295774645 0.31044600938967143
0 0.45206224325117367 0.5513671535385151 0.054137323943661955 0.33568075117370894
0 0.38956163194444443 0.5214587680403407 0.05325704225352115 0.3585680751173709
0 0.42213236013302036 0.050149973917579554 0.053697183098591554 0.28873239436619713
0 0.09025638204225353 0.5647827551730135 0.039612676056338045 0.24706572769953045
0 0.252237382629108 0.5566135237350026 0.05281690140845067 0.29753521126760557
0 0.012796178110328639 0.566515062597809 0.04621478873239437 0.21654929577464782
0 0.04976311864241002 0.5682750825943313 0.0391725352112676 0.21596244131455405
0 0.8490601159037559 0.4865566857937749 0.04093309859154917 0.05868544600938964
0 0.8499874682120502 0.6130297991653625 0.10871478873239432 0.38204225352112686
0 0.9401866930751174 0.01846254999130586 0.06602112676056338 0.29166666666666663
0 0.7676566779147104 0.5754912189184489 0.07350352112676053 0.4037558685446011
0 0.0713297143974961 0.8944634628760216 0.03873239436619719 0.10504694835680747
0 0.036119363751956186 0.895054121022431 0.04005281690140844 0.10915492957746477
0 0.0022224056142410016 0.8721841853590679 0.03125 0.12793427230046944
