0 0.816407857510288 0.078369341563786 0.07175925925925937 0.19444444444444445
0 0.9132367755486969 0.33814919600670634 0.060956790123456825 0.2011316872427983
0 0.10806675454389575 0.19814338515470203 0.06057098765432099 0.10596707818930044
0 0.5050582990397805 0.1523891175125743 0.06172839506172849 0.1358024691358025
0 0.5536948623971194 0.41627467230605086 0.09837962962962953 0.13220164609053509
0 0.23385255915637862 0.14674258878219784 0.08101851851851853 0.14866255144032922
0 0.40708269032921807 0.6070706637707667 0.08796296296296302 0.08076131687242805
0 0.4078492048182442 0.1565019623532998 0.0806327160493827 0.1332304526748971
0 0.15204019847393693 0.48257792257277854 0.0489969135802469 0.07304526748971196
0 0.3295235339506173 0.16318539475689683 0.06944444444444445 0.12911522633744854
0 0.5147231867283951 0.6163156340496875 0.09027777777777778 0.06532921810699588
0 0.5748952439128944 0.15290304450541076 0.07137345679012341 0.13528806584362144
0 0.7874563293038409 0.33609491693339427 0.04822530864197524 0.20473251028806588
0 0.3414649241255144 0.7063552621551592 0.04282407407407405 0.08590534979423874
0 0.1732646926440329 0.20379562947721383 0.05671296296296296 0.09927983539094651
0 0.8414643882887518 0.3396866902911142 0.04205246913580238 0.19495884773662545
0 0.73074577760631 0.3335209952751105 0.05169753086419762 0.20267489711934158
0 0.00041125471536351165 0.21047096479195246 0.03665123456790123 0.08641975308641979
0 0.4676397462277092 0.34883116140832193 0.06790123456790127 0.07098765432098762
0 0.8187074009773663 0.604594859777473 0.04976851851851857 0.18467078189300412
0 0.2739532428840878 0.4687004648681603 0.048225308641975315 0.08539094650205767
0 0.08028683341906721 0.4805193568053651 0.05748456790123458 0.07201646090534973
0 0.3966569144375857 0.4733177107148301 0.07484567901234572 0.07201646090534979
0 0.09764580118312759 0.40849051211705534 0.054398148148148154 0.05864197530864196
0 0.41207427769204397 0.4048892127724432 0.05362654320987651 0.0581275720164609
0 0.3530403377914952 0.6168348003353148 0.04475308641975313 0.07047325102880646
0 0.6539834104938272 0.15084876543209877 0.06944444444444445 0.1388888888888889
0 0.01624335562414266 0.48360291876238387 0.05709876543209878 0.06893004115226328
0 0.8993513695987654 0.08608539094650206 0.06597222222222222 0.19444444444444445
0 0.8758005401234569 0.6128162627648225 0.041666666666666664 0.17489711934156382
0 0.6620675797325103 0.44658969669257736 0.04398148148148143 0.09465020576131687
0 0.9193948795438958 0.6179507696997409 0.03973765432098762 0.16460905349794244
0 0.7380795074588479 0.08556431946349642 0.05671296296296286 0.18724279835390947
0 0.4016873499657064 0.7063538332571254 0.09645061728395071 0.08436213991769556
0 0.2280395340363512 0.6981333828684653 0.04359567901234564 0.09516460905349788
0 0.4772810570987654 0.8679031397652797 0.0625 0.11316872427983535
0 0.28089420438957474 0.7037827693949092 0.04320987654320988 0.08539094650205757
0 0.6192794067215364 0.6940205380277397 0.09567901234567913 0.09773662551440328
0 0.34108474794238686 0.8483500990702637 0.050925925925925916 0.10699588477366265
0 0.5124110510973937 0.7130320263679316 0.09413580246913579 0.07458847736625523
0 0.06871624228395061 0.8833166628562719 0.0625 0.09310699588477366
0 0.16978496870713308 0.694020061728395 0.045910493827160476 0.09722222222222222
0 0.27704475308641974 0.9208438119189148 0.05555555555555552 0.06687242798353894
0 0.16399525248628258 0.9131330018289895 0.04205246913580248 0.0725308641975308
0 0.21878509730795612 0.9213501181222374 0.05054012345679008 0.05812757201646095
0 0.4070695623285322 0.8812466659045878 0.06905864197530866 0.07973251028806581
0 0.015087555727023319 0.7099508459076361 0.059413580246913573 0.08024691358024677
0 0.043639081790123456 0.20173420591373267 0.0625 0.095164609053498
0 0.007380615569272976 0.4013031550068587 0.07253086419753085 0.07407407407407413
0 0.09803106781550068 0.34830008763907944 0.053626543209876545 0.05298353909465016
0 0.03707883230452674 0.34829722984301176 0.06018518518518519 0.04989711934156376
0 0.23228925540123457 0.40129648681603414 0.052083333333333336 0.0668724279835391
0 0.20952932098765428 0.4738425925925926 0.05555555555555555 0.08333333333333338
0 0.17441968878600822 0.3848536808413352 0.053240740740740734 0.08641975308641973
0 0.30250208976337445 0.39511221612559055 0.04745370370370373 0.05452674897119344
0 0.29671371313443073 0.3364730986130163 0.045524691358024685 0.057613168724279844
0 0.34455616640946507 0.3380134506934918 0.049768518518518455 0.05452674897119344
0 0.2014432763203018 0.34109129705837526 0.0783179012345679 0.045267489711934075
0 0.3626819165809328 0.40128934232586494 0.0397376543209877 0.05915637860082307
0 0.36614074288408777 0.4697087905807042 0.02044753086419754 0.06327160493827158
0 0.4919391396604939 0.4753772290809328 0.059027777777777776 0.07407407407407407
0 0.4873103137860083 0.4254548658741046 0.06018518518518516 0.046810699588477354
0 0.5409690072016461 0.33032264517604026 0.10648148148148151 0.08179012345679011
0 0.6609198173868313 0.34114464258497185 0.057870370370370315 0.10288065843621397
0 0.7222546403463649 0.5953198826398415 0.04668209876543206 0.1676954732510288
0 0.015476841135116598 0.6451160265203475 0.06442901234567901 0.058641975308642014
0 0.27512458204732504 0.625575845907636 0.06828703703703706 0.06635802469135799
0 0.11964056069958849 0.625567272519433 0.06018518518518516 0.05709876543209873
0 0.6246632265946502 0.6024181717725957 0.0706018518518519 0.05606995884773651
0 0.2106883359053498 0.8493412780064015 0.0578703703703704 0.06635802469135799
0 0.27165155606995883 0.8508830589849108 0.06712962962962964 0.06481481481481481
0 0.5895471643518518 0.9187900091449475 0.059027777777777776 0.07098765432098762
0 0.00040803969478737993 0.8462581923487273 0.0320216049382716 0.0699588477366255
0 0.00040643218449931413 0.9264965325407714 0.029706790123456787 0.06069958847736614
0 0.6531965342078189 0.8992317291571407 0.04745370370370373 0.05915637860082307
