0 0.0005436063957475995 0.09277025224813291 0.22723765432098766 0.1918724279835391
0 0.3307227366255144 0.10819520652339581 0.12962962962962968 0.18415637860082304
0 0.2037872942386831 0.1292847889041305 0.12037037037037039 0.1831275720164609
0 0.4761646412037037 0.16826322206980643 0.12152777777777778 0.057613168724279865
0 0.48387988683127564 0.2150782083523853 0.12037037037037039 0.06224279835390942
0 0.0869679140946502 0.42703475080018294 0.2337962962962963 0.08641975308641973
0 0.06769279406721536 0.4923525377229081 0.2554012345679012 0.07407407407407397
0 0.34587995113168724 0.4424873304374333 0.28935185185185186 0.10853909465020577
0 0.0005444101508916324 0.6950317215363512 0.22839506172839508 0.0787037037037037
0 0.0005444101508916324 0.6374152187166591 0.22839506172839508 0.07510288065843619
0 0.0005505722736625515 0.7510864388050602 0.23726851851851855 0.06224279835390942
0 0.2493803047839506 0.6024591335162324 0.21875000000000003 0.10030864197530857
0 0.2571006408607681 0.6693015546410609 0.2249228395061729 0.06790123456790116
0 0.25247878086419756 0.7053159769852156 0.2361111111111111 0.07458847736625503
0 0.4862027391975309 0.585993465172992 0.13194444444444445 0.09516460905349788
0 0.5054920588991769 0.6842182975156226 0.13078703703703706 0.06687242798353915
0 0.4761943801440329 0.7948650167657368 0.16435185185185183 0.12088477366255153
0 0.11197487997256515 0.8571092440176802 0.13271604938271606 0.1224279835390947
0 0.00045304998285322363 0.8766032235939643 0.09683641975308643 0.06481481481481481
