0 0.34696234139231824 0.802651082152111 0.18132716049382713 0.19650205761316877
0 0.5305847586591221 0.8088191586648377 0.15316358024691357 0.191358024691358
0 0.7747856652949247 0.17615026291723823 0.13580246913580238 0.24228395061728397
0 0.00046510631001371746 0.45138841258954426 0.11419753086419754 0.2772633744855967
0 0.6883787722908092 0.8098432022557538 0.15432098765432095 0.1862139917695474
0 0.9093993805727024 0.1807656035665295 0.0906635802469135 0.22685185185185186
0 0.10388642403978052 0.16278244551135498 0.15200617283950615 0.24948559670781895
0 0.41483865955075444 0.17613883173296754 0.14544753086419762 0.2299382716049383
0 0.27401057741769547 0.18590773129096175 0.13078703703703698 0.22479423868312756
0 0.2161252036179698 0.5027582495046486 0.1091820987654321 0.20113168724279842
0 0.34344484096364886 0.5747123151958543 0.11612654320987659 0.1337448559670782
0 0.5633308149005487 0.2691710486206371 0.08526234567901231 0.14917695473251033
0 0.4808232060185186 0.4750261964639537 0.16319444444444436 0.25051440329218105
0 0.6543823409636489 0.26403320759030635 0.08834876543209881 0.15586419753086417
0 0.11927806712962963 0.4667847889041305 0.09375000000000001 0.2386831275720165
0 0.002763846021947874 0.18950522024081695 0.09104938271604938 0.22119341563786005
0 0.6587129736796982 0.47658607681755827 0.21334876543209874 0.26851851851851855
0 0.8839527606310014 0.6040456866331353 0.11419753086419746 0.14711934156378592
0 0.025952717764060353 0.7856700579180003 0.14969135802469136 0.19032921810699588
0 0.21034754372427983 0.7887679088553574 0.1226851851851852 0.2026748971193417
0 0.3457751950445816 0.48311566453284555 0.13850308641975315 0.09825102880658435
0 0.8438585069444444 0.7995670438957476 0.15625 0.19907407407407396
