0 0.9098166691118935 0.36758226830116497 0.06558098591549298 0.2282863849765258
0 0.6047898938771519 0.32653994957398713 0.05237676056338027 0.2687793427230047
0 0.37767691216744914 0.27437565206051123 0.05193661971830979 0.3397887323943663
0 0.48375758020344295 0.30954616588419404 0.061619718309859114 0.29577464788732394
0 0.7258258753912362 0.29489545296470177 0.04841549295774649 0.318075117370892
0 0.3244192586071988 0.28199226221526696 0.05105633802816898 0.32629107981220656
0 0.43225254303599375 0.3042704529647018 0.04929577464788729 0.3022300469483567
0 0.5458137715179969 0.3312380455572944 0.05633802816901397 0.2723004694835681
0 0.03964690923317685 0.3107171578855851 0.04929577464788732 0.2928403755868545
0 0.6743287852112676 0.32067901234567897 0.047535211267605605 0.27699530516431925
0 0.6914915272887323 0.6897458050773779 0.043573943661971905 0.20715962441314548
0 0.5686946767410015 0.024253390714658322 0.04709507042253528 0.2077464788732394
0 0.694140625 0.010158015997217875 0.05545774647887324 0.1960093896713615
0 0.09950178501564946 0.6686766431924883 0.0431338028169014 0.2693661971830987
0 0.5017993813575901 0.02424850026082421 0.05589788732394357 0.20246478873239435
0 0.43181484741784043 0.021308250739001913 0.05281690140845067 0.19600938967136147
0 0.5343636908255086 0.6815548382889933 0.04709507042253512 0.23415492957746478
0 0.2746772300469484 0.3036580594679187 0.042253521126760576 0.27464788732394363
0 0.06693136248043818 0.003709137541297166 0.04313380281690142 0.20305164319248828
0 0.5858549735915493 0.6950427099634847 0.039612676056338045 0.22359154929577457
0 0.47890502738654145 0.6751037862980352 0.045774647887323994 0.23884976525821583
0 0.8147337147887325 0.02189130151278039 0.04753521126760552 0.19190140845070422
0 0.8754731514084507 0.014265997217875153 0.04753521126760552 0.1960093896713615
0 0.756638179773083 0.024833181185880716 0.051936619718309866 0.20011737089201878
0 0.1193114852308294 0.004894800904190576 0.04797535211267607 0.215962441314554
0 0.3226580839201878 0.007823095983307252 0.05017605633802821 0.20950704225352113
0 0.3728359741784038 0.015440249521822293 0.05281690140845067 0.1965962441314554
0 0.6307603433098591 0.0007868196835332986 0.05545774647887324 0.215962441314554
0 0.00046612138106416276 0.31599124065379935 0.037411971830985914 0.28462441314554
0 0.09465381699921753 0.3194727003999304 0.03389084507042253 0.2417840375586854
0 0.00926985524256651 0.6721722309163624 0.03873239436619718 0.2417840375586854
0 0.01279801203051643 0.0054892627369153195 0.0488556338028169 0.22417840375586856
0 0.2632415150625978 0.014849591375412974 0.053697183098591596 0.19248826291079812
0 0.1465886027973396 0.32124847852547384 0.03125 0.25821596244131456
0 0.8323408768583724 0.32771094157537817 0.049735915492957694 0.2658450704225353
0 0.7839198821400626 0.31422633020344287 0.041813380281690134 0.2799295774647888
0 0.9608574188184664 0.6921290862458703 0.043133802816901344 0.2458920187793428
0 0.9423766994327072 0.01895322552599548 0.050616197183098656 0.18779342723004694
0 0.9005645417644758 0.7173513302034429 0.05237676056338027 0.23239436619718307
0 0.8134172657472614 0.7179653538515041 0.05325704225352123 0.26173708920187805
0 0.6355948625782473 0.7097499347939488 0.04533450704225351 0.2623239436619719
0 0.2786611160015649 0.7366816640584246 0.0748239436619719 0.19366197183098585
0 0.3754881284233177 0.7278842809946096 0.06910211267605636 0.19953051643192485
0 0.04844850352112676 0.7149843505477308 0.04753521126760563 0.21126760563380279
0 0.15056026261737088 0.7208436576247609 0.046214788732394395 0.20129107981220656
0 0.7570743471244131 0.712090288645453 0.04621478873239432 0.2546948356807512
