0 0.11545780760954617 0.0007482394366197183 0.2029049295774648 0.1742957746478873
0 0.3192622750391236 0.0030945705094766124 0.23063380281690146 0.17312206572769953
0 0.5745467160602503 0.003107068335941575 0.23459507042253527 0.18661971830985916
0 0.8961988947574334 0.07998880629455747 0.10387323943661973 0.19072769953051644
0 0.1343817243740219 0.28780918535906796 0.19982394366197181 0.2705399061032864
0 0.33730010269953054 0.31658189880020865 0.21919014084507044 0.28873239436619713
0 0.5622102406103286 0.2860812250043471 0.21654929577464782 0.30575117370892013
0 0.8803373190532082 0.4966516692749088 0.08010563380281689 0.1866197183098591
0 0.9049830668035994 0.41261574074074076 0.07702464788732391 0.0616197183098592
0 0.9626140087050078 0.49664188836724055 0.03741197183098595 0.1760563380281689
0 0.906290651897496 0.7150229307946444 0.058538732394366216 0.25293427230046944
0 0.9648122677034429 0.779528016866632 0.03389084507042257 0.20011737089201884
0 0.5270289270344287 0.7378738480264301 0.2596830985915494 0.21361502347417857
0 0.0005180824530516432 0.6669079290558164 0.11223591549295775 0.26056338028169007
