0 0.49545154963991767 0.5381668190824569 0.11689814814814817 0.10905349794238688
0 0.3962555727023319 0.325709686023472 0.052469135802469126 0.09979423868312756
0 0.393937542866941 0.11173887364730986 0.047839506172839524 0.12242798353909466
0 0.24157048396776407 0.11479909693644264 0.08371913580246913 0.09413580246913578
0 0.34107938957476 0.3303321711629325 0.043209876543209805 0.09207818930041153
0 0.33259441443758575 0.12201074531321444 0.04706790123456798 0.10493827160493828
0 0.10381435399519891 0.53916990550221 0.048225308641975315 0.0812757201646091
0 0.45297335819615914 0.322633744855967 0.059413580246913573 0.1111111111111111
0 0.7222624099794239 0.3319011012040847 0.057870370370370315 0.11985596707818937
0 0.05867921596364883 0.2989754801097394 0.05362654320987654 0.11574074074074074
0 0.15860178755144033 0.5273486320682823 0.053240740740740734 0.09207818930041153
0 0.08143995413237312 0.09527987349489406 0.05131172839506173 0.12448559670781895
0 0.25236839849108367 0.32467230605090686 0.07716049382716048 0.09053497942386836
0 0.06136804483882031 0.5283683889650969 0.03665123456790123 0.08230452674897111
0 0.02279985425240055 0.09065167276329829 0.05401234567901234 0.1260288065843621
0 0.1497454775377229 0.10657388355433624 0.0779320987654321 0.09979423868312756
0 0.006586773405349794 0.5273467268709038 0.040509259259259266 0.0900205761316872
0 0.5147020211762688 0.32109720317024837 0.059799382716049364 0.11831275720164613
0 0.7955603245027436 0.348856881572931 0.05131172839506175 0.0987654320987654
0 0.581437542866941 0.3303469364426155 0.0478395061728396 0.10802469135802466
0 0.46647028249314126 0.1060766270385612 0.05054012345679008 0.1183127572016461
0 0.015074695644718791 0.29949178859929887 0.04089506172839506 0.11779835390946503
0 0.5224223572530864 0.10044438728852309 0.06597222222222222 0.14660493827160492
0 0.22885320216049385 0.4980405044962659 0.10416666666666667 0.10596707818930043
0 0.3465299211248285 0.5602928288370675 0.11419753086419758 0.1162551440329219
0 0.1292762452846365 0.3035908207590306 0.046682098765432126 0.10030864197530863
0 0.9417842828360767 0.5494860730071636 0.05825617283950619 0.11162551440329217
0 0.9217249657064471 0.34322130772748055 0.06172839506172841 0.12345679012345682
0 0.7280462319958848 0.0958161865569273 0.05324074074074064 0.14814814814814814
0 0.45648308899176954 0.7418381344307271 0.11342592592592587 0.07407407407407407
0 0.3581082818930041 0.8190152987349489 0.12037037037037039 0.09207818930041153
0 0.488881923010974 0.8472860463344003 0.10108024691358024 0.06893004115226338
0 0.12508171510631003 0.7511435947264137 0.11766975308641976 0.12397119341563788
0 0.6509015453532236 0.8262202789208963 0.07600308641975309 0.09567901234567894
0 0.665162840792181 0.7474899024538942 0.0567129629629631 0.06687242798353905
0 0.8515691979595336 0.7912603833257126 0.14853395061728397 0.11676954732510286
0 0.797527113340192 0.5397233653406494 0.10570987654320985 0.12345679012345671
0 0.676726733967764 0.3195582799878067 0.04205246913580254 0.12294238683127572
0 0.24814573688271607 0.7676087867703094 0.10763888888888892 0.1286008230452674
0 0.7882298096707818 0.10041914342325864 0.050925925925925875 0.11934156378600826
