0 0.30258728780864197 0.26659712696235327 0.1701388888888889 0.14711934156378603
0 0.49085728523662553 0.26247999542752626 0.16782407407407396 0.14506172839506173
0 0.6942295739026063 0.25940500685871054 0.24614197530864199 0.1574074074074074
0 0.2651068458504801 0.5149891403749428 0.08719135802469134 0.07716049382716053
0 0.25816722393689984 0.4527325293400396 0.09413580246913575 0.06224279835390947
0 0.3511434756515775 0.44972327008078034 0.09104938271604944 0.14557613168724284
0 0.4453084812242798 0.45435289971041 0.13310185185185192 0.14557613168724276
0 0.5826485339506173 0.4558370484682213 0.125 0.08179012345679011
0 0.5795696159122085 0.5494374904740131 0.13580246913580254 0.05915637860082296
0 0.7153300218621399 0.4815934118274653 0.0752314814814816 0.12088477366255153
0 0.8041227280521264 0.4785336648376772 0.1589506172839505 0.14969135802469144
0 0.1582484032064472 0.4954513412589544 0.09992283950617284 0.08744855967078191
0 0.06179242755486968 0.49082171162932475 0.09220679012345678 0.08744855967078191
0 0.07799184456447186 0.41827131915866483 0.08603395061728396 0.06635802469135804
0 0.1663392704046639 0.42393166057003506 0.08410493827160494 0.06841563786008238
0 0.1744692536865569 0.26552307194025304 0.12461419753086422 0.09825102880658439
0 0.024397719478737995 0.2804393385154702 0.13271604938271606 0.09670781893004117
0 0.09925223979766803 0.6755263107757964 0.14544753086419754 0.12397119341563788
0 0.10041580932784638 0.7979023776863282 0.15432098765432098 0.06790123456790127
0 0.26630363725994516 0.7994665447340344 0.1439043209876543 0.09053497942386825
0 0.2547351894718793 0.6935137555250724 0.15200617283950615 0.10596707818930043
0 0.4136780371227709 0.690427335771986 0.14081790123456794 0.10596707818930043
0 0.4206192665466392 0.8056379553421734 0.13618827160493827 0.08899176954732518
0 0.5645369834533608 0.6770680917543057 0.1554783950617285 0.1224279835390947
0 0.5633718064128944 0.8041033188538332 0.14429012345679015 0.09825102880658435
0 0.8334477344821674 0.7085086114921505 0.1647376543209876 0.18930041152263366
0 0.7916934585048011 0.7660122313671697 0.038580246913580314 0.07098765432098772
0 0.7550384730795611 0.7644704503886602 0.03317901234567905 0.0725308641975309
0 0.7234007951817558 0.7644761659807956 0.030478395061728256 0.0787037037037037
0 0.715358153292181 0.8339096555403139 0.11574074074074063 0.06687242798353905
0 0.12444112225651577 0.03818348955951837 0.30632716049382713 0.1270576131687243
0 0.43765753600823043 0.04900120027434842 0.22685185185185183 0.14351851851851855
0 0.6760676547496571 0.06855138317329676 0.20408950617283944 0.14660493827160495
0 0.8800987547153635 0.05364988187776254 0.1199845679012346 0.16409465020576133
0 0.00046698173868312757 0.05820568510897729 0.11689814814814815 0.08436213991769548
