0 0.8376318158436213 0.4225227671086725 0.07870370370370365 0.21347736625514407
0 0.7149535965363512 0.42660512879134277 0.08873456790123445 0.17798353909465017
0 0.578401223851166 0.41223755906111875 0.1199845679012346 0.21656378600823048
0 0.46573859739368995 0.3988749809480262 0.10802469135802469 0.22942386831275724
0 0.9367701903292182 0.4209781283340954 0.06018518518518508 0.21193415637860086
0 0.03828660836762689 0.11861949397957629 0.13271604938271606 0.33127572016460904
0 0.5463758680555556 0.15033340954122845 0.11458333333333341 0.13786008230452676
0 0.20495890132030178 0.12786494055784178 0.1408179012345679 0.31635802469135804
0 0.6682843578532236 0.15496399176954734 0.10725308641975302 0.1388888888888889
0 0.2354206854423868 0.5650696349641823 0.11689814814814814 0.27520576131687235
0 0.811035558127572 0.15033674363664076 0.11342592592592587 0.14146090534979422
0 0.005078660836762687 0.8915614045115073 0.09104938271604937 0.10853909465020571
0 0.0008227773491083677 0.5635207094955036 0.07368827160493827 0.2690329218106996
0 0.1196799447016461 0.5573578722755678 0.11689814814814814 0.279835390946502
0 0.9413982124485596 0.1549711362597165 0.057870370370370475 0.14660493827160492
0 0.35462962962962963 0.39107224508459076 0.1111111111111111 0.1358024691358025
0 0.11079630701303156 0.8930993750952599 0.10223765432098766 0.10288065843621408
0 0.22652418767146779 0.9069792142966011 0.08371913580246909 0.09310699588477366
0 0.3716081532921811 0.6982805593659503 0.1157407407407408 0.2541152263374485
0 0.5000685871056241 0.6967430650815425 0.0987654320987654 0.2602880658436213
0 0.6123566636659808 0.7224446540161561 0.12692901234567897 0.24022633744855978
0 0.8006269290123457 0.7147343202255753 0.125 0.2463991769547326
0 0.9367723336762689 0.7147214601432709 0.06327160493827158 0.2325102880658436
0 0.36624791023662545 0.10665104404816339 0.17476851851851857 0.1831275720164609
