0 0.47855413732394375 0.6205138236828378 0.17429577464788729 0.2253521126760563
0 0.6656164417057903 0.6316640584246218 0.17781690140845074 0.2253521126760564
0 0.26245415199530514 0.6545062815162581 0.1875 0.17664319248826288
0 0.5647318808685445 0.19922404799165364 0.04489436619718319 0.30281690140845074
0 0.6290000855829421 0.20040753781950965 0.055897887323943726 0.31338028169014087
0 0.49959745451877935 0.19628705877238742 0.05413732394366188 0.29988262910798114
0 0.9300662045187794 0.19923274213180317 0.06998239436619716 0.31220657276995295
0 0.4221396958137715 0.22618240306033735 0.06426056338028169 0.2629107981220657
0 0.8363082575312989 0.17049208833246393 0.058538732394366216 0.3286384976525821
0 0.701621491099374 0.1921801643192488 0.05325704225352108 0.301056338028169
0 0.34774764035602507 0.2508129021039819 0.052376760563380226 0.2441314553990611
0 0.26148920432316125 0.25315597287428276 0.06558098591549294 0.23943661971830976
0 0.03348554870892019 0.203308663710659 0.050176056338028165 0.2775821596244132
0 0.8816378741197184 0.6052561511041558 0.051496478873239465 0.22593896713615028
0 0.19326278853677623 0.25371837506520606 0.058978873239436624 0.2130281690140845
0 0.054606196205007826 0.5794492262215266 0.04137323943661972 0.2417840375586855
0 0.0061968163145539904 0.5870658363762824 0.05017605633802818 0.22828638497652576
0 0.0836582428599374 0.2361323030777256 0.045334507042253544 0.2341549295774648
0 0.09994162020735524 0.609925991131977 0.042693661971831 0.198943661971831
0 0.2077736820226917 0.5816732959485306 0.0391725352112676 0.1085680751173709
0 0.7654440532081376 0.17869718309859156 0.056338028169014204 0.31690140845070425
0 0.9384166544405321 0.608786515388628 0.05237676056338027 0.2359154929577465
0 0.8464281347809077 0.014756129368805425 0.05369718309859148 0.09154929577464789
0 0.28616398914319247 0.008278451573639368 0.10431338028169017 0.06748826291079811
0 0.16336988947574332 0.004763845418188141 0.11179577464788729 0.07453051643192489
