0 0.627830825617284 0.5108948712086573 0.1875 0.09979423868312752
0 0.6698484653635117 0.1924820911446426 0.13734567901234562 0.102880658436214
0 0.37814027134773665 0.37729099984758424 0.07754629629629627 0.25205761316872427
0 0.3291211205418381 0.4050325788751715 0.04552469135802472 0.2129629629629629
0 0.3349389681927298 0.029034731748209114 0.08989197530864203 0.24639917695473254
0 0.0012353716563786009 0.18805298353909466 0.11226851851851853 0.3194444444444445
0 0.08419763803155007 0.6129439109891784 0.13348765432098764 0.31275720164609055
0 0.48503890174897124 0.7188257315957934 0.12268518518518508 0.22067901234567894
0 0.3203036586934156 0.7100689681450999 0.12615740740740747 0.2078189300411523
0 0.5181996956447188 0.02030273586343545 0.09645061728395063 0.26028806584362135
0 0.4510480967078189 0.036754115226337446 0.06481481481481484 0.25
