0 0.6008500220070422 0.27432729090592944 0.08318661971830986 0.2875586854460093
0 0.4881892483372457 0.2883911493653278 0.10519366197183101 0.2652582159624413
0 0.27912356954225354 0.22038069466179797 0.10695422535211267 0.33509389671361495
0 0.16953614045383414 0.6445976786645802 0.11795774647887326 0.25
0 0.6994461561032863 0.28370609459224483 0.08978873239436622 0.2758215962441315
0 0.1703996112089202 0.23737339158407236 0.09374999999999999 0.306924882629108
0 0.38871222124413146 0.23972298295948533 0.09771126760563378 0.30927230046948356
0 0.795398082942097 0.2860551425838984 0.09154929577464783 0.2775821596244132
0 0.49128032081377154 0.6569243392453485 0.11971830985915494 0.25293427230046955
0 0.06080362382629108 0.22915905929403582 0.09242957746478872 0.30868544600938963
0 0.3271117590962441 0.6622125499913059 0.12544014084507044 0.2599765258215962
0 0.7632571033841942 0.6557750825943314 0.07614436619718311 0.27934272300469487
0 0.6629150772691705 0.6446281081551035 0.09066901408450702 0.2828638497652581
0 0.061675041568857586 0.6586647974265346 0.07966549295774647 0.2312206572769952
0 3.606709702660407e-05 0.20864958268127282 0.05193661971830986 0.34154929577464793
