0 0.14576884047339592 0.023263888888888893 0.11839788732394367 0.4066901408450704
0 0.5022581670579029 0.5995288862806467 0.08274647887323938 0.37852112676056343
0 0.4072002763106417 0.5901685576421493 0.10079225352112675 0.41021126760563376
0 0.4771612749413145 0.08014312728221179 0.06998239436619731 0.3573943661971831
0 0.776894133900626 0.24197693879325333 0.06558098591549298 0.2083333333333333
0 0.544501295970266 0.15283863675882456 0.06778169014084515 0.27699530516431925
0 0.2681368593505477 0.020934402712571725 0.1311619718309859 0.42605633802816895
0 0.7451899330007825 0.6076709485306904 0.04533450704225351 0.2987089201877933
0 0.7905281078834115 0.6123418753260302 0.0506161971830985 0.272887323943662
0 0.026488531885758997 0.013876934446183273 0.11531690140845072 0.4096244131455399
0 0.004019953051643192 0.6317955572943836 0.08450704225352113 0.36737089201877937
0 0.6936922315140844 0.17688825856372803 0.04357394366197182 0.2646713615023474
0 0.8944050151604069 0.23085224308815858 0.05589788732394364 0.2359154929577465
0 0.3878291886737089 0.04028049469657451 0.09375 0.40434272300469487
0 0.6184452635954616 0.20445955051295428 0.06822183098591547 0.25293427230046944
0 0.8340989950117371 0.600613480264302 0.04621478873239448 0.2822769953051642
0 0.9674528071205007 0.5724422926447574 0.03345070422535201 0.27992957746478875
0 0.8851553330399061 0.5530951138932361 0.04621478873239432 0.3004694835680751
0 0.9274024354460094 0.5671665797252652 0.03697183098591555 0.2863849765258216
0 0.7394598493740219 0.18333876717092681 0.03345070422535217 0.2593896713615023
0 0.9524962710289515 0.22496196313684574 0.04533450704225351 0.21244131455399062
0 0.8464214104068859 0.2455013258563728 0.044014084507042146 0.21185446009389672
0 0.21705056729264477 0.6048219874804381 0.08802816901408449 0.39084507042253525
0 0.30420517899061034 0.5901696444096679 0.09771126760563374 0.4113849765258215
0 0.08635349422926447 0.57258139888715 0.12367957746478875 0.4301643192488262
0 0.6474847784624412 0.6018317466527561 0.05413732394366204 0.33039906103286387
0 0.6972185543818465 0.6194123848026429 0.05105633802816898 0.30340375586854457
0 0.5907099716353678 0.6089000825943314 0.058978873239436624 0.3585680751173709
