0 0.259723561814129 0.7681903482700808 0.11304012345679008 0.20113168724279842
0 0.31371929655349795 0.4230224051211705 0.08912037037037039 0.1975308641975309
0 0.2180365333504801 0.42354300030483155 0.08371913580246916 0.20421810699588477
0 0.3966925475823045 0.7527887326627037 0.12615740740740747 0.23405349794238678
0 0.5347814321844993 0.4261526444139613 0.08526234567901238 0.24485596707818932
0 0.6424230002572017 0.45236149215058685 0.08912037037037039 0.21707818930041153
0 0.28285402734910836 0.028044981710105166 0.0875771604938271 0.28858024691358025
0 0.13895988725994513 0.7342692615454961 0.10223765432098766 0.23302469135802475
0 0.6451139724794239 0.7398862597165066 0.07523148148148143 0.18827160493827164
0 0.5579373499657064 0.7522652796829752 0.09645061728395071 0.22427983539094634
0 0.46225565843621397 0.0804398148148148 0.09259259259259255 0.20833333333333337
0 0.17097050754458162 0.021874047401310777 0.08641975308641975 0.2906378600823046
0 0.579558363340192 0.047578494131992076 0.11959876543209881 0.2736625514403292
0 0.41249062285665294 0.4348936899862826 0.09760802469135801 0.24074074074074073
0 0.1497248478223594 0.44001295534217344 0.048225308641975315 0.21399176954732507
0 0.7488878707990398 0.5052902568206066 0.06520061728395063 0.15792181069958847
0 0.8526917759773662 0.56037570492303 0.09837962962962953 0.20576131687242794
0 0.7061069315843621 0.053231691053193114 0.12731481481481485 0.2680041152263374
0 0.8966448581104252 0.032547915714067975 0.0574845679012346 0.15174897119341563
0 0.9213212127057613 0.8370184613625972 0.035879629629629525 0.09104938271604941
0 0.8584415723593964 0.8303459838439263 0.044753086419753015 0.10699588477366244
0 0.7288416816700959 0.7363011545496113 0.08757716049382715 0.20524691358024688
0 0.9664566186556929 0.8416466620941929 0.030864197530864126 0.08950617283950614
0 0.9595191400891632 0.5634487882944672 0.040895061728395236 0.1913580246913581
0 0.8769769697359396 0.2768642356348117 0.06905864197530857 0.12448559670781895
