0 0.0005339764280125197 0.529656798817597 0.13512323943661972 0.33920187793427226
0 0.18326608959311422 0.12646930968527212 0.2411971830985915 0.3192488262910798
0 0.43108769806338026 0.16574943488089028 0.2733274647887324 0.27699530516431925
0 0.7268574554968701 0.1686853373326378 0.2662852112676057 0.278755868544601
0 0.0010004034624413146 0.15284896105025214 0.17297535211267606 0.2881455399061033
0 0.13830784184272302 0.5319618327247435 0.14920774647887328 0.2934272300469484
0 0.2853616490610329 0.5384384237523909 0.21654929577464796 0.31631455399061037
0 0.5353585925273865 0.5431245652929926 0.21214788732394366 0.306924882629108
0 0.7544961609937401 0.5414188836724049 0.1364436619718311 0.3661971830985915
0 0.9084922730829422 0.5754374239262736 0.05985915492957743 0.34565727699530524
0 0.7290379866001564 0.012993935837245696 0.2372359154929577 0.08978873239436619
0 0.7532417595852896 0.09162536950095637 0.2315140845070423 0.08215962441314556
