0 0.9177477626173709 0.3047127673448096 0.07790492957746488 0.1461267605633803
0 0.44151047779733954 0.5588033602851677 0.07086267605633813 0.1273474178403756
0 0.7390328516236306 0.7665601634498348 0.05237676056338043 0.13849765258215965
0 0.5277692194835681 0.7559761345852896 0.05809859154929574 0.11619718309859153
0 0.237268926056338 0.5611442575204312 0.04753521126760564 0.12030516431924894
0 0.8354291984546167 0.3205616414536603 0.06029929577464783 0.15023474178403756
0 0.598179834213615 0.2976389975656408 0.04093309859154925 0.11208920187793422
0 0.550642483372457 0.29235839419231435 0.0378521126760562 0.11326291079812208
0 0.8442335436228482 0.5746429968701096 0.0625 0.12147887323943668
0 0.7729261419209703 0.5752146365849418 0.05589788732394364 0.10504694835680747
0 0.1941326780125196 0.3469293383759346 0.04401408450704222 0.10622065727699531
0 0.3675518388106417 0.08580844635715527 0.04929577464788729 0.13791079812206575
0 0.4947497921557121 0.2911814249695705 0.04533450704225359 0.1097417840375587
0 0.6263571009389672 0.08934587463049903 0.05281690140845075 0.15551643192488265
0 0.3785547486306729 0.5599776125891149 0.04841549295774649 0.12793427230046955
0 0.10830704714397496 0.5699329464440969 0.04665492957746478 0.10504694835680747
0 0.6342848322574335 0.5634987393496783 0.06029929577464791 0.12793427230046944
0 0.10038176105242566 0.10808555033907148 0.04269366197183098 0.11267605633802814
0 0.29713633362676056 0.5752075725960701 0.059419014084507026 0.09741784037558684
0 0.4956334360328638 0.08932794296644062 0.050176056338028255 0.13615023474178406
0 0.03964843750000001 0.11044003216831855 0.05149647887323943 0.12030516431924883
0 0.3631479851330204 0.30878923230742483 0.045774647887323994 0.11208920187793422
0 0.2460806069053208 0.10868761954442706 0.06029929577464787 0.12910798122065725
0 0.18445691510172144 0.12158483307250913 0.0545774647887324 0.11443661971830985
0 0.30769054430751175 0.09167373065553817 0.04621478873239432 0.13438967136150234
0 0.4348906372261346 0.08932685619892193 0.04533450704225359 0.13497652582159625
0 0.6417562231025038 0.32115610328638494 0.04445422535211271 0.15845070422535212
0 0.03613158988654147 0.5793074030603373 0.05765845070422536 0.08861502347417848
0 0.8297006430946792 0.08289482263954095 0.050616197183098656 0.1602112676056338
0 0.42432114387715175 0.3029543774995653 0.03653169014084507 0.1484741784037559
0 0.2958042962636933 0.33638117283950614 0.04269366197183098 0.12265258215962446
0 0.14527765551643193 0.34046850547730834 0.04489436619718309 0.1003521126760563
0 0.16948631895539906 0.5599721787515215 0.04621478873239434 0.12206572769953054
0 0.9058376736111111 0.07169459659189707 0.04005281690140837 0.10622065727699531
0 0.5713379670383413 0.08699030603373327 0.0506161971830985 0.1467136150234742
0 0.24870586365414707 0.35690369066249344 0.03785211267605636 0.10387323943661973
0 0.4674586145344288 0.7459697226569292 0.041813380281690134 0.0839201877934273
0 0.7029333553403755 0.2964381194574856 0.04093309859154933 0.08274647887323941
0 0.1496729508998435 0.1127798426360633 0.03609154929577464 0.11208920187793425
0 0.00046581572769953053 0.10692488262910799 0.03697183098591549 0.12676056338028172
0 0.7262620427425664 0.04702388715006085 0.042693661971830936 0.08157276995305164
0 0.9194915150625979 0.5494343375065206 0.05369718309859148 0.1496478873239436
0 0.9573344581377152 0.09282135715527735 0.04049295774647877 0.1062206572769953
0 0.7289031934663538 0.5851857285689446 0.043133802816901344 0.09917840375586856
0 0.8741542571400626 0.7665476656233698 0.049735915492957694 0.125
0 0.8068127078442878 0.768897256998783 0.049735915492957854 0.12734741784037548
0 0.261923232100939 0.7512921665797252 0.05677816901408453 0.12793427230046955
0 0.6135954616588418 0.7665634237523908 0.05633802816901413 0.14201877934272308
0 0.33014598004694834 0.7595113893235959 0.058098591549295815 0.13145539906103287
0 0.17522618348982785 0.784729829594853 0.07218309859154931 0.11384976525821594
0 0.4054051741001565 0.7589071465832029 0.051056338028169064 0.1126760563380282
0 0.016772728384194052 0.7777076812728222 0.06822183098591549 0.13556338028169007
0 0.9287344728090766 0.7765062597809077 0.05369718309859163 0.10563380281690134
0 0.7808462319053209 0.03647463484611372 0.05237676056338027 0.09683098591549295
0 0.7183483714788732 0.0006140236480612068 0.05545774647887324 0.029342723004694836
0 0.780850205399061 0.0006238045557294384 0.058098591549295815 0.03990610328638498
0 0.7808443979851329 0.1379868718483742 0.049735915492957694 0.08215962441314557
0 0.718345314945227 0.13329475308641975 0.051056338028169064 0.08509389671361502
0 0.7240622554773084 0.22601612762997741 0.044014084507042146 0.0833333333333333
0 0.7843591060250391 0.22014051904016696 0.04049295774647892 0.07570422535211263
0 0.7610405051838812 0.30932989914797426 0.05325704225352108 0.06220657276995307
0 0.7011706523865415 0.37623782820379065 0.0378521126760562 0.06924882629107983
0 0.7517960191705791 0.38210800295600766 0.051056338028168904 0.07100938967136149
0 0.7425506161971831 0.4607323726308468 0.04753521126760568 0.05575117370892018
0 0.6928122554773084 0.4437364154060163 0.044014084507042146 0.08039906103286378
0 0.0013445691510172145 0.3187679316640585 0.03477112676056338 0.11443661971830982
0 0.5145640771713615 0.5335637280472962 0.05677816901408453 0.12206572769953043
