0 0.7258344336854461 0.25490784211441486 0.06073943661971839 0.23004694835680747
0 0.8724013350938967 0.30886041557989913 0.06073943661971839 0.18896713615023472
0 0.7030015160406885 0.04297296122413493 0.1390845070422535 0.14319248826291078
0 0.5973738262910798 0.6656097852547384 0.14788732394366202 0.12617370892018773
0 0.6694902924491392 0.2754238393322901 0.05193661971830994 0.20422535211267603
0 0.10130636248043817 0.5969673752390888 0.10651408450704225 0.147300469483568
0 0.7787069640062597 0.7025511867501305 0.14084507042253527 0.09330985915492955
0 0.3984200777582159 0.60929186228482 0.13336267605633803 0.147887323943662
0 0.37066736355633795 0.4425741175447748 0.09903169014084515 0.09272300469483567
0 0.40808239192097023 0.3123011215440793 0.10343309859154932 0.10211267605633802
0 0.2680910113458529 0.4273120978960181 0.06514084507042253 0.08861502347417842
0 0.23865170187793422 0.08694955225178232 0.1373239436619719 0.1026995305164319
0 0.40544399207746473 0.07521354981742306 0.10695422535211278 0.1038732394366197
0 0.14661855682707356 0.10336789254042775 0.07438380281690142 0.08802816901408451
0 0.2681267727895149 0.5934429881759694 0.116637323943662 0.14377934272300458
0 0.25223524305555556 0.2929224265345157 0.049735915492957736 0.08861502347417842
0 0.1312188233568075 0.3046453877586507 0.08186619718309858 0.07335680751173712
0 0.0880944957942097 0.409701573639367 0.09551056338028169 0.08333333333333338
0 0.3165083382237872 0.30817955572943834 0.06778169014084502 0.08744131455399064
0 0.061226036776212835 0.10805566423230743 0.06690140845070425 0.08039906103286383
0 0.2073414881651017 0.4120473613284646 0.050616197183098656 0.08157276995305161
0 0.9436989558881065 0.31590321248478526 0.05325704225352108 0.1895539906103287
0 0.23777233714788734 0.8094249913058599 0.13864436619718312 0.16490610328638486
0 0.5687726183489827 0.8487279386193705 0.15933098591549305 0.14730046948356812
0 0.7734179381846636 0.8152837549991305 0.13028169014084498 0.15434272300469476
0 0.13474331230438186 0.8029511171970092 0.08670774647887325 0.14495305164319253
0 0.4182102161580595 0.8023610024343593 0.1100352112676056 0.1414319248826291
0 0.9353411702856025 0.8551637758650669 0.06029929577464799 0.12617370892018784
0 0.12551074677230048 0.0047741697096157195 0.1016725352112676 0.08568075117370892
0 0.22982718358763693 0.001832290036515389 0.10607394366197179 0.07746478873239437
0 0.04099239534428795 0.003015236480612067 0.085387323943662 0.08744131455399061
0 0.586762764084507 0.003077182229177534 0.079225352112676 0.15434272300469484
