0 0.30683288096635364 0.6815206051121544 0.07878521126760564 0.19718309859154917
0 0.08104918573943663 0.3792840375586854 0.09110915492957747 0.19014084507042248
0 0.40367211952269166 0.7149517475221701 0.0906690140845071 0.176056338028169
0 0.2267131871087637 0.6486806642323074 0.058538732394366216 0.22300469483568083
0 0.12945214690923318 0.6416297165710311 0.07306338028169014 0.21361502347417838
0 0.7553183685446011 0.32475004347070074 0.05281690140845067 0.23708920187793422
0 0.6355997530320814 0.33235850286906626 0.05237676056338027 0.21478873239436616
0 0.6901772178208136 0.3288585680751174 0.05237676056338035 0.2376760563380282
0 0.33151225058685446 0.3728416797078769 0.12411971830985911 0.20422535211267603
0 0.051982162069640056 0.6422084202747348 0.06558098591549297 0.20481220657277
0 0.8398214373043819 0.6973635019996522 0.04709507042253512 0.1948356807511737
0 0.6166736966940533 0.6856323900191271 0.05237676056338019 0.20129107981220656
0 0.17608843163145538 0.004880129542688229 0.046214788732394374 0.20011737089201875
0 0.4776350376564945 0.3570085637280473 0.11839788732394364 0.2171361502347418
0 0.09906378374413147 0.004884476612762998 0.04621478873239436 0.20481220657276997
0 0.6734485035211267 0.680366458007303 0.04753521126760568 0.21830985915492965
0 0.9009985695422535 0.6791927490871152 0.043573943661971905 0.21830985915492965
0 0.7280204665492959 0.7126173708920188 0.03961267605633796 0.19014084507042253
0 0.018087954812206576 0.000771604938271605 0.06073943661971832 0.19953051643192488
0 0.8151772178208139 0.3083490914623544 0.05237676056338027 0.2705399061032864
0 0.5598964446400626 0.007208528951486698 0.05369718309859148 0.1795774647887324
0 0.487281457844288 0.011913145539906102 0.06558098591549298 0.19014084507042256
0 0.7548825068466354 0.007811684924360981 0.058978873239436624 0.19718309859154928
0 0.4208146884780908 0.004875782472613459 0.057658450704225414 0.19542253521126762
0 0.2649941314553991 0.0007411754477482177 0.042253521126760576 0.16666666666666666
0 0.6884194053208138 0.004882303077725613 0.05633802816901397 0.20246478873239437
0 0.6267993813575901 0.00780190401669275 0.05589788732394357 0.18661971830985916
0 0.35435800567292647 0.008382781255433838 0.06426056338028169 0.18016431924882628
0 0.9392981587441316 0.3417791471048513 0.05413732394366188 0.24823943661971834
0 0.8737144219483568 0.3470450791166753 0.050176056338028095 0.23122065727699537
0 0.9476571669600938 0.6780288210745958 0.04885563380281689 0.22887323943661964
0 0.9340250268974961 0.01661776212832551 0.06646126760563394 0.20070422535211266
0 0.8803156176643193 0.0125070639888715 0.04885563380281689 0.1977699530516432
0 0.8156228604264476 0.0019540079986089375 0.06029929577464783 0.20892018779342722
0 0.7720431093505478 0.7343103373326377 0.051936619718309866 0.16784037558685452
0 0.5150286702856026 0.7419155364284473 0.09198943661971823 0.14201877934272297
0 0.18495329616588418 0.400393953225526 0.13556338028169018 0.17194835680751172
0 0.010162363067292646 0.3628602634324466 0.05633802816901408 0.1989436619718309
