0 0.39241281935871053 0.08353528425544886 0.07445987654320992 0.21810699588477364
0 0.6262099194101509 0.730591754305746 0.0756172839506173 0.1502057613168725
0 0.24540787894375857 0.3987535246151501 0.0540123456790123 0.09825102880658435
0 0.6520385909636488 0.37520576131687244 0.04668209876543214 0.2222222222222222
0 0.7048954046639233 0.37005696540161565 0.049382716049382616 0.21707818930041153
0 0.04172400120027435 0.09690976985215667 0.08256172839506172 0.21810699588477364
0 0.6883002722050755 0.11334019204389574 0.04128086419753095 0.18518518518518512
0 0.604579260973937 0.37777777777777777 0.03858024691358016 0.22222222222222218
0 0.13507989326131686 0.08970097927145251 0.07060185185185185 0.21039094650205759
0 0.6443139681927298 0.11643089849108368 0.034336419753086427 0.18981481481481483
0 0.6034218535665296 0.10973270080780369 0.03858024691358016 0.1779835390946502
0 0.8349100330075446 0.37314862444749275 0.0482253086419754 0.22273662551440324
0 0.7889957883230453 0.3638965096784027 0.042824074074074125 0.23045267489711926
0 0.4008854702503429 0.39166619036732203 0.052854938271605 0.2217078189300411
0 0.527807516718107 0.07374780902301478 0.04282407407407405 0.20318930041152258
0 0.22959935485253774 0.08868693796677336 0.06751543209876544 0.2263374485596708
0 0.3005891525205761 0.09022443225118122 0.0706018518518519 0.22016460905349794
0 0.46530456961591227 0.3643980528882792 0.03858024691358024 0.21656378600823042
0 0.5000340256344308 0.38445739978661786 0.0489969135802469 0.21399176954732507
0 0.5528833376200274 0.37829599146471576 0.04089506172839508 0.2263374485596707
0 0.5748633616255144 0.06757782731290961 0.025462962962962937 0.20627572016460904
0 0.16130856695816187 0.4271028616064625 0.06211419753086417 0.15997942386831276
0 0.0008136681241426612 0.12875704923030026 0.06057098765432099 0.16872427983539098
0 0.4780459640775034 0.07477804450541076 0.052854938271605 0.20473251028806588
0 0.0008203660836762688 0.41117207742722145 0.07021604938271604 0.17695473251028798
0 0.33685297710905354 0.43431784407864654 0.06828703703703702 0.17438271604938266
0 0.28090063443072705 0.48878076893766204 0.052469135802469126 0.10545267489711926
0 0.08222254372427984 0.41477099527511047 0.06712962962962962 0.17489711934156377
0 0.22496543852880663 0.5026744208199969 0.06134259259259258 0.11059670781893005
0 0.9120705268347052 0.3571949778997104 0.04822530864197524 0.2150205761316872
0 0.8449593835733882 0.06555212620027434 0.07484567901234555 0.24074074074074073
0 0.7357499571330589 0.11540161560737693 0.03549382716049397 0.18930041152263374
0 0.7534960669581618 0.3577060470964792 0.03433641975308635 0.21141975308641978
0 0.774331543638546 0.07531531016613321 0.03742283950617286 0.2294238683127572
0 0.9618320794753086 0.06604843011736015 0.03819444444444445 0.22119341563786007
0 0.8869759516460904 0.3504991617131535 0.023148148148148095 0.205761316872428
0 0.4946421682098765 0.6946030521262003 0.06250000000000008 0.1712962962962963
0 0.22149777091906722 0.7321540161560738 0.06790123456790123 0.17078189300411523
0 0.7600707840363511 0.6576060242341106 0.0574845679012346 0.21450617283950613
0 0.10459587191358026 0.7378043552812071 0.06249999999999998 0.16203703703703703
0 0.42365799682784633 0.7059189719554946 0.0675154320987654 0.17026748971193417
0 0.3546006944444444 0.713122523243408 0.06944444444444445 0.17232510288065853
0 0.16477516289437585 0.728552240512117 0.05401234567901234 0.16975308641975312
0 0.2882373113854595 0.7347179355281208 0.061728395061728454 0.16203703703703703
0 0.810993494941701 0.6488554526748972 0.05285493827160492 0.20833333333333334
0 0.060989208247599444 0.7264912932479805 0.046682098765432105 0.1661522633744856
0 0.0212491426611797 0.6889446159122086 0.043209876543209874 0.1712962962962963
0 0.5490202224794238 0.6750590611187319 0.03356481481481484 0.1748971193415637
0 0.7149217142489713 0.6457680803231216 0.042824074074073966 0.20730452674897112
0 0.9325132351680384 0.6498618731900625 0.04128086419753079 0.18415637860082307
0 0.8823613254458161 0.655521738302088 0.044753086419753174 0.18569958847736626
