0 0.21845100308641976 0.2938366864807194 0.125 0.12139917695473254
0 0.31027520576131684 0.07830932784636488 0.12962962962962968 0.12962962962962962
0 0.5953805512688615 0.06853899939033684 0.1257716049382715 0.1332304526748971
0 0.9232654963991769 0.1005158321902149 0.057870370370370475 0.22376543209876545
0 0.4938737782921811 0.4785327122389879 0.06712962962962961 0.1486625514403293
0 0.5718015903635116 0.47544343468983385 0.060956790123456825 0.14557613168724276
0 0.35694149734224967 0.266593792866941 0.1068672839506173 0.14351851851851852
0 0.4726875964506173 0.27892708809632677 0.11458333333333333 0.13014403292181068
0 0.6431726358882031 0.47543914799573245 0.0574845679012346 0.1409465020576131
0 0.4251950445816186 0.47853080704160944 0.058641975308641986 0.14660493827160498
0 0.4371474194101509 0.68426449855205 0.047839506172839524 0.11676954732510296
0 0.3673201195987655 0.48778196921201034 0.052083333333333336 0.13786008230452676
0 0.383131590792181 0.6780945168419449 0.042824074074074125 0.11985596707818921
0 0.31060635288065847 0.49702884468830966 0.050925925925925916 0.12448559670781895
0 0.5988442001028806 0.2722560394756897 0.11342592592592603 0.14763374485596703
0 0.44993703918038414 0.07624933318091756 0.13155864197530856 0.1270576131687243
0 0.024347350823045268 0.49753229309556474 0.06018518518518519 0.11265432098765428
0 0.05905430169753086 0.6513760288065844 0.03819444444444445 0.1527777777777778
0 0.05868832518861454 0.11994551135497636 0.06674382716049385 0.09670781893004117
0 0.7257817858367628 0.06391460905349794 0.12577160493827158 0.1388888888888889
0 0.7280936535493828 0.2748213877457705 0.12152777777777778 0.1404320987654321
0 0.9525808577674897 0.5984453589391862 0.04976851851851857 0.20987654320987661
0 0.7029763052983539 0.46978737997256514 0.06365740740740745 0.14814814814814808
0 0.7766613618827161 0.4754496265813139 0.059027777777777776 0.15226337448559663
0 0.8927782600308642 0.4183203779911599 0.04513888888888873 0.1193415637860082
0 0.6860034079218107 0.682722241274196 0.06712962962962976 0.11779835390946508
0 0.32642800497256513 0.6770738073464411 0.05632716049382714 0.12860082304526751
0 0.4498992626886146 0.8720102690138698 0.07716049382716039 0.10442386831275714
0 0.562157600308642 0.6770776177411979 0.0625 0.13271604938271608
0 0.5926456404320988 0.8781869189147996 0.07638888888888896 0.10853909465020561
0 0.4969543038408779 0.675541552354824 0.058641975308641986 0.14043209876543217
0 0.33260539909122083 0.8596650663008688 0.06288580246913583 0.1049382716049381
0 0.6810126243141289 0.880184042066758 0.10262345679012341 0.043209876543209944
0 0.0011847350823045266 0.6611254000914495 0.03935185185185185 0.12654320987654316
0 0.6848585926783264 0.9300978318853834 0.08526234567901238 0.06121399176954741
0 0.04440238125857339 0.8401163122999542 0.05054012345679014 0.10339506172839513
0 0.8368360982510288 0.8828184537418077 0.04398148148148159 0.11059670781893005
0 0.9479450660150892 0.8766560928212163 0.04089506172839508 0.12191358024691354
0 0.7639349708504801 0.6827365302545343 0.0663580246913581 0.13323045267489725
0 0.8947059327846364 0.8828194063404969 0.04320987654320984 0.11162551440329217
0 0.001577235510973937 0.14102366255144033 0.048996913580246916 0.08333333333333333
0 0.21957063400205762 0.09423963572626125 0.07060185185185183 0.11213991769547324
0 0.020093878600823043 0.3108100899253162 0.0462962962962963 0.11934156378600826
0 0.07100962362825788 0.3154325750647767 0.031635802469135804 0.11162551440329223
0 0.8561390817901235 0.1005201188843164 0.0625 0.22839506172839508
0 0.0038818694272976678 0.8509083028501753 0.034336419753086427 0.09207818930041142
0 0.21841161908436213 0.5196411560737693 0.06828703703703706 0.10133744855967068
0 0.8460867841220849 0.4666418991007468 0.031635802469135874 0.08436213991769545
0 0.9514119298696845 0.41832180688919374 0.03317901234567905 0.12088477366255138
0 0.22187339248971197 0.6796277244322511 0.053240740740740713 0.10905349794238688
0 0.240014949845679 0.8596617322054565 0.06597222222222222 0.10133744855967079
0 0.40589098936899864 0.8658431450998323 0.03858024691358024 0.11059670781892995
0 0.5440114883401921 0.875099546563024 0.04320987654320984 0.1075102880658436
