0 0.8384007415980794 0.7388650739216583 0.07484567901234572 0.1965020576131687
0 0.4306000300068587 0.07378162627648224 0.06404320987654318 0.23971193415637856
0 0.4020420739026063 0.7588291609510746 0.05169753086419754 0.09104938271604932
0 0.2759071716392318 0.05682346441091297 0.084104938271605 0.25823045267489714
0 0.20761879501028807 0.3710981557689377 0.08217592592592587 0.23045267489711932
0 0.3789129479595336 0.3767732624599909 0.07908950617283952 0.24845679012345678
0 0.20760968578532235 0.08355004953513184 0.06905864197530862 0.23405349794238683
0 0.12505599494170097 0.3767432556012803 0.0806327160493827 0.21604938271604937
0 0.29480800968792864 0.36184889879591525 0.07908950617283957 0.2412551440329218
0 0.04904513888888889 0.37519480643194636 0.06944444444444443 0.21039094650205756
0 0.37118537808641977 0.056822035512879135 0.0625 0.2566872427983539
0 0.4568270961934156 0.3885654816338973 0.0532407407407408 0.2062757201646091
0 0.5872149348422496 0.45796705913732666 0.033950617283950636 0.1599794238683127
0 0.5359541109396434 0.22590687395214146 0.10725308641975302 0.0905349794238683
0 0.13160713520233197 0.03831923487273282 0.06983024691358024 0.2736625514403292
0 0.5586663558813443 0.46002038561194936 0.035108024691358014 0.15534979423868317
0 0.625409379286694 0.44819673068129856 0.033950617283950636 0.16358024691358025
0 0.5475064836248286 0.7280916590458771 0.07600308641975302 0.22788065843621397
0 0.35766594864540463 0.6997018366102727 0.038966049382716035 0.1224279835390946
0 0.514688893175583 0.3905911827465326 0.04089506172839508 0.1718106995884773
0 0.8306747792352537 0.4194034827008078 0.06057098765432095 0.1779835390946502
0 0.7612327460562414 0.4219864540466393 0.06404320987654333 0.18981481481481477
0 0.6636464227537722 0.2161460714830056 0.09529320987654333 0.1044238683127572
0 0.9028171617798354 0.4070730452674897 0.05671296296296286 0.19444444444444445
0 0.7018105924211249 0.40761031092821215 0.05169753086419746 0.21913580246913578
0 0.6616745434670781 0.4112116102728242 0.03356481481481492 0.21965020576131689
0 0.7623901534636488 0.19610291876238378 0.06404320987654318 0.12448559670781889
0 0.00045412165637860087 0.04653396966925774 0.09837962962962964 0.2566872427983539
0 0.0560008359053498 0.2510864388050602 0.08564814814814814 0.06224279835390942
0 0.15706607938957476 0.7059775567748818 0.06404320987654323 0.2335390946502058
0 0.4541369277263375 0.7039118465172992 0.06828703703703706 0.2247942386831275
0 0.6281215170610426 0.7619975041914343 0.05054012345679016 0.17952674897119333
0 0.04210256987311385 0.6843792866941014 0.07214506172839505 0.24074074074074084
0 0.8958775398662552 0.16372456561499774 0.0636574074074073 0.15586419753086417
0 0.29556139617626886 0.7090468297515622 0.05285493827160496 0.2150205761316872
0 0.7126109182098765 0.7486249237921049 0.04861111111111111 0.18158436213991766
0 0.7623947080761317 0.863224451303155 0.07060185185185175 0.06018518518518529
0 0.9232762131344306 0.682838934613626 0.07330246913580254 0.2438271604938273
0 0.4020383230452675 0.6924454160951075 0.04629629629629627 0.06327160493827154
0 0.7677951388888888 0.7660379515317786 0.06944444444444445 0.0987654320987655
