0 0.36538414137517145 0.009374047401310776 0.04205246913580246 0.12397119341563785
0 0.8785491147976681 0.28001733729614386 0.11072530864197525 0.19650205761316872
0 0.6416487161351166 0.2640393994817863 0.08526234567901238 0.1625514403292181
0 0.2635639038923182 0.23936280673677793 0.08757716049382719 0.17849794238683128
0 0.20414710862482852 0.7999923792104863 0.08294753086419754 0.10288065843621397
0 0.4140501757544582 0.6360468106995886 0.12114197530864199 0.2638888888888888
0 0.15439171810699587 0.21675954503886605 0.10185185185185189 0.21141975308641975
0 0.44833220807613167 0.006299535131839658 0.04282407407407405 0.1368312757201646
0 0.5837528935185184 0.007840839811004419 0.048611111111111036 0.13477366255144033
0 0.6339013203017831 0.011952732053040696 0.04012345679012349 0.13117283950617284
0 0.02937162422839506 0.0031983500990702637 0.07291666666666667 0.12088477366255143
0 0.3488399134087791 0.24862016079865873 0.10725308641975313 0.17644032921810698
0 0.49463011188271605 0.006300964029873494 0.04513888888888889 0.13837448559670784
0 0.6775028935185184 0.02274662780064015 0.048611111111111036 0.12191358024691357
0 0.5475193437071331 0.26611034903215974 0.09452160493827151 0.1769547325102881
0 0.446819808813443 0.24707552202408165 0.08719135802469143 0.17489711934156385
0 0.7365882737482854 0.2738625971650663 0.13155864197530856 0.21604938271604943
0 0.754296071244856 0.023264365188233504 0.07523148148148143 0.12551440329218108
0 0.10190945430384088 0.0006272862368541381 0.08294753086419752 0.1219135802469136
0 0.10269043638545952 0.6874395099832342 0.09645061728395063 0.2124485596707819
0 0.32373408564814815 0.7557889422344155 0.06597222222222218 0.14094650205761322
0 0.18909223894032923 0.009373571101966164 0.07060185185185186 0.1234567901234568
0 0.26739620841906725 0.01965735025148605 0.05054012345679016 0.11882716049382715
0 0.3202460562414266 0.01194701646090535 0.04320987654320992 0.125
0 0.4085916066529493 0.013488797439414724 0.03858024691358024 0.12345679012345677
0 0.49228395061728397 0.1147119341563786 0.0 0.0
0 0.8318688914609054 0.026869951226947113 0.11342592592592587 0.13065843621399179
0 0.9464101616083677 0.029954942081999694 0.05285493827160492 0.12911522633744857
0 0.8627301418895746 0.5118912894375858 0.10918209876543222 0.06481481481481471
0 0.11959876543209877 0.6939300411522634 0.0 0.0
0 0.19913381987311385 0.6410922496570645 0.08603395061728397 0.15740740740740752
0 0.552952192644033 0.7881815843621399 0.14004629629629628 0.125
0 0.7025947895233197 0.6314162284712697 0.06983024691358024 0.2628600823045267
0 0.7767345036008231 0.6283364769090077 0.16435185185185192 0.2700617283950617
0 0.5683221343449932 0.7382258802011888 0.05054012345679008 0.06172839506172847
