0 0.3719802919238683 0.31859901310775796 0.09606481481481484 0.19804526748971196
0 0.6312470528978052 0.853522709952751 0.1068672839506173 0.13786008230452687
0 0.2716665594993141 0.31550163846974544 0.0887345679012346 0.1862139917695473
0 0.7438965513545953 0.849923792104862 0.09992283950617285 0.1399176954732511
0 0.18330734525034298 0.30882296905959455 0.07368827160493821 0.1954732510288066
0 0.530161447616598 0.8406816796220089 0.09915123456790134 0.15843621399176952
0 0.4757632994684499 0.312427602499619 0.09915123456790127 0.19958847736625518
0 0.6304365997942387 0.5917462086572169 0.05092592592592595 0.19701646090534974
0 0.1173447680898491 0.8648372008840116 0.08757716049382716 0.13528806584362138
0 0.9093988447359397 0.12613645023624448 0.0898919753086419 0.11625514403292182
0 0.6890868805727024 0.596879762993446 0.06288580246913579 0.18569958847736634
0 0.10845550411522634 0.058237120865721685 0.0648148148148148 0.11831275720164608
0 0.41825247556584366 0.5999776139308032 0.06134259259259254 0.19804526748971196
0 0.34148287465706445 0.597916190367322 0.06867283950617285 0.1939300411522634
0 0.023201731824417003 0.041277053802773966 0.0771604938271605 0.13477366255144033
0 0.263551311728395 0.5938062033226643 0.06944444444444449 0.19958847736625504
0 0.09612375685871055 0.30007954199055015 0.08487654320987655 0.1970164609053498
0 0.16402525934499315 0.5999733272367017 0.08526234567901232 0.19341563786008234
0 0.023188335905349793 0.30625190519737844 0.05787037037037038 0.1965020576131687
0 0.48193667481138547 0.09578284560280445 0.09992283950617285 0.11213991769547324
0 0.9294466413751714 0.5937990588324951 0.06983024691358032 0.19187242798353904
0 0.6744349601337448 0.32219221536351167 0.0752314814814816 0.18981481481481488
0 0.5521345057441701 0.6015151082152111 0.07368827160493825 0.19187242798353904
0 0.43987456061385466 0.8468388012498095 0.08603395061728397 0.14146090534979427
0 0.19024616340877915 0.07160303307422648 0.06558641975308639 0.10905349794238683
0 0.3750616212277092 0.10810994894071024 0.0887345679012346 0.09207818930041153
0 0.6883203660836762 0.09579951607986587 0.07021604938271603 0.13014403292181073
0 0.9572056648662551 0.3484072549916171 0.042824074074074125 0.16872427983539084
0 0.020886917009602195 0.5799216011278768 0.07716049382716049 0.20421810699588486
0 0.006249464163237312 0.8658626733729614 0.11033950617283951 0.13168724279835387
0 0.21072530864197528 0.8674068358481938 0.1111111111111111 0.13271604938271608
0 0.9255918317043896 0.8447930955647005 0.07445987654320985 0.15432098765432095
