0 0.8134380501760563 0.045335050426012866 0.08318661971830986 0.159037558685446
0 0.4578021077856026 0.3387910798122065 0.08010563380281689 0.19014084507042261
0 0.5748545089984352 0.6239393149017564 0.04401408450704222 0.12206572769953043
0 0.5215977723982785 0.6274577247435228 0.04445422535211263 0.11913145539906109
0 0.6215115781494522 0.6163134672230915 0.04709507042253528 0.125586854460094
0 0.788326181044601 0.6192379586158928 0.04885563380281689 0.11502347417840379
0 0.7148492517605634 0.053581985741610154 0.08714788732394364 0.1924882629107981
0 0.676091182511737 0.6110274300121719 0.05017605633802818 0.1208920187793428
0 0.6699527459898279 0.3428794992175274 0.08406690140845068 0.16901408450704225
0 0.2179204567683881 0.5752733220309512 0.07306338028169017 0.16842723004694837
0 0.36842845266040686 0.6356660798122065 0.044014084507042306 0.1109154929577466
0 0.7355037778755867 0.6133628934098417 0.040933098591549484 0.10798122065727693
0 0.45076291079812214 0.06884943922796037 0.08450704225352107 0.2024647887323944
0 0.42608506944444446 0.6468054468788037 0.04137323943661973 0.09917840375586856
0 0.2909829200899844 0.5799594635715528 0.07174295774647885 0.15903755868544603
0 0.1633316828051643 0.33051969222743877 0.05677816901408453 0.13028169014084504
0 0.5401115023474179 0.06414862632585637 0.08450704225352107 0.19600938967136153
0 0.37813294698748046 0.35050752043122935 0.07482394366197183 0.1678403755868544
0 0.3618480413732394 0.07470928968874978 0.0752640845070423 0.19307511737089203
0 0.17611991392801252 0.05181055468614154 0.09154929577464789 0.1807511737089202
0 0.09160706426056338 0.5611915319074943 0.08318661971830986 0.17136150234741795
0 0.8270659110915495 0.36049328377673445 0.059419014084506866 0.17781690140845066
0 0.3015456890649452 0.3405413189010607 0.070862676056338 0.17899061032863853
0 0.27250342331768385 0.08584920013910624 0.08098591549295778 0.18192488262910797
0 0.6395649941314555 0.04889584420100852 0.05809859154929574 0.20187793427230044
0 0.47141896517996873 0.6403554816553644 0.04049295774647877 0.10504694835680747
0 0.23287271371283252 0.33754564423578515 0.0550176056338028 0.1126760563380281
0 0.548028535798122 0.3469978047296122 0.07658450704225359 0.18016431924882637
0 0.012820630379499216 0.062357090071291955 0.08142605633802817 0.16255868544600938
0 0.0035743104460093903 0.5647251564945227 0.07658450704225353 0.18485915492957747
0 0.8723866637323943 0.8152087680403407 0.03961267605633812 0.07335680751173712
0 0.10084329763302033 0.06881520605112156 0.07350352112676056 0.16549295774647885
0 0.8424625880281691 0.6092592592592593 0.04753521126760552 0.1126760563380282
0 0.9186090937989045 0.6121837506520604 0.0506161971830985 0.10211267605633802
0 0.9234702049100156 0.06180501217179621 0.07878521126760553 0.20011737089201878
0 0.890003301056338 0.3417296991827508 0.05545774647887324 0.19483568075117375
0 0.6444077660406886 0.8674757650843331 0.05985915492957735 0.11326291079812208
0 0.5097179430751173 0.8756960745957224 0.050176056338028255 0.11795774647887335
0 0.34512360622065724 0.8563450921578856 0.07658450704225356 0.13438967136150246
0 0.572662057413928 0.8692537167449139 0.05589788732394364 0.13204225352112675
0 0.7236248655125195 0.8786276299773952 0.04797535211267608 0.11502347417840389
0 0.26721745402973396 0.8293720657276995 0.07482394366197183 0.15845070422535207
0 0.1761122725938967 0.8398827377847331 0.08054577464788731 0.10152582159624414
0 0.4243480413732394 0.8669014084507042 0.0752640845070423 0.12676056338028172
0 0.9150946914123632 0.8193759780907667 0.06029929577464783 0.137323943661972
0 0.7786375806924882 0.8293481568422882 0.04093309859154933 0.13262910798122074
0 0.9546936130672926 0.3481633628934098 0.04049295774647892 0.1713615023474179
0 0.11138711609937402 0.2941129803512433 0.04533450704225353 0.10680751173708919
0 0.05109332208528951 0.30174208833246396 0.053257042253521125 0.10680751173708919
