0 0.0004466199417009602 0.14731414799573236 0.08757716049382716 0.21039094650205759
0 0.06138894247256516 0.008784865112025607 0.06674382716049383 0.043209876543209874
0 0.23233721279149522 0.1246846898338668 0.12114197530864199 0.21502057613168724
0 0.358098100994513 0.11852423411065387 0.10570987654320992 0.22839506172839508
0 0.4726835776748971 0.11698245313214448 0.10879629629629627 0.2299382716049383
0 0.6158114711934156 0.12007315957933239 0.10185185185185183 0.23456790123456792
0 0.7199658136145405 0.11543781435756743 0.08410493827160492 0.22839506172839502
0 0.818734460733882 0.23515374942844078 0.0887345679012346 0.0771604938271605
0 0.9140257951817559 0.19711743636640758 0.08603395061728397 0.10905349794238682
0 0.015498274605624142 0.4681936823654931 0.09529320987654322 0.09362139917695482
0 0.13123338906035664 0.48154292409693644 0.08719135802469137 0.06635802469135799
0 0.22537321030521262 0.4589553802773968 0.09297839506172838 0.11625514403292174
0 0.4182720336076818 0.47693472793781433 0.0895061728395062 0.08950617283950614
0 0.513566850994513 0.4980462200884012 0.09182098765432095 0.11213991769547323
0 0.6065492648319616 0.4651367931717726 0.09760802469135801 0.1255144032921811
0 0.701846493484225 0.45437528577960673 0.10339506172839508 0.16975308641975312
0 0.8052286951303156 0.48314233729614386 0.0848765432098765 0.12705761316872433
0 0.8935809435013715 0.4754377190976986 0.08989197530864207 0.13940329218106995
0 0.47852419838820304 0.7207814167047705 0.18595679012345676 0.11059670781893005
0 0.25708483367626883 0.75424239826246 0.2021604938271605 0.1373456790123457
0 0.002776438185871056 0.7084833676268861 0.1091820987654321 0.16203703703703703
0 0.8720011895576131 0.6950426764212773 0.12615740740740747 0.09053497942386836
0 0.6748810442386831 0.7053269318701417 0.16203703703703706 0.08641975308641968
