0 0.5050757137345678 0.14686166361835085 0.08680555555555564 0.27726337448559674
0 0.6528289501886145 0.7815076779454351 0.07368827160493825 0.13940329218107006
0 0.7041393389917695 0.16424754229538177 0.0717592592592592 0.16512345679012347
0 0.08148925111454047 0.1535198521566834 0.12229938271604937 0.2458847736625515
0 0.0799342528292181 0.45286779835390945 0.10532407407407404 0.2083333333333334
0 0.20491389103223592 0.456983024691358 0.07600308641975309 0.2083333333333333
0 0.37352939600480106 0.17253800868770006 0.10455246913580246 0.22993827160493824
0 0.2832481352880658 0.47136917009602197 0.09953703703703702 0.18981481481481483
0 0.2168753750857339 0.21005944215820757 0.0783179012345679 0.19753086419753088
0 0.39627995327503435 0.4729057117817406 0.08757716049382715 0.18261316872427974
0 0.696036951303155 0.45386421658283793 0.07098765432098762 0.17335390946502063
0 0.6200341328017832 0.1724732319768328 0.07137345679012341 0.15997942386831276
0 0.6177059220679013 0.4343278463648834 0.05208333333333325 0.18518518518518517
0 0.5027681327160494 0.43951522252705383 0.09722222222222222 0.23199588477366254
0 0.3071475265775034 0.20080446959304984 0.07021604938271611 0.2021604938271605
0 0.006601240997942388 0.45850670629477214 0.06134259259259259 0.18724279835390953
0 0.9302021712105625 0.25884487882944673 0.04668209876543206 0.10802469135802466
0 0.2828403635116598 0.768133668648072 0.06790123456790119 0.139917695473251
0 0.3735023362482853 0.7629701074531322 0.0655864197530865 0.11882716049382709
0 0.22303079989711933 0.7599022633744856 0.053240740740740755 0.1388888888888889
0 0.44525811256858705 0.766576646090535 0.060570987654321035 0.125
0 0.0085514188957476 0.759375 0.09182098765432099 0.125
0 0.1539726937585734 0.7480738454503887 0.054012345679012363 0.14197530864197536
0 0.11267923739711934 0.7650267680231673 0.03587962962962962 0.11779835390946508
0 0.5150838048696844 0.7604261926535589 0.05401234567901238 0.14917695473251028
0 0.5906951946159121 0.7542666895290353 0.045524691358024685 0.1635802469135803
0 0.7415678047839507 0.7573450121932632 0.0798611111111111 0.15483539094650212
