0 0.014163365610328639 0.7595793122935142 0.11355633802816902 0.2048122065727699
0 0.5124339788732395 0.3398648061206746 0.1584507042253521 0.08215962441314559
0 0.5115552254499218 0.22779516605807687 0.16065140845070427 0.10328638497652581
0 0.6840953271713615 0.2377624543557642 0.16769366197183094 0.09330985915492959
0 0.742622139084507 0.5980666405842462 0.15052816901408445 0.06690140845070423
0 0.19023834849374022 0.3240273430707703 0.1404049295774648 0.0903755868544601
0 0.14406512861893583 0.6329192749087115 0.2002640845070423 0.3133802816901409
0 0.34165658010563377 0.33224982611719706 0.15448943661971834 0.09741784037558684
0 0.6801303917253522 0.3363512867327421 0.16241197183098596 0.09037558685446014
0 0.3742587905907668 0.5871810337332639 0.20026408450704222 0.3526995305164319
0 0.19420145001956182 0.2090163667188315 0.14304577464788734 0.1038732394366197
0 0.030414038047730827 0.6896208268127282 0.06382042253521127 0.07218309859154928
0 0.0243116686228482 0.3263704138410711 0.14964788732394366 0.08568075117370892
0 0.3385826242175274 0.22661547991653624 0.16461267605633803 0.09683098591549295
0 0.578039417057903 0.6487610850286906 0.19366197183098596 0.3098591549295775
0 0.7686393534820031 0.6798469831333681 0.22095070422535218 0.2910798122065727
0 0.012436118446791862 0.12567705616414537 0.1615316901408451 0.09741784037558684
0 0.3460668525039124 0.12390942879499217 0.1672535211267605 0.08978873239436619
0 0.023432915199530516 0.23423589375760734 0.15184859154929575 0.08744131455399058
0 0.007528242370892018 0.6127548469831333 0.06602112676056339 0.08509389671361516
0 0.2575875391236307 0.5610915492957745 0.15140845070422537 0.06338028169014091
0 0.8636492566510172 0.3474944574856547 0.13380281690140836 0.08274647887323941
0 0.8588095412754302 0.2389394235785081 0.1364436619718311 0.09683098591549298
