0 0.3288267801251956 0.10118620674665275 0.05985915492957747 0.267018779342723
0 0.0286644781885759 0.5026136758824552 0.07966549295774647 0.2875586854460094
0 0.8750397349374022 0.10698030777256129 0.05721830985915485 0.18661971830985918
0 0.25840944102112673 0.504374239262737 0.06734154929577467 0.2875586854460094
0 0.238609521713615 0.08650995479047122 0.07658450704225359 0.26173708920187794
0 0.5651879156885758 0.11294122761258912 0.06778169014084515 0.2863849765258216
0 0.4886018803794992 0.1070710528603721 0.06558098591549305 0.28462441314553993
0 0.40804601917057903 0.522005412102243 0.05105633802816898 0.3151408450704226
0 0.638686852014867 0.5026163928012519 0.06117957746478879 0.29049295774647893
0 0.705591011345853 0.5049898930620762 0.06514084507042249 0.31866197183098594
0 0.4120140111502347 0.10473124239262736 0.06073943661971831 0.29284037558685444
0 0.7165878080985915 0.12232220483394192 0.05545774647887324 0.2769953051643193
0 0.34247084066901406 0.5155391453660233 0.059419014084506984 0.3034037558685445
0 0.4740622554773083 0.5067461093722831 0.044014084507042306 0.3139671361502348
0 0.12239155418622849 0.1105900060858981 0.04665492957746478 0.2822769953051643
0 0.5229255306142411 0.5137704312293515 0.05501760563380268 0.29460093896713613
0 0.6417656983568075 0.09945444270561642 0.0580985915492959 0.2981220657276995
0 0.18181179088419405 0.11117251347591724 0.048415492957746525 0.2775821596244131
0 0.5884976525821596 0.5155184967831682 0.04225352112676062 0.2811032863849765
0 0.06386229704616588 0.11350417318727178 0.06029929577464789 0.2605633802816901
0 0.7905473640453835 0.4778717831681446 0.07834507042253512 0.18603286384976522
0 0.1457220755086072 0.4878852590853765 0.05105633802816904 0.22593896713615017
0 0.0017883778364632238 0.15102047470005217 0.04005281690140845 0.21478873239436613
0 0.9384197109741783 0.12524669622674317 0.05677816901408461 0.2664319248826291
0 0.7834769904147105 0.11638084680925057 0.03785211267605636 0.19835680751173712
0 0.8781421165884193 0.4003879760041732 0.08802816901408445 0.16549295774647882
