0 0.6034804748630672 0.65281744479221 0.06822183098591547 0.2541079812206572
0 0.08236104998043818 0.5953752608242044 0.07878521126760565 0.3292253521126761
0 0.27205747505868544 0.2513834550512954 0.07262323943661977 0.2265258215962441
0 0.6184544331964006 0.26313141192836037 0.08142605633802825 0.23826291079812198
0 0.5229411189358373 0.24495250825943318 0.07746478873239432 0.25293427230046944
0 0.4899229142214398 0.6434011476264997 0.06646126760563378 0.2253521126760564
0 0.8886975498826292 0.27545100852025733 0.07658450704225352 0.2335680751173709
0 0.6730221170774647 0.6545698574161015 0.06734154929577467 0.24530516431924873
0 0.4441528511345853 0.2478840636411059 0.07306338028169014 0.25
0 0.35700160162363065 0.6557408494174927 0.06822183098591547 0.24237089201877937
0 0.18447525430359935 0.5724873934967831 0.08098591549295778 0.3286384976525823
0 0.26941724129499217 0.5818678273343767 0.07350352112676053 0.3186619718309858
0 0.42697727161580595 0.6199182750825942 0.058538732394366216 0.21596244131455405
0 0.36007647447183094 0.2343706529299252 0.0594190140845071 0.23298122065727703
0 0.6166966206964007 0.002482720396452791 0.08538732394366196 0.14612676056338028
0 0.70428434321205 0.010699769605286038 0.08494718309859156 0.1473004694835681
0 0.0027340693466353675 0.15386508868022955 0.13424295774647887 0.11795774647887325
0 0.5238253741197183 0.0024800034776560603 0.08318661971830979 0.14319248826291078
0 0.000535810348200313 0.37919329247087463 0.13776408450704228 0.09213615023474181
0 0.15198613556338028 0.15034885237350026 0.19806338028169018 0.12323943661971828
0 0.43535675860719875 0.0007145496435402539 0.08274647887323947 0.13791079812206572
0 0.0022991246087636936 0.2747429794818293 0.14172535211267603 0.10269953051643188
0 0.0264497139084507 0.5724689184489653 0.059419014084507046 0.30868544600938974
0 0.1563854044405321 0.2823710006955312 0.1949823943661972 0.1015258215962441
0 0.15067060348200312 0.38566336289340986 0.20510563380281693 0.10798122065727699
0 0.3556854582355243 0.0007140062597809076 0.07438380281690142 0.13732394366197181
0 0.8024333064358372 0.26665634237523905 0.08142605633802825 0.24237089201877937
0 0.861841622652582 0.6199688097722135 0.06602112676056338 0.2705399061032865
0 0.79229570129108 0.5811777299600069 0.06073943661971823 0.20715962441314548
0 0.9265264329029733 0.6000043470700749 0.0431338028169015 0.2582159624413145
0 0.7905522544992176 0.008353981916188491 0.08538732394366187 0.14906103286384978
0 0.7438673708920187 0.5846673404625282 0.042253521126760535 0.17312206572769956
0 0.5563710387323944 0.5782320466005912 0.047535211267605605 0.1948356807511737
