0 0.5899335026577504 0.17968535665294924 0.059799382716049364 0.17129629629629628
0 0.4502783671982167 0.4636264479500076 0.06751543209876548 0.16100823045267493
0 0.4182589056069959 0.19565567367779302 0.07060185185185183 0.19701646090534983
0 0.5015970614711934 0.1894914075598232 0.07754629629629627 0.20627572016460904
0 0.3322311171124828 0.1956504343850023 0.07947530864197536 0.19135802469135801
0 0.6582293810013717 0.20746027663465935 0.07253086419753087 0.16820987654320987
0 0.2782168960048011 0.48160293781435753 0.07677469135802473 0.1311728395061728
0 0.26509211033950614 0.21054526748971192 0.06597222222222227 0.16666666666666666
0 0.3785137495713306 0.47029940176802315 0.059799382716049364 0.14557613168724282
0 0.7635676547496569 0.1245670438957476 0.09297839506172857 0.08796296296296294
0 0.05673787937242799 0.45841954351470815 0.035879629629629615 0.09310699588477375
0 0.616935388803155 0.47387974394147236 0.05362654320987659 0.12345679012345677
0 0.010443190586419753 0.44968802392927903 0.03819444444444445 0.1075102880658437
0 0.20953843021262 0.4728618922420363 0.06867283950617285 0.13528806584362144
0 0.5471005872770919 0.47845793324188385 0.04706790123456786 0.06790123456790127
0 0.763543542095336 0.4790042485901539 0.05825617283950635 0.10236625514403291
0 0.20567290380658435 0.6991555212620028 0.05787037037037036 0.08796296296296306
0 0.32451265646433475 0.12711953208352383 0.07600308641975302 0.0668724279835391
0 0.4421757115912209 0.677525815424478 0.06635802469135793 0.06121399176954741
0 0.050181380744170105 0.2629772519433013 0.038966049382716035 0.12654320987654322
0 0.7022103266460905 0.5587091335162323 0.07175925925925937 0.0725308641975309
0 0.8835632073045268 0.16483243789056545 0.10879629629629635 0.24125514403292186
0 0.8473031335733882 0.5104085695778083 0.11651234567901238 0.13014403292181068
0 0.7728178047839507 0.23319282502667277 0.0798611111111111 0.18158436213991766
0 0.771320141032236 0.7239407102575827 0.14544753086419746 0.18930041152263374
0 0.6844792202503429 0.005212620027434842 0.09452160493827166 0.07407407407407407
0 0.44872845936213984 0.7300668724279836 0.0578703703703704 0.13888888888888878
0 0.0470963005829904 0.7629534369760708 0.04089506172839506 0.10082304526748974
0 0.3673286929869685 0.72800211476909 0.06442901234567897 0.13117283950617292
0 0.1292679398148148 0.7531964449016919 0.034722222222222245 0.11882716049382709
0 0.09030215835048011 0.7567915523548239 0.035108024691358035 0.11265432098765439
0 0.28631097822359397 0.7213086800792562 0.06558641975308643 0.12448559670781884
0 0.6798233346193415 0.7511583600060966 0.0567129629629631 0.139917695473251
0 0.5999651706104252 0.7336334019204389 0.060956790123456825 0.10185185185185185
0 0.529359835819616 0.7218083180917542 0.05594135802469135 0.10853909465020592
0 0.9317627957818929 0.726512726718488 0.07175925925925952 0.18930041152263374
0 0.024756194272976685 0.0006010897729004725 0.09336419753086421 0.09362139917695474
0 0.04673809370713305 0.11070435147081237 0.08063271604938273 0.11625514403292181
0 0.10732971107681756 0.24445444673068134 0.11033950617283948 0.12191358024691354
0 0.1173428926611797 0.47076331732967536 0.08487654320987657 0.09104938271604947
0 0.11503048911179697 0.04176287913427831 0.08834876543209877 0.10390946502057612
