0 0.3160914270344288 0.295383954964354 0.10123239436619716 0.21185446009389672
0 0.6739347980242566 0.3071188706311946 0.11399647887323947 0.20950704225352107
0 0.427869779440532 0.3100406451051991 0.07614436619718311 0.19600938967136158
0 0.6012806875978091 0.36340636411058946 0.06954225352112683 0.15492957746478864
0 0.057275161384976535 0.5969836767518693 0.0818661971830986 0.16490610328638494
0 0.7936262103873241 0.3270507303077726 0.07526408450704215 0.18661971830985916
0 0.002272532766040689 0.269005933750652 0.10343309859154928 0.24471830985915496
0 0.5198579934467918 0.31473493740219094 0.07438380281690142 0.19542253521126757
0 0.8754878227699531 0.33878401582333506 0.06866197183098595 0.1825117370892019
0 0.6184415957550861 0.00484426621457138 0.06294014084507048 0.1613849765258216
0 0.5427407325899843 0.0030777256129368804 0.067781690140845 0.15492957746478875
0 0.6906268339201879 0.006021235437315249 0.06602112676056338 0.16490610328638497
0 0.46263693270735523 0.008360502521300644 0.07042253521126772 0.15610328638497653
0 0.3834128032081376 0.007186250217353505 0.07218309859154932 0.1555164319248826
0 0.8266285211267606 0.6720820292123109 0.0633802816901408 0.14436619718309865
0 0.7658982541079813 0.001911080681620588 0.07658450704225352 0.1625586854460094
0 0.8944089886541472 0.6738393322900365 0.06161971830985904 0.14084507042253522
0 0.8468777508802817 0.002493044687880369 0.06734154929577459 0.1572769953051643
0 0.3090250268974961 0.006010911145887672 0.06646126760563378 0.15375586854460094
0 0.2927969728090767 0.6210642714310554 0.14876760563380276 0.18603286384976533
0 0.6268394219483568 0.7042644757433489 0.1135563380281689 0.04225352112676064
0 0.9498587881455399 0.3710419926969223 0.050176056338028095 0.16197183098591544
0 0.2337569688967136 0.016566140671187623 0.06073943661971831 0.14495305164319247
0 0.922588089299687 0.02831953138584594 0.07614436619718311 0.1625586854460094
0 0.6048693637519562 0.8897691705790297 0.16681338028169004 0.10563380281690145
0 0.616729631259781 0.7576790992870804 0.13292253521126757 0.053990610328638465
0 0.3011183856611893 0.885079768735872 0.08934859154929582 0.11150234741784036
0 0.4191262592918622 0.9026723613284646 0.16153169014084515 0.09741784037558684
0 0.7645640771713615 0.6732503042949053 0.05677816901408445 0.13849765258215954
0 0.003563918231611894 0.003668383759346201 0.061619718309859156 0.159037558685446
0 0.46355908890845066 0.6121652756042427 0.13072183098591547 0.08215962441314549
0 0.4719159575508607 0.7031505390366893 0.12235915492957743 0.10680751173708919
0 0.6061598322574336 0.6661200226047644 0.12367957746478879 0.043427230046948276
0 0.9604129988262912 0.6849819596591897 0.03697183098591539 0.13262910798122063
0 0.7764961732198749 0.9255384933055121 0.1263204225352112 0.07453051643192486
