0 0.5896851423182441 0.26571644947416556 0.2577160493827161 0.3070987654320988
0 0.341219510888203 0.22768728090230148 0.2449845679012345 0.34670781893004116
0 0.10741196201989026 0.21431946349641823 0.22878086419753088 0.3539094650205761
0 0.005843299897119341 0.20455485063252551 0.08101851851851852 0.36368312757201643
0 0.3013985339506173 0.6796672572778539 0.12500000000000003 0.15174897119341565
0 0.6972090942215363 0.7903111187319005 0.09220679012345682 0.20267489711934158
0 0.10733453360768178 0.8324531321444901 0.11728395061728393 0.16049382716049387
0 0.027830557698902605 0.8478761812223746 0.07600308641975309 0.15072016460905344
0 0.22885882844650207 0.8175549649443683 0.11226851851851853 0.18158436213991766
0 0.5895731524348422 0.7872080285017529 0.09645061728395063 0.18467078189300393
0 0.010094896690672152 0.7454541990550221 0.09220679012345678 0.09053497942386836
0 0.5012163494513032 0.7568763336381649 0.08487654320987643 0.20421810699588486
0 0.35692140346364887 0.8458166628562719 0.07793209876543207 0.1486625514403293
0 0.4394630379801097 0.8334443110806279 0.048996913580246985 0.11985596707818921
0 0.8912572873799726 0.8499266499009296 0.07716049382716063 0.14300411522633746
0 0.7971324695644719 0.8432484567901235 0.09297839506172842 0.15277777777777787
0 0.884701056670096 0.7598089087029416 0.0806327160493827 0.038065843621399156
0 0.8665854873971194 0.8024967611644566 0.10532407407407413 0.029835390946502012
