0 0.39968609399452265 0.14328268996696228 0.05501760563380284 0.09741784037558684
0 0.27732846733176836 0.3451687749956529 0.05721830985915493 0.10622065727699531
0 0.7056163805751174 0.33338386802295256 0.10167253521126748 0.05457746478873244
0 0.2623493128912363 0.606894996522344 0.03653169014084507 0.09448356807511729
0 0.4590968554381846 0.5453747174404451 0.04313380281690142 0.20187793427230055
0 0.6756981122848201 0.035261802295253004 0.11795774647887325 0.0545774647887324
0 0.7073696082746478 0.2506422796035472 0.09110915492957751 0.05985915492957748
0 0.2016251589397496 0.3950101069379239 0.05853873239436618 0.06161971830985914
0 0.8160954005281691 0.3275202138758477 0.10695422535211255 0.05985915492957743
0 0.33586169796557114 0.1550165188662841 0.04929577464788729 0.0938967136150235
0 0.4071978310837246 0.3117533907146583 0.09727112676056338 0.1443661971830986
0 0.3037228579812207 0.5863838897583029 0.036971830985915506 0.12558685446009388
0 0.17300163830203444 0.5887112023995827 0.037852112676056336 0.10387323943661973
0 0.22449475498826293 0.5992751260650321 0.03301056338028169 0.10446009389671371
0 0.33673739485524257 0.5717228525473831 0.04269366197183102 0.13673708920187794
0 0.16596794307511736 0.17379749174056688 0.05017605633802818 0.0956572769953051
0 0.5128019855242566 0.5600411884889585 0.05457746478873244 0.1965962441314554
0 0.7421419576486699 0.7148485046078943 0.09286971830985903 0.06455399061032865
0 0.09070141334115807 0.19138682403060336 0.046654929577464796 0.07805164319248821
0 0.39615885416666674 0.02943075117370892 0.04621478873239432 0.09507042253521127
0 0.14263528217918625 0.5775653147278734 0.04269366197183096 0.1085680751173708
0 0.08630092185054772 0.5599591375412972 0.047975352112676055 0.10798122065727703
0 0.0383164001369327 0.5505765301686664 0.03477112676056339 0.11561032863849766
0 0.8534954518779342 0.6948900191271083 0.08978873239436622 0.058685446009389526
0 0.8561347686815337 0.616847613458529 0.08758802816901405 0.06866197183098585
0 0.4450150992762128 0.014173078595026953 0.047095070422535204 0.09565727699530516
0 0.464817158157277 0.14504270996348462 0.04093309859154925 0.09683098591549295
0 0.29711921703834115 0.1608866936185011 0.034771126760563376 0.09565727699530521
0 0.10302016089593113 0.41377749521822293 0.0391725352112676 0.04870892018779342
0 0.824452269170579 0.03174610937228308 0.09859154929577459 0.06044600938967135
0 0.9415055873435054 0.3257634541818814 0.06382042253521121 0.06396713615023472
0 0.748733372456964 0.6027669101025909 0.07746478873239432 0.07276995305164326
0 0.9366634267410016 0.23655451225873764 0.06294014084507041 0.05633802816901407
0 0.2962572745500782 0.8551643192488262 0.061179577464788755 0.12676056338028172
0 0.37458981318466356 0.847551512780386 0.04313380281690142 0.14436619718309857
0 0.5348032203638498 0.9120560554686141 0.046214788732394395 0.09096244131455407
0 0.125026591842723 0.8351955094766127 0.03829225352112676 0.10974178403755874
0 0.16023938771517998 0.841075465136498 0.04049295774647885 0.12206572769953054
0 0.6444053208137716 0.9067694748739349 0.05633802816901397 0.08568075117370892
0 0.23858843163145538 0.858681098939315 0.046214788732394395 0.12206572769953054
0 0.06826095461658842 0.8375255390366892 0.05633802816901408 0.09096244131455396
0 0.5854221684272302 0.9173170970266042 0.050176056338028095 0.06866197183098585
0 0.8565874413145541 0.7441852503912363 0.10563380281690134 0.05809859154929577
0 0.7315495402973398 0.9044171665797253 0.051056338028168904 0.08039906103286366
0 0.015434883607198748 0.819341744913928 0.04313380281690141 0.10035211267605641
0 0.20645142556729265 0.8504629629629631 0.03653169014084507 0.11971830985915474
0 0.6532200581964006 0.6755700095635542 0.07350352112676053 0.1085680751173709
0 0.5990998508411581 0.28186565379933926 0.09815140845070411 0.1895539906103286
0 0.6171113923122066 0.08288884541818815 0.04885563380281689 0.15375586854460094
0 0.0519616832942097 0.07991925317336115 0.03609154929577464 0.11561032863849763
0 0.00046887226134585295 0.15506488002086594 0.04137323943661972 0.14612676056338028
0 0.0497600621087637 0.20958474613110764 0.03477112676056337 0.08392018779342726
0 0.08454249804381847 0.3310402538688924 0.05105633802816903 0.058685446009389686
0 0.12636260269953054 0.3357378064684403 0.06073943661971827 0.06161971830985914
0 0.19766450264084506 0.31462789080159975 0.059419014084507026 0.0798122065727699
0 0.38910498581768393 0.5524017562163102 0.029489436619718312 0.18544600938967135
0 0.41068503032081377 0.5588386802295252 0.04841549295774641 0.16549295774647882
0 0.9401784404342723 0.009459224482698661 0.05413732394366188 0.07511737089201878
0 0.3349740805946792 0.0077546296296296295 0.03873239436619716 0.13556338028169015
