0 0.004679462448559671 0.03823350099070264 0.07175925925925927 0.1810699588477366
0 0.0818340620713306 0.054174287456180456 0.0632716049382716 0.17489711934156382
0 0.15511429398148147 0.0567382068282274 0.03125 0.16615226337448558
0 0.1863766182270233 0.06855995656149977 0.0489969135802469 0.1558641975308642
0 0.24077181927297664 0.041827655845145556 0.0447530864197531 0.17386831275720163
0 0.2913363233024691 0.05057108291418991 0.0798611111111111 0.17232510288065842
0 0.3831591863854595 0.018696654473403445 0.08256172839506175 0.19238683127572018
0 0.4934834212105624 0.023335333790580705 0.060570987654321035 0.2021604938271605
0 0.5795195151748971 0.02333676268861454 0.06365740740740745 0.2037037037037037
0 0.6531968021262002 0.03566958161865569 0.047839506172839524 0.18981481481481483
0 0.725739186814129 0.026937585733882028 0.06442901234567905 0.2037037037037037
0 0.8110015324931413 0.033099946654473404 0.0644290123456789 0.19238683127572015
0 0.8966392318244171 0.031053288370675194 0.0493827160493827 0.20421810699588477
0 0.9525757673182441 0.03824588477366255 0.04243827160493825 0.19444444444444445
0 0.8526564107510288 0.2979900167657369 0.04745370370370365 0.16255144032921814
0 0.7990295996227711 0.29284741274196 0.04706790123456778 0.16409465020576133
0 0.7083711098251029 0.2928531283340954 0.05439814814814825 0.17026748971193417
0 0.6512645747599451 0.29798573007163537 0.04320987654320984 0.15792181069958852
0 0.578742016032236 0.3123766384697455 0.055169753086419686 0.14454732510288062
0 0.5062130272633745 0.28821968830970895 0.0578703703703704 0.16615226337448555
0 0.43907964677640604 0.2918186061575979 0.052469135802469126 0.16409465020576133
0 0.3646267361111111 0.29540895061728395 0.0625 0.15277777777777773
0 0.29016873499657064 0.2882120675201951 0.06520061728395063 0.1579218106995884
0 0.21301092035322358 0.2892365874104557 0.06905864197530866 0.15329218106995884
0 0.14779556755829903 0.30002667276329825 0.047839506172839524 0.13991769547325106
0 0.09108555169753087 0.2866621894528273 0.052083333333333336 0.1507201646090535
0 0.027431627229080935 0.29180384087791494 0.05709876543209877 0.14814814814814814
0 0.01121559927983539 0.533015641670477 0.03935185185185185 0.10133744855967079
0 0.060600458676268856 0.5170829522938576 0.04243827160493829 0.1162551440329218
0 0.10650077160493827 0.5119322511812224 0.027777777777777776 0.10905349794238678
0 0.14778538665980795 0.5155387898186252 0.03317901234567901 0.11522633744855969
0 0.19292668681412894 0.520685204237159 0.03665123456790123 0.11779835390946497
0 0.2508016117969822 0.5330227861606461 0.04320987654320984 0.10905349794238678
0 0.3140673225308642 0.527884468830971 0.034722222222222224 0.11522633744855969
0 0.3665436921296297 0.5314852918762383 0.04513888888888889 0.11522633744855978
0 0.41901845421810696 0.5170853337905806 0.0532407407407408 0.1188271604938273
0 0.4869229038065843 0.5253195968602348 0.0578703703703704 0.12294238683127566
0 0.5748898855452675 0.5253248361530255 0.06365740740740738 0.1286008230452674
0 0.6485754779663923 0.5279082837982015 0.05979938271604945 0.14094650205761322
0 0.7184006344307272 0.529435299497028 0.05246913580246905 0.12345679012345671
0 0.778975372942387 0.5304712505715591 0.057870370370370315 0.13117283950617292
0 0.8588346086248285 0.527900186709343 0.055169753086419686 0.13220164609053503
0 0.9298201195987654 0.5330418381344307 0.052083333333333336 0.12962962962962962
0 0.022022087191358026 0.6899134087791495 0.04513888888888889 0.10648148148148148
0 0.07718996484910835 0.6935085162322817 0.04243827160493829 0.10030864197530867
0 0.12579598551097396 0.6981348117664989 0.035108024691358014 0.09670781893004106
0 0.16437810785322363 0.7094583523853071 0.03780864197530865 0.10390946502057609
0 0.20759039566186557 0.6955685108977291 0.04128086419753083 0.10288065843621397
0 0.28011697316529494 0.7140508306660569 0.03510802469135798 0.0637860082304527
0 0.316772762345679 0.7156007087334249 0.041666666666666664 0.07098765432098762
0 0.3657758380486969 0.711514060356653 0.05054012345679008 0.10185185185185175
0 0.4325196652091907 0.7130639384240206 0.05054012345679008 0.10905349794238688
0 0.49888144075788754 0.7140960791037951 0.05594135802469127 0.11265432098765428
0 0.641235050154321 0.7228342668800488 0.04513888888888881 0.10545267489711936
0 0.697177747770919 0.7228342668800488 0.04706790123456778 0.10545267489711936
0 0.7550459747942386 0.7264279454351471 0.04398148148148159 0.09773662551440328
0 0.8063603823731138 0.7336286389269927 0.047839506172839524 0.09670781893004127
0 0.9433157043038409 0.7387693377533913 0.04128086419753079 0.09310699588477366
0 0.40782884302126204 0.8853757049230301 0.051311728395061665 0.09465020576131683
0 0.4876824524176954 0.8930641289437585 0.040509259259259287 0.06481481481481471
0 0.5447900591563786 0.8894709266880049 0.0532407407407408 0.07304526748971206
0 0.6107673718278462 0.8976961400701111 0.060570987654321035 0.0673868312757202
0 0.8588359482167353 0.8992426840420668 0.05709876543209873 0.07098765432098772
0 0.797487461419753 0.897695187471422 0.04861111111111111 0.0663580246913581
