0 0.44510312744522695 0.09645442097026605 0.17385563380281696 0.227112676056338
0 0.2804840326682316 0.3206154364458355 0.16461267605633803 0.2083333333333334
0 0.6246885392214397 0.09059294035819856 0.18529929577464782 0.23474178403755863
0 0.411680543329421 0.6991637323943662 0.2143485915492958 0.2376760563380281
0 0.00630196107198748 0.6463642192662146 0.2015845070422535 0.2564553990610329
0 0.629099117273083 0.3699112110937228 0.19850352112676053 0.20833333333333334
0 0.2008497163536776 0.677467505651191 0.20950704225352113 0.2564553990610329
0 0.4508215962441315 0.32180544687880364 0.16901408450704214 0.22593896713615022
0 0.12422669698748044 0.31298904538341155 0.1540492957746479 0.21126760563380279
0 0.8327785724765258 0.06107416101547557 0.04621478873239448 0.04460093896713615
0 0.0005905223004694836 0.8856693401147625 0.21654929577464788 0.11443661971830991
0 0.6409920896909234 0.700349939141019 0.21170774647887325 0.251173708920188
