0 0.5748732746056242 0.78000971650663 0.03973765432098762 0.18827160493827175
0 0.48498397848079566 0.7800059061118731 0.04359567901234564 0.18415637860082307
0 0.2921132866083676 0.5408002781588174 0.08757716049382722 0.17541152263374477
0 0.6497355645576132 0.5516108443834783 0.06365740740740738 0.18415637860082296
0 0.2820663473079561 0.2892518289894833 0.06442901234567897 0.16975308641975312
0 0.6292791923868314 0.8159965134887974 0.05092592592592595 0.16512345679012327
0 0.13120070301783265 0.5345964791952447 0.040123456790123475 0.14197530864197544
0 0.38431391460905345 0.5469688309708886 0.07870370370370373 0.17078189300411523
0 0.1767588841735254 0.28360006096631607 0.08834876543209873 0.1769547325102881
0 0.07873719350137175 0.5438552621551593 0.048225308641975315 0.1414609053497942
0 0.4645407343106996 0.557754153330285 0.04976851851851857 0.15226337448559682
0 0.5177849579903978 0.5531392889803384 0.054783950617283965 0.16820987654320985
0 0.0883919002914952 0.29541323731138547 0.06211419753086419 0.15740740740740736
0 0.6983303326474624 0.3791938157293095 0.04012345679012334 0.08487654320987661
0 0.442943833590535 0.32265279682975156 0.06134259259259262 0.13168724279835392
0 0.639688893175583 0.3750719212010364 0.04089506172839508 0.07767489711934153
0 0.11965234910836764 0.024329846822130772 0.07716049382716052 0.16512345679012347
0 0.35575649434156387 0.307751771833562 0.06712962962962961 0.14969135802469138
0 0.5849094971707819 0.37250895442767873 0.047453703703703574 0.08744855967078186
0 0.5899359139231825 0.04898643499466544 0.06327160493827158 0.12757201646090535
0 0.04939825531550068 0.5438319234872734 0.02237654320987654 0.1162551440329218
0 0.3113876028806585 0.03819492074378906 0.06481481481481476 0.13940329218106998
0 0.1783042373971193 0.5556817748818778 0.0914351851851852 0.1363168724279835
0 0.490786822702332 0.03972288904130468 0.06635802469135801 0.12294238683127574
0 0.027042877657750344 0.29540656912056096 0.05285493827160493 0.15020576131687238
0 0.7743393132716049 0.06954494360615761 0.04861111111111111 0.10853909465020577
0 0.8511182913237311 0.07417695473251029 0.054783950617284125 0.1111111111111111
0 0.7450250235768175 0.3242298239597622 0.05825617283950603 0.16820987654320996
0 0.731519257973251 0.5454284788904131 0.0543981481481481 0.17386831275720158
0 0.6717174639917696 0.023815443529949704 0.050925925925925875 0.16512345679012344
0 0.7905507866083676 0.5999256973022405 0.059799382716049204 0.14197530864197544
0 0.729972297239369 0.02638222069806432 0.048996913580246985 0.15946502057613166
0 0.8148466971021948 0.3319272976680384 0.045910493827160476 0.1481481481481482
0 0.9132265946502057 0.06031188081085201 0.04629629629629619 0.1368312757201646
0 0.8680850265775034 0.3720193187014174 0.04243827160493825 0.11419753086419757
0 0.09108742712620028 0.7419362520957172 0.05478395061728395 0.1800411522633744
0 0.19254570687585734 0.7563276367931718 0.04359567901234567 0.1671810699588477
0 0.31600303283607684 0.7702108100899253 0.0443672839506173 0.16100823045267493
0 0.8368355624142662 0.8057189262307575 0.04320987654320984 0.17644032921810687
0 0.35805148319615915 0.7717540199664685 0.03858024691358024 0.16100823045267482
0 0.402416891718107 0.7830842287761013 0.0358796296296296 0.17541152263374488
0 0.1597457990397805 0.7537441891479957 0.03395061728395066 0.154835390946502
0 0.5795128172153634 0.569578760859625 0.05401234567901238 0.1450617283950617
0 0.732672378686557 0.8190867436366408 0.0482253086419754 0.16923868312757195
0 0.2812725051440329 0.760441910531931 0.03240740740740738 0.16615226337448571
0 0.7905373906893006 0.8098289132754154 0.04050925925925905 0.17078189300411523
0 0.8623100458676267 0.6117503048315805 0.05979938271604952 0.13477366255144033
0 0.9278854809670782 0.8838410684346899 0.04398148148148159 0.10390946502057598
0 0.0016088498799725654 0.01405702255753696 0.09452160493827158 0.1815843621399177
0 0.2504267939814815 0.032551726108824876 0.059027777777777776 0.1558641975308642
0 0.5895337684327846 0.3091968640451151 0.039737654320987775 0.0437242798353909
0 0.6258069701646091 0.25621761164456636 0.050925925925925875 0.048353909465020585
0 0.6373730066872428 0.3122847126962353 0.03935185185185175 0.045267489711934124
0 0.5860631537208504 0.2485087067520195 0.04205246913580254 0.05606995884773667
0 0.6929309735082304 0.2608500990702637 0.04282407407407405 0.051440329218106984
0 0.6894590192043896 0.31537399024538937 0.04320987654320992 0.048353909465020634
0 0.002729820387517147 0.5299768518518518 0.04205246913580247 0.1527777777777778
0 0.0038826731824417007 0.7403258840115836 0.03549382716049383 0.1075102880658436
0 0.054034314986282576 0.7418648071940254 0.03163580246913581 0.10288065843621397
0 0.4433122213648834 0.7753738949855206 0.0362654320987654 0.18158436213991758
0 0.5409178347908093 0.7856691053193111 0.032793209876543175 0.18930041152263374
