0 0.7519981352880658 0.7748399634202103 0.09953703703703698 0.16049382716049387
0 0.8693037872942385 0.7779349565614998 0.13078703703703715 0.16975308641975312
0 0.08883718064128944 0.21381220469440637 0.14776234567901234 0.36162551440329216
0 0.002758755572702332 0.29754420057918 0.08371913580246913 0.23662551440329221
0 0.0023793831447187926 0.7542757392165829 0.09297839506172839 0.17335390946502052
0 0.3623389810528121 0.69708981100442 0.10146604938271603 0.07921810699588487
0 0.2728298611111111 0.7938524043590917 0.09722222222222222 0.13837448559670784
0 0.16711971664951988 0.8323969288218258 0.09683641975308643 0.09979423868312773
0 0.3742951067386831 0.873519185337601 0.09606481481481484 0.0673868312757202
0 0.1605650934499314 0.6971322016460905 0.1026234567901235 0.125
0 0.4773008830589849 0.7645009335467154 0.09104938271604944 0.10545267489711936
0 0.37506617584019203 0.785048010973937 0.09529320987654326 0.07407407407407407
0 0.4722881301440329 0.8735234720317026 0.09490740740740745 0.07201646090534984
0 0.18487815072016459 0.0006068053650358177 0.11342592592592596 0.09979423868312756
0 0.2970679012345679 0.09876543209876543 0.0 0.0
0 0.0008120606138545954 0.0006177602499618961 0.05825617283950617 0.11162551440329219
0 0.13082293810013718 0.010883916323731138 0.05169753086419752 0.08796296296296295
0 0.37119020061728397 0.025273872123151957 0.06944444444444445 0.07355967078189299
0 0.4426057205932784 0.0031802507239750036 0.13001543209876548 0.10133744855967078
0 0.5748931005658436 0.0006106157597927145 0.06828703703703698 0.10390946502057613
0 0.6412037037037037 0.1044238683127572 0.0 0.0
0 0.4823189943415638 0.65593087943911 0.09490740740740738 0.07201646090534973
0 0.48996913580246915 0.6574074074074074 0.0 0.0
0 0.3719794881687243 0.6353452217649749 0.09490740740740745 0.06172839506172836
0 0.4976851851851852 0.47479423868312765 0.0 0.0
0 0.7777777777777778 0.5087448559670782 0.0 0.0
0 0.7766203703703703 0.5102880658436214 0.0 0.0
0 0.8668981481481481 0.7628600823045267 0.0 0.0
0 0.8040560163751714 0.6806308108520043 0.06288580246913572 0.0812757201646091
0 0.8727735982510288 0.6852609167809786 0.12731481481481477 0.08179012345679006
0 0.36226851851851855 0.7001028806584362 0.0 0.0
