0 0.5902750268974961 0.552538145539906 0.06646126760563378 0.33274647887323944
0 0.530850205399061 0.117637150060859 0.05809859154929574 0.2875586854460094
0 0.4604304210680752 0.10416503651538862 0.06205985915492944 0.3151408450704225
0 0.25004309712441314 0.5425578160319945 0.06205985915492956 0.3286384976525821
0 0.5194089886541472 0.5507710615545123 0.061619718309859114 0.3257042253521126
0 0.31826553941705793 0.10886041557989914 0.06294014084507044 0.3157276995305164
0 0.6092065849960876 0.1434522256998783 0.0743838028169015 0.2805164319248826
0 0.0704586023082942 0.5396148495913754 0.05193661971830986 0.3192488262910798
0 0.13384071791862284 0.11940749434880892 0.0545774647887324 0.2981220657276995
0 0.38825129597026603 0.1346608198574161 0.06778169014084506 0.29284037558685444
0 0.19281989681142409 0.550153777603895 0.0550176056338028 0.2928403755868544
0 0.1976608348004695 0.12820705094766127 0.054137323943661955 0.29460093896713613
0 0.4507448772496088 0.5419725917231786 0.05853873239436614 0.33039906103286387
0 0.37768333088810646 0.5302496304990437 0.06117957746478871 0.34565727699530513
0 0.13824151506259783 0.537856459746131 0.05369718309859153 0.32159624413145543
0 0.3209005770735524 0.5396137628238568 0.0545774647887324 0.31807511737089206
0 0.26059944737871676 0.12527821248478524 0.051936619718309866 0.3004694835680751
0 0.8767941852503913 0.5419861763171622 0.04841549295774633 0.34507042253521125
0 0.6888641309663537 0.13581822726482354 0.06294014084507048 0.27523474178403756
0 0.07706407717136149 0.13875956355416447 0.05677816901408451 0.2828638497652582
0 0.674338566118936 0.5548817596939662 0.061619718309859114 0.3286384976525822
0 0.022480499315336466 0.5443015345157364 0.04797535211267607 0.3104460093896714
0 0.024679369620500782 0.13289590940705964 0.04533450704225353 0.28814553990610325
0 0.937097760172144 0.546678838462876 0.05457746478873244 0.3427230046948357
0 0.8847222222222222 0.1076790992870805 0.05633802816901405 0.3075117370892019
0 0.9516166006455399 0.09887954268822811 0.04621478873239432 0.3110328638497652
