0 0.12201468358763694 0.06901951834463572 0.13776408450704228 0.38615023474178406
0 0.3073060323748044 0.07018779342723004 0.12632042253521128 0.38028169014084506
0 0.4578283939749609 0.08133639801773604 0.11795774647887317 0.3785211267605634
0 0.6325695055751174 0.09833507216136324 0.1254401408450704 0.3568075117370892
0 0.7659046728286386 0.09188402017040516 0.08582746478873228 0.3615023474178404
0 0.006257641334115806 0.5983453964527907 0.13776408450704225 0.36795774647887336
0 0.16250672437402192 0.6018475047817771 0.13644366197183097 0.3474178403755869
0 0.3095018461463224 0.5895050860719875 0.11927816901408449 0.32746478873239443
0 0.44506216989436614 0.5906787949921752 0.11487676056338035 0.32746478873239443
0 0.5784220950704225 0.5859839593114241 0.11091549295774648 0.3274647887323943
0 0.7091320055751175 0.5848031864023648 0.09374999999999992 0.3198356807511738
0 0.9498578711854461 0.5724732655190401 0.04885563380281689 0.3133802816901408
0 0.0035792008998435055 0.09540188662841244 0.08362676056338028 0.357981220657277
