0 0.8992587905907667 0.0905331681446705 0.07350352112676053 0.17018779342723003
0 0.8327856025039122 0.14327997304816553 0.056338028169014204 0.09448356807511733
0 0.7636844067879499 0.09224319683533298 0.057658450704225414 0.11561032863849766
0 0.6915052816901408 0.07522604764388803 0.0633802816901408 0.11737089201877934
0 0.6351507482394366 0.061712093548948015 0.039612676056338045 0.09976525821596244
0 0.583217185054773 0.10861100243435924 0.04401408450704222 0.04636150234741782
0 0.5400867444248827 0.04820139975656408 0.04885563380281681 0.08568075117370892
0 0.500910847026604 0.049952182229177536 0.04401408450704222 0.07511737089201878
0 0.45117890502738656 0.04525028255955486 0.04973591549295778 0.06748826291079814
0 0.4080340986893584 0.029993696748391585 0.03389084507042257 0.06924882629107983
0 0.3539031934663536 0.007704094940010433 0.04313380281690146 0.08098591549295775
0 0.3200044014084507 0.013556338028169015 0.03169014084507044 0.06338028169014084
0 0.9001250122261346 0.45903755868544605 0.05325704225352123 0.12676056338028166
0 0.8437836218701095 0.4513861719700922 0.04841549295774649 0.10269953051643188
0 0.7918424173513301 0.4273137280472961 0.041813380281690134 0.09037558685446004
0 0.7412301936619717 0.3962185924187098 0.04753521126760568 0.0991784037558685
0 0.6848952220266041 0.3762530429490523 0.05193661971830979 0.08568075117370892
0 0.6294359472809077 0.3627483263780213 0.04973591549295778 0.07805164319248824
0 0.5731089226330204 0.2366528647191793 0.06558098591549298 0.1625586854460094
0 0.5009233788145541 0.20788993218570684 0.062059859154929516 0.15492957746478878
0 0.44326339984350543 0.1885150408624587 0.0598591549295775 0.14553990610328643
0 0.22449200410798123 0.10279407929055816 0.02904929577464787 0.102112676056338
0 0.3926377274061033 0.15506759693966263 0.046214788732394395 0.1490610328638498
0 0.3393822134194053 0.14624521822291775 0.04841549295774649 0.1279342723004695
0 0.3032811888693271 0.1356639062771692 0.034771126760563376 0.10856807511737088
0 0.26498832404147105 0.10983959311424099 0.03389084507042253 0.1056338028169014
0 0.2354988874217527 0.2559886324117545 0.03389084507042253 0.12969483568075116
0 0.2715864632237871 0.2876727960354721 0.028169014084507064 0.12323943661971834
0 0.3068017043231612 0.31172404799165365 0.03389084507042257 0.11267605633802814
0 0.34377353530907667 0.3117577377847331 0.03389084507042257 0.14906103286384978
0 0.4331291568857589 0.383954420970266 0.04401408450704222 0.16373239436619716
0 0.500909318759781 0.42444194487915143 0.041813380281690134 0.1578638497652582
0 0.5167705888106416 0.5329290558163797 0.06514084507042266 0.07042253521126766
0 0.5616502836463223 0.5447058120326899 0.04401408450704222 0.11326291079812208
0 0.6100602748435054 0.5869604199269692 0.03609154929577466 0.11443661971830982
0 0.6747701486697966 0.6321411493653277 0.04929577464788737 0.10680751173708929
0 0.7434244791666667 0.7119424882629108 0.03829225352112676 0.09507042253521127
0 0.7918393608176839 0.7571368022952529 0.037411971830985796 0.10211267605633802
0 0.8222161091549296 0.6456290210398191 0.04753521126760552 0.0962441314553991
0 0.37195446987480435 0.5735100417318727 0.051056338028169064 0.16549295774647893
0 0.3437704787754304 0.5569803077725614 0.029489436619718312 0.05985915492957748
0 0.3314456181533646 0.6033396365849417 0.028169014084507026 0.057511737089201896
0 0.2931564211658842 0.579266105894627 0.032570422535211245 0.04401408450704225
0 0.30899996332159624 0.5329165579899148 0.030369718309859114 0.056924882629108026
0 0.27379358616979654 0.5041596026777952 0.03741197183098595 0.05575117370892018
0 0.26366178843896715 0.5522735176491045 0.02508802816901409 0.04694835680751171
0 0.23549644219483568 0.5235160189532255 0.030369718309859156 0.04518779342722999
0 0.25485866588419404 0.48771898365501654 0.024647887323943685 0.046361502347417836
0 0.190619192586072 0.44548122065727697 0.0550176056338028 0.06338028169014086
0 0.7218853922143975 0.9272974265345156 0.07834507042253512 0.07276995305164326
0 0.6452950777582159 0.8833192053555903 0.06998239436619724 0.11150234741784046
0 0.5911482785602504 0.8111317596939662 0.05633802816901397 0.10680751173708929
0 0.5233589470852895 0.7870473613284646 0.04533450704225351 0.08157276995305161
0 0.4489928721635368 0.7406825986784906 0.07086267605633796 0.07805164319248818
0 0.44105994473787163 0.9284700486871849 0.05589788732394364 0.0715962441314554
0 0.40055231562989047 0.9032342201356286 0.034771126760563376 0.07042253521126757
0 0.35742584849374026 0.8562874934793947 0.04533450704225351 0.07218309859154938
0 0.22451003765649452 0.9284700486871849 0.0550176056338028 0.0715962441314554
0 0.29315886639280125 0.7101525821596244 0.03609154929577463 0.0633802816901408
0 0.2808355340375587 0.7570949617457834 0.036971830985915506 0.056924882629108026
0 0.2513393730438184 0.7101417144844375 0.02728873239436618 0.05164319248826288
0 0.26850211512128325 0.6684772213528082 0.023327464788732398 0.053990610328638465
0 0.1870858396909233 0.5898251391062423 0.03741197183098595 0.03931924882629108
0 0.1857574701682316 0.6291471048513303 0.025968309859154933 0.042253521126760535
0 0.2209742395344288 0.6379526386715354 0.0338908450704225 0.04518779342722999
0 0.15186509683098592 0.5493598939314902 0.02376760563380282 0.06924882629107972
0 0.20865396371283254 0.8234220135628587 0.0391725352112676 0.07042253521126766
0 0.1386700410798122 0.7271751651886629 0.036971830985915506 0.06748826291079811
0 0.17255782961658842 0.815769540079986 0.032570422535211266 0.045187793427230095
0 0.10344868691314553 0.4889394235785081 0.022447183098591554 0.09683098591549298
