0 0.3974988385172144 0.17109089723526344 0.07438380281690142 0.34154929577464793
0 0.11715234986306729 0.6428876499739176 0.10783450704225352 0.30457746478873243
0 0.26415144512910793 0.6282228090766823 0.09639084507042257 0.3116197183098592
0 0.6593896713615024 0.5807202008346375 0.08450704225352107 0.3468309859154929
0 0.46177499021909235 0.5860181924882629 0.09683098591549298 0.3644366197183098
0 0.7694264108959312 0.6446449530516433 0.08670774647887325 0.301056338028169
0 0.8112394855242567 0.19396952703877585 0.08626760563380269 0.33215962441314567
0 0.5678461830007826 0.5830768561989218 0.09286971830985911 0.3568075117370893
0 0.8688909062010954 0.6358492001391062 0.07614436619718311 0.30868544600938963
0 0.6523330521322379 0.14295176925752046 0.06382042253521121 0.37382629107981213
0 0.5722338370500782 0.13826128064684404 0.07306338028169014 0.3785211267605634
0 0.185780394170579 0.14937836897930795 0.058978873239436624 0.3427230046948357
0 0.2584002714201878 0.1511405625108677 0.054137323943662 0.3444835680751174
0 0.32090699579420967 0.1523240523387237 0.06382042253521132 0.35504694835680745
0 0.7196730731611893 0.15057653016866634 0.0616197183098592 0.3691314553990611
0 0.48684865267996863 0.1740235393844549 0.07614436619718311 0.33978873239436624
0 0.36977699530516434 0.601830116501478 0.08450704225352115 0.3286384976525821
0 0.00048140404929577466 0.5930381672752564 0.05941901408450703 0.34037558685446007
0 0.11096072965571206 0.21446759259259263 0.06514084507042252 0.2869718309859154
0 0.9164288683489827 0.21097254825247783 0.08010563380281689 0.3151408450704226
0 0.943263094190141 0.6399593548948008 0.059419014084507026 0.3110328638497652
0 0.6246378007629109 0.0006585811163275952 0.1122359154929577 0.07746478873239437
0 0.7425762910798123 0.0006640149539210573 0.08450704225352124 0.08333333333333333
