0 0.8354062744522691 0.2789264910450357 0.02728873239436606 0.18427230046948356
0 0.3895640771713615 0.2936282820379065 0.05677816901408453 0.2171361502347417
0 0.49035357981220656 0.2918601112849939 0.05281690140845067 0.2089201877934272
0 0.34334317537167447 0.28425599895670317 0.04797535211267605 0.23591549295774655
0 0.3464180482198748 0.5630265388628065 0.03917253521126756 0.25176056338028163
0 0.054612309272300465 0.6088212919492262 0.050176056338028165 0.2734741784037559
0 0.43665334017996865 0.0007922535211267606 0.04841549295774649 0.22183098591549294
0 0.2993290908646323 0.5683038819335767 0.04797535211267605 0.24706572769953056
0 0.10919344190140845 0.27372250478177707 0.05545774647887324 0.2681924882629108
0 0.6175509218505477 0.023081855329507916 0.047975352112676006 0.21009389671361503
0 0.2918470021517997 0.27312097896018084 0.04841549295774649 0.25234741784037545
0 0.3913206670579029 0.5618343548948008 0.051056338028169064 0.2318075117370893
0 0.5929002836463223 0.2959523343766301 0.04401408450704222 0.19190140845070427
0 0.4480921116979656 0.2918704355764215 0.04137323943661973 0.22007042253521125
0 0.6193044552034429 0.762539123630673 0.03785211267605636 0.23239436619718307
0 0.6113849765258216 0.5330545774647888 0.04225352112676062 0.20598591549295786
0 0.4846247187989045 0.001961615371239785 0.04269366197183102 0.21713615023474178
0 0.11976507482394365 0.0007944270561641454 0.06734154929577464 0.22417840375586853
0 0.28260251613849763 0.003722722135280821 0.046214788732394395 0.2177230046948357
0 0.10875238409624412 0.6017627369153191 0.054137323943661976 0.255868544600939
0 0.6650827709311424 0.03480753347243957 0.043133802816901344 0.19776995305164316
0 0.05593395442097027 0.2819411841418884 0.051936619718309845 0.27112676056338025
0 0.4903480780516431 0.5459789601808381 0.04489436619718311 0.22065727699530513
0 0.0009151261737089203 0.6123418753260302 0.050176056338028165 0.272887323943662
0 0.33761920481220653 0.012515214745261693 0.04489436619718311 0.20657276995305165
0 0.060779477210485135 0.0007993175099982612 0.05765845070422536 0.2294600938967136
0 0.5713303257042254 0.5418590245174753 0.03961267605633796 0.20774647887323947
0 0.6457168794014084 0.5131210876369328 0.043573943661971905 0.227112676056338
0 0.5264380990805947 0.0007922535211267606 0.04269366197183102 0.22183098591549294
0 0.3904376344874804 0.010176491045035646 0.047095070422535204 0.215962441314554
0 0.16640777826682315 0.2813516127629977 0.04973591549295776 0.2681924882629109
0 0.5480025552621283 0.2695764866979655 0.03917253521126764 0.22711267605633811
0 0.7068897324921753 0.033048056859676586 0.033890845070422414 0.19894366197183097
0 0.44369345412754313 0.5518610893757607 0.04533450704225351 0.23532863849765262
0 0.5704506553208137 0.028356481481481486 0.04049295774647885 0.20246478873239435
0 0.6879624535406885 0.5119403147278734 0.0321302816901408 0.2194835680751173
0 0.8552175029342722 0.07702030081724918 0.034330985915493134 0.1537558685446009
0 0.7530993251173709 0.355739762649974 0.026408450704225258 0.11443661971830982
0 0.7183306435837247 0.5107568249000173 0.029929577464788634 0.2089201877934273
0 0.004439309467918623 0.0007960572074421841 0.0545774647887324 0.22593896713615022
0 0.5317161213810642 0.5418780429490523 0.03741197183098595 0.22828638497652587
0 0.1694960998630673 0.5782907320466006 0.06029929577464789 0.2582159624413146
0 0.7407766040688576 0.04360382976873588 0.028169014084507026 0.1907276995305164
0 0.25750959751564945 0.5601009607024865 0.0391725352112676 0.26115023474178406
0 0.8939495916471047 0.4831534733089897 0.03389084507042257 0.18603286384976522
0 0.9225507995892019 0.282431859676578 0.022447183098591474 0.16725352112676053
0 0.8877873141627544 0.07175002173535039 0.03345070422535201 0.16607981220657275
0 0.8754584800469483 0.7114333376804034 0.026408450704225414 0.17899061032863847
0 0.8173601941510171 0.48258944096678846 0.026848591549295815 0.21068075117370882
0 0.8464094899256651 0.7231628195096504 0.02684859154929566 0.17077464788732408
0 0.9560082281885758 0.6727063771517996 0.03213028169014096 0.18485915492957758
0 0.8089987407081378 0.2748261171970092 0.028609154929577427 0.1924882629107981
0 0.8930653364632238 0.27364208398539386 0.028169014084507026 0.1813380281690141
0 0.8455264573552427 0.49724395757259615 0.02288732394366188 0.1924882629107981
0 0.7843554381846636 0.4919872630846809 0.035211267605633784 0.21948356807511749
0 0.9273981562989045 0.4778696096331072 0.0308098591549296 0.18368544600938974
0 0.9498407545970267 0.2748049252303948 0.024207746478873245 0.16960093896713613
0 0.9538069126564945 0.4743452225699878 0.03125 0.1801643192488263
0 0.8648957110719874 0.28889160580768564 0.02728873239436622 0.17194835680751172
0 0.9203528462441314 0.12510595983307252 0.026408450704225414 0.11443661971830986
0 0.8023984619522692 0.046538645452964704 0.03125 0.19131455399061031
0 0.7786290223982786 0.28303610241697097 0.028609154929577427 0.18603286384976533
0 0.7711481562989045 0.04653755868544601 0.0308098591549296 0.19014084507042256
0 0.5427190312010954 0.8065200617283951 0.03653169014084499 0.1965962441314554
0 0.4960662411971831 0.8211789254042776 0.039612676056338045 0.18309859154929575
0 0.34818044552034433 0.8768779342723004 0.041813380281690134 0.12676056338028172
0 0.5818894268388107 0.7801333463745436 0.03345070422535209 0.22007042253521125
0 0.38999902190923325 0.8540085419926969 0.04929577464788729 0.14612676056338028
0 0.30152551594287946 0.8745250825943315 0.041813380281690134 0.1208920187793427
0 0.6584720999608764 0.7707230264301861 0.030809859154929675 0.19776995305164316
0 0.4511761541471049 0.8340739653973221 0.04577464788732392 0.1660798122065728
0 0.9093554381846636 0.9097059207094419 0.035211267605633784 0.0880281690140844
0 0.13383521615805946 0.9202665840723352 0.046654929577464796 0.08509389671361504
0 0.18049106269561818 0.9085322117892541 0.04797535211267605 0.0880281690140844
0 0.9282735475352112 0.6791585159102764 0.023767605633803 0.18133802816901415
0 0.8208794869913927 0.7255238219440098 0.024207746478873245 0.18544600938967135
0 0.7319750097809077 0.7478362458702834 0.029929577464788634 0.19835680751173712
0 0.9511706523865415 0.9003119022778646 0.0378521126760562 0.08333333333333333
0 0.6928067537167449 0.762495109546166 0.036091549295774586 0.18485915492957739
0 0.8336414319248827 0.06178327682142236 0.021126760563380427 0.17664319248826293
0 0.9388436521909233 0.07527332203095113 0.03345070422535217 0.16842723004694832
0 0.7315296728286386 0.35574465310380804 0.022447183098591474 0.11971830985915485
0 0.7099621601134585 0.36043894540079985 0.021566901408450828 0.11913145539906103
0 0.6875198674687011 0.3557495435576422 0.028609154929577427 0.125
0 0.6611071376173709 0.35281907494348813 0.022447183098591554 0.12910798122065725
0 0.002237993935837246 0.27608731090245175 0.053697183098591554 0.2869718309859156
0 0.7504624535406885 0.5013644366197183 0.0321302816901408 0.20598591549295775
0 0.904068246283255 0.7090832029212311 0.02728873239436622 0.176056338028169
0 0.7891951535602503 0.7325682490001739 0.03257042253521136 0.18779342723004683
0 0.7627824237089201 0.7425561858807165 0.026408450704225258 0.20011737089201873
