0 0.9170945323216736 0.4466211324493217 0.06057098765432095 0.12860082304526746
0 0.6026663237311385 0.15911636945587565 0.06172839506172841 0.17901234567901234
0 0.8198672196502056 0.42760202331961594 0.0532407407407408 0.14351851851851846
0 0.5274310913923183 0.4527977823502515 0.05632716049382714 0.13271604938271603
0 0.8032785172325101 0.15800468678555096 0.05439814814814825 0.0895061728395062
0 0.13082508144718794 0.38752953055936595 0.05478395061728395 0.19855967078189307
0 0.305208065414952 0.4316486625514403 0.05516975308641976 0.06944444444444445
0 0.8545843514231826 0.26960448102423407 0.045910493827160316 0.06172839506172841
0 0.41477382330246915 0.9234248780673678 0.05208333333333341 0.07664609053497937
0 0.5760408629115227 0.45793467078189304 0.0543981481481481 0.125
0 0.4649249292695473 0.9234248780673678 0.04745370370370373 0.07664609053497937
0 0.6871511702674897 0.44861968449931416 0.053240740740740713 0.06481481481481481
0 0.0652391975308642 0.09383049458923945 0.05555555555555555 0.2258230452674897
0 0.13352034036351165 0.1169519699740893 0.047067901234567895 0.1970164609053498
0 0.4016509130658436 0.6724317939338516 0.04398148148148151 0.11522633744855969
0 0.29864379715363515 0.6632030178326475 0.047067901234567895 0.14814814814814814
0 0.0899206425754458 0.3700326741350404 0.041280864197530874 0.19084362139917693
0 0.5035065157750344 0.25520785703398874 0.0493827160493827 0.06893004115226338
0 0.3526502486282579 0.6616193225118122 0.03858024691358028 0.10442386831275714
0 0.19833381558641977 0.15343078417924094 0.04513888888888889 0.14969135802469138
0 0.026271004801097394 0.3905921353452218 0.05246913580246915 0.1728395061728394
0 0.2855251736111111 0.148306755829904 0.04513888888888889 0.1712962962962963
0 0.7481221600651576 0.4702389117512574 0.07368827160493842 0.08024691358024694
0 0.8121407214506173 0.2536717916476147 0.03819444444444429 0.07664609053497942
0 0.19370418595679015 0.3803359815576894 0.04513888888888889 0.2073045267489712
0 0.01855174039780521 0.09433775339125133 0.047839506172839504 0.21810699588477364
0 0.3360602066186557 0.15189614769090076 0.03780864197530865 0.1589506172839506
0 0.7006558641975309 0.2037508573388203 0.05555555555555555 0.05092592592592592
0 0.30751725394375856 0.5113845069349184 0.047067901234567895 0.07304526748971196
0 0.2461693029835391 0.14471212467611644 0.039351851851851825 0.17798353909465017
0 0.7812813464506173 0.003135954884926078 0.04513888888888889 0.05349794238683127
0 0.44139312199931413 0.2531550068587106 0.05054012345679016 0.07407407407407407
0 0.5598240312071331 0.17606310013717422 0.03549382716049389 0.14814814814814814
0 0.24463895318930043 0.38344192958390494 0.05787037037037036 0.22839506172839502
0 0.9024227859224966 0.20639908169486357 0.0443672839506173 0.13323045267489714
0 0.945238554526749 0.21409226870903827 0.03240740740740746 0.10853909465020574
0 0.7616024734224967 0.279894452065234 0.04089506172839508 0.06378600823045265
0 0.19447364754801097 0.6688747904282885 0.04205246913580246 0.16255144032921798
0 0.24964098936899862 0.6740054869684499 0.038580246913580196 0.14814814814814814
0 0.1431651341735254 0.6704308603871361 0.046682098765432126 0.17644032921810687
0 0.05211601937585734 0.6693734758420973 0.047067901234567895 0.14557613168724276
0 0.32950156464334707 0.9285641479957323 0.03780864197530865 0.07150205761316879
0 0.7820494684499314 0.6549582761774119 0.04012345679012349 0.13271604938271608
0 0.10149042995541839 0.6734887021795458 0.035108024691358014 0.14557613168724276
0 0.5505714699074075 0.677071425849718 0.04513888888888881 0.12602880658436222
0 0.5513403956618657 0.9157059708885841 0.04128086419753079 0.0735596707818929
0 0.15743553883744857 0.9156935871056242 0.040509259259259245 0.06018518518518518
0 0.2824333954903978 0.928557003505563 0.03742283950617286 0.0637860082304528
0 0.3684700252914952 0.921365359701265 0.041280864197530874 0.07458847736625523
0 0.507745520404664 0.681200941167505 0.042438271604938176 0.14146090534979427
0 0.45141380529835395 0.6734729843011736 0.035879629629629685 0.1286008230452674
0 0.11229102366255145 0.8925892584971804 0.03240740740740742 0.1075102880658436
0 0.06098331404320987 0.89721269623533 0.03819444444444445 0.10082304526748974
0 0.8966314621913579 0.6642118198445358 0.03819444444444445 0.12654320987654327
0 0.7106714570473252 0.6719297744246304 0.033564814814814686 0.12860082304526751
0 0.6539659957990398 0.709459781283341 0.0443672839506173 0.10545267489711936
0 0.9425553519375857 0.6899119798811157 0.0574845679012346 0.1049382716049382
0 0.2114484203532236 0.9244527320530407 0.04128086419753083 0.07561728395061725
0 0.3796596364883402 0.15191138926992837 0.04320987654320984 0.1754115226337449
0 0.42942895876200277 0.16981071864045116 0.044367283950617224 0.06224279835390947
0 0.4861593364197531 0.1821630658436214 0.06944444444444445 0.06944444444444448
0 0.6952554333847737 0.2639546181984454 0.05671296296296294 0.07098765432098762
0 0.36153710133744854 0.4861992264898644 0.0578703703703704 0.09516460905349788
0 0.420555234053498 0.4970074112178021 0.04398148148148151 0.10133744855967079
0 0.4784242648319616 0.4466311347355586 0.04205246913580238 0.13940329218107
0 0.6281196416323731 0.5237258992531626 0.047839506172839524 0.06841563786008233
0 0.6825207368827161 0.5345226527968298 0.052083333333333336 0.06224279835390942
0 0.8823514124657064 0.43634402149062645 0.030478395061728412 0.140432098765432
0 0.8210342721193414 0.6601251714677641 0.06712962962962968 0.1574074074074074
0 0.7519461591220851 0.6739940557841791 0.02469135802469127 0.13580246913580254
0 0.5976425861625514 0.9187971536351166 0.04976851851851857 0.0787037037037036
0 0.6497149348422496 0.8931031854900168 0.033950617283950636 0.10699588477366254
0 0.6960176611796982 0.9038823159579332 0.04320987654320984 0.08179012345679006
0 0.7392361111111111 0.8797301287913427 0.05555555555555555 0.10853909465020571
0 0.8017312885802468 0.8828151196463955 0.04861111111111111 0.10699588477366254
0 0.8912350501543209 0.8853942805974698 0.04513888888888889 0.11471193415637862
