0 0.28877793671752744 0.17040949400104333 0.06558098591549294 0.23943661971830982
0 0.35744571596244135 0.19445368196835333 0.07394366197183094 0.22124413145539906
0 0.0004884340766823161 0.13991805772909058 0.06954225352112677 0.2664319248826291
0 0.5748682633998435 0.6052001825769431 0.06382042253521121 0.16549295774647893
0 0.1646569957942097 0.5278147278734133 0.06382042253521127 0.25117370892018787
0 0.7733650601525822 0.3334153842809946 0.05413732394366188 0.08861502347417842
0 0.09951523376369328 0.5377722352634324 0.0625 0.23063380281690135
0 0.22363220119327076 0.178617849069727 0.058538732394366216 0.23122065727699526
0 0.8420282545970265 0.33869001043296815 0.0558978873239438 0.08098591549295775
0 0.14441571302816902 0.16806696661450182 0.07130281690140843 0.2447183098591549
0 0.6342891114045384 0.3234546165884194 0.06646126760563378 0.10563380281690145
0 0.7060317634976526 0.3234518996696226 0.06602112676056329 0.10269953051643194
0 0.6479258362676057 0.5999304468788038 0.05545774647887324 0.17840375586854448
0 0.08102931827073553 0.15750902017040516 0.0625 0.2505868544600939
0 0.0004890453834115806 0.5442308946270213 0.07042253521126761 0.23415492957746478
0 0.7003029024843505 0.6134096244131456 0.055897887323943726 0.15845070422535207
0 0.8860713761737091 0.5225493392453486 0.09771126760563362 0.2687793427230047
0 0.7632552694640062 0.6163417231785776 0.07350352112676053 0.1561032863849766
0 0.6761217478482002 0.8581089158407235 0.09419014084507032 0.13791079812206566
0 0.31476030663145543 0.8493180533820204 0.0858274647887324 0.15082159624413155
0 0.49916098151408445 0.8540058250739002 0.0594190140845071 0.1431924882629107
0 0.5850034233176838 0.8528359198400277 0.08098591549295778 0.14730046948356812
0 0.4173070104655712 0.8457980133889758 0.077024647887324 0.15199530516431917
0 0.8011263326486698 0.8416960093896714 0.10079225352112675 0.15845070422535218
0 0.24212239583333334 0.8446253912363068 0.0647007042253521 0.15316901408450692
0 0.048475095363849766 0.8581110893757609 0.08582746478873239 0.14025821596244115
0 0.1879710118348983 0.859274474004521 0.044454225352112665 0.12910798122065742
0 0.8895756919992176 0.8551741001564944 0.07350352112676038 0.1373239436619718
0 0.9128890967331769 0.3404587245696401 0.05325704225352108 0.08978873239436616
0 0.9459002714201877 0.22437510867675187 0.05413732394366204 0.2124413145539906
0 0.9207981831964007 0.23482274821770127 0.033890845070422414 0.08744131455399064
0 0.8882323454616589 0.24068151191097203 0.04049295774647877 0.07687793427230044
