0 0.12273742926954735 0.31806698673982625 0.07523148148148147 0.17901234567901228
0 0.40242948388203015 0.12619979804907788 0.0540123456790123 0.1846707818930041
0 0.18331377529149523 0.13700321978356958 0.08294753086419754 0.18569958847736626
0 0.4580027220507545 0.1339220393232739 0.07947530864197531 0.19135802469135804
0 0.6894825960219478 0.1441939109891785 0.07716049382716056 0.17386831275720166
0 0.6825357403120714 0.3237173258649596 0.07368827160493825 0.17026748971193406
0 0.6053768539951989 0.3226918533760097 0.07600308641975309 0.17386831275720163
0 0.5393976658950617 0.3211491197988111 0.06597222222222222 0.17438271604938274
0 0.7801359953703704 0.5572097431793934 0.0625 0.11985596707818921
0 0.09805303712277093 0.1328865645480872 0.08526234567901236 0.18415637860082304
0 0.3908685378086419 0.5814314700502972 0.07291666666666674 0.16820987654320996
0 0.716480999228395 0.5572221269623533 0.06597222222222222 0.13323045267489703
0 0.03940757887517147 0.5361358786770309 0.08024691358024691 0.13786008230452668
0 0.26973245670438956 0.3288608824874257 0.08140432098765432 0.16975308641975312
0 0.2693447788065843 0.133918228928517 0.07870370370370373 0.18724279835390942
0 0.6100080911351166 0.13802583447645178 0.07831790123456786 0.17901234567901234
0 0.45916012945816187 0.3211538827922572 0.07947530864197525 0.17952674897119344
0 0.4059014381858711 0.3180546029568664 0.05362654320987659 0.16563786008230455
0 0.19565114883401924 0.3242298239597622 0.07098765432098762 0.16820987654320996
0 0.46686573002400555 0.5767851699436061 0.06442901234567897 0.1502057613168725
0 0.5397848079561042 0.1354528654168572 0.06790123456790119 0.17798353909465017
0 0.12233689128943759 0.5330213572626125 0.05401234567901234 0.1075102880658436
0 0.2515911672668038 0.5603295038866026 0.06905864197530866 0.15586419753086414
0 0.6177171746399178 0.5839715744551135 0.06828703703703691 0.1337448559670782
0 0.35227409122085046 0.31085057536960825 0.052469135802469126 0.1630658436213992
0 0.5413221236282578 0.5942505906111872 0.059413580246913573 0.12397119341563788
0 0.33259843321330584 0.5664999618960525 0.05285493827160496 0.15329218106995895
0 0.03941400891632373 0.33399872351775645 0.08950617283950615 0.16306584362139911
0 0.017809874399862827 0.1395785703398872 0.0906635802469136 0.18930041152263374
0 0.7585428455075446 0.3242312528577961 0.07947530864197525 0.169753086419753
0 0.7689608517661181 0.1472812833409541 0.08140432098765428 0.1748971193415638
0 0.8322327246227709 0.32268375628715135 0.08179012345679015 0.16512345679012344
0 0.8449580439814816 0.5525924973327236 0.07291666666666667 0.13323045267489714
0 0.8526740933641976 0.1426521300106691 0.07291666666666667 0.1754115226337449
0 0.5386249892832647 0.7208104709647919 0.06442901234567913 0.14197530864197536
0 0.10962148491083676 0.6796696387745769 0.07716049382716048 0.15432098765432106
0 0.6929513353052126 0.7177440557841793 0.07214506172839516 0.1635802469135803
0 0.02667636531207133 0.6858524805669867 0.08063271604938271 0.1651234567901235
0 0.6076855066872427 0.7264736701722299 0.06712962962962968 0.14711934156378603
0 0.46648046339163235 0.7254448635878677 0.06520061728395063 0.14711934156378603
0 0.25159357853223596 0.7192758344764517 0.07253086419753087 0.1512345679012346
0 0.3368422603737998 0.7208080894680688 0.05285493827160488 0.13940329218107006
0 0.7701177233367628 0.7182536960829141 0.0806327160493827 0.15843621399176952
0 0.8526628407921811 0.7192786922725194 0.056712962962963014 0.15432098765432106
0 0.0008093814300411523 0.3257782731290962 0.05439814814814815 0.17386831275720163
0 0.3920256772976681 0.7465292066758116 0.07253086419753087 0.14043209876543217
0 0.9321445794753086 0.7357300716354214 0.06597222222222222 0.14403292181069957
