0 0.3796925904492456 0.754297648986435 0.09066358024691357 0.19701646090534974
0 0.7550644611625514 0.17456894909312606 0.0706018518518519 0.20113168724279834
0 0.22191518775720165 0.5557222603261698 0.11342592592592596 0.1800411522633745
0 0.6578457218792867 0.46519013869836917 0.07561728395061722 0.1831275720164609
0 0.6100051440329218 0.7141351356500533 0.07407407407407404 0.154835390946502
0 0.004678926611796982 0.2507249276024996 0.07098765432098765 0.2273662551440329
0 0.560244127229081 0.4816510440481634 0.0848765432098765 0.18312757201646096
0 0.7357719264403291 0.4687790542600213 0.06712962962962968 0.17026748971193417
0 0.12930276920438954 0.5351023090992227 0.08487654320987659 0.13271604938271608
0 0.9502633637688617 0.6858048506325255 0.045910493827160476 0.11368312757201651
0 0.5351597329389575 0.20029101889955797 0.07445987654320992 0.2031893004115226
0 0.6188906571502057 0.18435451912818168 0.09143518518518524 0.2139917695473251
0 0.4533720207475994 0.20646147690900776 0.07793209876543214 0.20061728395061731
0 0.38315463177297665 0.4970869532083524 0.07600308641975309 0.18724279835390942
0 0.06100233624828532 0.2111182556012803 0.06558641975308643 0.22993827160493824
0 0.8449333954903979 0.18584009678402683 0.0374228395061727 0.15174897119341565
0 0.002004565329218107 0.5907088286846517 0.10879629629629631 0.18775720164609058
0 0.3954853073559671 0.0006096631611034903 0.054398148148148175 0.102880658436214
0 0.8827455204046638 0.18532759868922422 0.04243827160493825 0.15380658436213995
0 0.5359278549382717 0.004208581008992532 0.06944444444444436 0.10082304526748971
0 0.463005026148834 0.0006139498552049993 0.06057098765432095 0.10751028806584362
0 0.8858346193415638 0.46668095564700507 0.04629629629629619 0.12654320987654316
0 0.8368336869855968 0.48571768785246155 0.0405092592592592 0.13065843621399176
0 0.9390769675925925 0.45125647767108673 0.04861111111111111 0.13477366255144038
0 0.7164839463305899 0.009860349032159732 0.07021604938271603 0.09362139917695474
0 0.8742669753086421 0.0006029949702789209 0.05555555555555555 0.09567901234567902
0 0.8152370541838135 0.0021485863435451915 0.05246913580246921 0.09825102880658435
0 0.13896444187242799 0.8221764974851394 0.10879629629629627 0.1728395061728397
0 0.024378161436899862 0.8298825445816187 0.10455246913580246 0.16203703703703703
0 0.7064514746227709 0.6873604442920286 0.06790123456790127 0.12705761316872433
0 0.5112525720164609 0.7527330056393842 0.09259259259259262 0.1738683127572018
0 0.2516155478395062 0.7918476604176193 0.10416666666666671 0.19547325102880656
0 0.8059901191700961 0.6739759564090839 0.07021604938271603 0.1162551440329218
0 0.676333697702332 0.7012474279835391 0.031635802469135714 0.125
0 0.8788861561213992 0.6641770499923791 0.04050925925925936 0.08899176954732518
0 0.020061728395061727 0.1440329218106996 0.0 0.0
0 0.003930630572702332 0.0021976451760402377 0.10455246913580248 0.15123456790123455
0 0.10503927683470508 0.005263107757963724 0.1454475308641975 0.12860082304526751
0 0.2558778613683127 0.0037241845755220243 0.13078703703703703 0.1332304526748971
0 0.6146422753772292 0.005232148300563938 0.0848765432098765 0.09516460905349794
0 0.1810359332133059 0.19571997408931566 0.1361882716049383 0.26646090534979416
0 0.7099033350480111 0.17149110272824264 0.03858024691358024 0.2103909465020576
0 0.9198066700960219 0.21411894147233654 0.07716049382716048 0.13734567901234568
0 0.46569840963648834 0.49706313824112175 0.05015432098765436 0.16152263374485598
0 0.5227859224965706 0.49964134659350706 0.03395061728395055 0.16820987654320996
0 0.1277391975308642 0.19721126733729613 0.05555555555555555 0.2103909465020576
0 0.33648351766117973 0.20339363283036122 0.09182098765432103 0.220679012345679
