0 0.24040557484567904 0.06545162703856118 0.07291666666666667 0.13220164609053497
0 0.837624582047325 0.7815381611034903 0.06828703703703715 0.17232510288065853
0 0.7662637174211248 0.07730957552202408 0.08641975308641985 0.16100823045267493
0 0.14626870070301784 0.04283264746227709 0.07137345679012343 0.14814814814814814
0 0.26507148062414265 0.7336977023319615 0.036265432098765434 0.1712962962962963
0 0.928671285579561 0.8355433622923335 0.06442901234567905 0.16460905349794244
0 0.6381748864026063 0.4040633097088858 0.08294753086419746 0.27726337448559674
0 0.2666246034807956 0.3927416742874562 0.05054012345679016 0.27211934156378603
0 0.0004032171639231824 0.30373561575979274 0.025077160493827157 0.2566872427983539
0 0.6636440114883401 0.07678421734491693 0.0918209876543211 0.14917695473251033
0 0.5690902563443072 0.36857710333790583 0.045524691358024685 0.2854938271604938
0 0.4001031485768175 0.379381001371742 0.03742283950617286 0.2870370370370371
0 0.3260489004629629 0.06032474089315653 0.06597222222222227 0.15072016460905352
0 0.4653262710048011 0.0721422039323274 0.06983024691358024 0.13580246913580243
0 0.5150679976851852 0.3927164304221918 0.03125 0.24485596707818932
0 0.08915600351508915 0.07982967535436672 0.05131172839506175 0.10493827160493828
0 0.03128188228737997 0.059279740131077584 0.04591049382716049 0.13323045267489714
0 0.5521519204389574 0.06855995656149977 0.09876543209876548 0.1558641975308642
0 0.7280748992626888 0.3932765584514556 0.09452160493827143 0.29423868312757195
0 0.32873505015432103 0.39273881649138853 0.04513888888888889 0.2690329218106996
0 0.22687382115912208 0.3921915485444292 0.031635802469135756 0.23353909465020573
0 0.45257523148148143 0.3835038484987045 0.041666666666666664 0.29526748971193406
0 0.029731438614540466 0.307323102423411 0.035493827160493825 0.24228395061728403
0 0.19253900891632372 0.37420267489711934 0.033950617283950636 0.25000000000000006
0 0.3854646240569273 0.02638460219478738 0.06905864197530866 0.16203703703703703
0 0.8800516010802468 0.6215063443072703 0.052083333333333336 0.11574074074074074
0 0.8565498006687243 0.04801716582837982 0.09837962962962953 0.19187242798353907
0 0.35303846236282577 0.7501681336686481 0.0420524691358025 0.18158436213991766
0 0.5389909657921812 0.7584171620179849 0.0358796296296296 0.2016460905349796
0 0.4884559327846365 0.7527525339125133 0.04320987654320984 0.1949588477366256
0 0.3985610103737997 0.7506844421582076 0.038966049382716035 0.1836419753086419
0 0.4475514939128944 0.7527411027282426 0.029706790123456745 0.1826131687242799
0 0.3129117905521262 0.7455299306508154 0.03742283950617286 0.17232510288065853
0 0.18096841778120715 0.7177545343697608 0.03896604938271607 0.17489711934156382
0 0.6910024969993142 0.7938809823197683 0.04359567901234571 0.16923868312757195
0 0.756209544324417 0.7830780368846212 0.05285493827160492 0.168724279835391
0 0.6389205032578874 0.7799916171315348 0.04552469135802476 0.1687242798353909
0 0.06643679269547326 0.4317020080780369 0.11342592592592592 0.12705761316872433
0 0.0016032235939643347 0.696651615607377 0.08641975308641975 0.16152263374485598
0 0.11731154621056242 0.33804822054564854 0.03973765432098766 0.09207818930041153
