0 0.7117529831768388 0.3025229307946444 0.06514084507042257 0.3163145539906103
0 0.13824487724960877 0.289047556946618 0.0585387323943662 0.34037558685446007
0 0.2135077391431925 0.2972493914101896 0.056778169014084494 0.3251173708920188
0 0.6470415810837247 0.321286515388628 0.049735915492957694 0.29929577464788737
0 0.07486673513302035 0.29372446096331073 0.06161971830985916 0.32100938967136156
0 0.2724771371283255 0.3347526517127456 0.04313380281690138 0.2652582159624414
0 0.5004768192488263 0.3101330203442879 0.05281690140845075 0.29577464788732394
0 0.5757375415688575 0.32186847939488783 0.04797535211267608 0.2940140845070423
0 0.01852198258998435 0.3036787080507738 0.051936619718309866 0.29694835680751175
0 0.7922914221439751 0.003098917579551382 0.05457746478873228 0.1778169014084507
0 0.7900894953051645 0.27908081203269 0.05281690140845067 0.35093896713615025
0 0.7073534086463223 0.005431664058424622 0.06778169014084506 0.1619718309859155
0 0.16860664857198748 0.0007678012519561816 0.04709507042253518 0.19542253521126762
0 0.09598310348200313 0.00429490523387237 0.046654929577464796 0.20187793427230047
0 0.25399336120892024 0.0007493262041384107 0.04621478873239436 0.17546948356807512
0 0.025125317879499218 0.0048676317162232655 0.053697183098591554 0.18661971830985916
0 0.852592246185446 0.024211006781429317 0.05677816901408445 0.16197183098591547
0 0.6523180751173709 0.00719820466005912 0.042253521126760535 0.16842723004694835
0 0.5695825997652583 0.008962571726656234 0.05809859154929574 0.17253521126760565
0 0.42961964495305166 0.014194813945400802 0.06073943661971831 0.11913145539906103
0 0.5009178770539907 0.003081529299252304 0.054137323943661955 0.159037558685446
0 0.3252918989632238 0.011250760737263084 0.040052816901408404 0.1085680751173709
0 0.8587517727895149 0.2708719135802469 0.05325704225352123 0.3585680751173709
0 0.9269723811619719 0.28199552251782306 0.051496478873239465 0.3298122065727699
0 0.9340195251369326 0.034178838462876025 0.058538732394366216 0.15258215962441316
0 0.08498233323552426 0.729714940879847 0.05061619718309861 0.27523474178403756
0 0.8244293451682315 0.7285368848895845 0.06558098591549298 0.2705399061032864
0 0.8966041911189359 0.7355650104329682 0.05369718309859163 0.25528169014084506
0 0.6985469239045384 0.7496321291949226 0.06250000000000008 0.23650234741784035
0 0.5062035406885759 0.7660385150408625 0.0598591549295775 0.2089201877934273
0 0.15056301349765255 0.7373185098243783 0.05017605633802818 0.2476525821596243
0 0.02996228237480438 0.7285352547383064 0.047095070422535204 0.2687793427230046
0 0.201630660700313 0.7472743870631195 0.06646126760563383 0.2253521126760563
0 0.6373649012128326 0.7402533255086072 0.058978873239436624 0.2482394366197184
0 0.572662057413928 0.7490452747348287 0.05589788732394364 0.23650234741784035
0 0.28260312744522686 0.7496332159624414 0.04709507042253524 0.2376760563380281
0 0.9529394684076681 0.7244136889236653 0.049735915492957854 0.25410798122065753
0 0.00046734399452269174 0.7349993479394887 0.03917253521126761 0.2781690140845071
0 0.7738030614241003 0.7244332507390019 0.051056338028169064 0.2752347417840377
