0 0.36657664609053503 0.884375 0.09259259259259255 0.125
0 0.5737297989540466 0.6560142318244171 0.059799382716049364 0.16203703703703692
0 0.47611507630315497 0.5784093507087334 0.05015432098765436 0.2376543209876544
0 0.3900950574417009 0.5917905044962658 0.07021604938271611 0.24485596707818932
0 0.4873028120713307 0.19468354671543972 0.049382716049382616 0.2582304526748971
0 0.538232220936214 0.17977680612711477 0.0543981481481481 0.2700617283950617
0 0.6011161479766803 0.1946864045115074 0.05169753086419762 0.26131687242798357
0 0.4386844671639231 0.21575645861911294 0.03896604938271611 0.2391975308641975
0 0.3005741490912208 0.20034150663008687 0.048996913580246944 0.2577160493827161
0 0.2662374614197531 0.5819692120103643 0.04861111111111111 0.19341563786008234
0 0.39547217935528123 0.2085752934003963 0.03549382716049381 0.26131687242798357
0 0.2511871463477366 0.212138965096784 0.042824074074074084 0.22119341563786007
0 0.8572930062585733 0.192167257277854 0.0574845679012346 0.31841563786008226
0 0.3491780264060357 0.21678526520347507 0.03858024691358016 0.23919753086419757
0 0.011600597993827158 0.5237616217040085 0.03819444444444445 0.10699588477366254
0 0.5625342935528121 0.0037032274043590913 0.0493827160493827 0.11059670781893004
0 0.2778080525548697 0.0011202560585276634 0.04359567901234567 0.09876543209876544
0 0.5131483624828532 0.0036975118122237467 0.044753086419753015 0.1044238683127572
0 0.6389172882373113 0.0031845374180765125 0.04089506172839508 0.10596707818930043
0 0.02202664180384088 0.22652939719554943 0.05169753086419752 0.20730452674897118
0 0.06332706404320988 0.08447835695778083 0.0798611111111111 0.12551440329218105
0 0.34493259173525376 0.003686080627953056 0.036265432098765475 0.09207818930041152
0 0.7928578317901235 0.20497399405578418 0.04861111111111111 0.26080246913580246
0 0.8669276191700959 0.5783579103795153 0.04243827160493841 0.18209876543209874
0 0.7365306712962963 0.21730681298582535 0.04861111111111095 0.2469135802469136
0 0.6825199331275721 0.20395090306355737 0.050925925925925875 0.2669753086419753
0 0.9224823709705074 0.2198593011736016 0.04128086419753095 0.22582304526748967
0 0.9128397205075446 0.017587829599146475 0.044753086419753174 0.1059670781893004
0 0.6921569573045268 0.00574893308946807 0.0393518518518519 0.09773662551440329
0 0.8634553969478737 0.006778215973174821 0.04243827160493841 0.09825102880658435
0 0.711067440414952 0.6498394871208657 0.048225308641975474 0.1599794238683128
0 0.7619936342592593 0.6534445968602348 0.04861111111111111 0.16460905349794222
0 0.8202447166495198 0.6421224851394604 0.04128086419753095 0.15895061728395068
0 0.664380787037037 0.653942805974699 0.041666666666666664 0.14711934156378603
0 0.31524643132716046 0.6519151996646853 0.06597222222222227 0.17952674897119333
0 0.2978794260116598 0.9008106614845297 0.0574845679012346 0.09773662551440328
0 0.5884149412722909 0.9177583447645177 0.09529320987654318 0.06790123456790106
0 0.06604080932784637 0.9110834857491237 0.09876543209876544 0.0812757201646091
0 0.4746053562242799 0.9280364083219023 0.09837962962962961 0.05709876543209873
0 0.7029974708504801 0.9198054793476603 0.09413580246913587 0.056584362139917674
0 0.8217871227709191 0.9198264365188232 0.04012345679012334 0.07921810699588487
0 0.3877620241769547 0.00986225422953818 0.04398148148148151 0.09567901234567902
0 0.4502558620541838 0.006264765279682975 0.0351080246913581 0.09927983539094651
0 0.9537170996227708 0.6076984263069654 0.019290123456790157 0.20318930041152264
0 0.1003482938957476 0.25370418000304834 0.05709876543209877 0.11162551440329212
0 0.11308942043895748 0.45947073616826706 0.07098765432098766 0.11728395061728386
0 0.14703360768175583 0.6723922610882488 0.06172839506172839 0.0725308641975309
