0 0.7793459040637859 0.8164794810242341 0.035879629629629685 0.13117283950617292
0 0.9275020897633746 0.1348832114007011 0.04745370370370365 0.11831275720164613
0 0.9649155521262004 0.3530116407559823 0.03395061728395048 0.14146090534979427
0 0.5042810678155007 0.0654721079103795 0.05362654320987643 0.154320987654321
0 0.20374389146090535 0.5845107453132145 0.0578703703703704 0.16049382716049387
0 0.5880010073731139 0.5963520233196159 0.054783950617283965 0.1712962962962963
0 0.2947994362997256 0.05776034522176497 0.06674382716049385 0.1589506172839506
0 0.3665536051097394 0.06443758573388203 0.059413580246913573 0.14814814814814814
0 0.4437116876714678 0.06444044352994971 0.05594135802469135 0.15123456790123455
0 0.14818190586419752 0.5824550373418685 0.048611111111111154 0.1625514403292182
0 0.4599137838648834 0.5757682708428593 0.05362654320987659 0.16306584362139925
0 0.5293603716563786 0.589152758725804 0.05671296296296286 0.1738683127572017
0 0.5771931798696844 0.09528606538637403 0.04706790123456794 0.13117283950617284
0 0.1574483989197531 0.06033712467611644 0.05902777777777774 0.16409465020576133
0 0.27627073688271603 0.5783336191129401 0.052083333333333336 0.15586419753086422
0 0.0690843621399177 0.33500943072702327 0.037037037037037035 0.14351851851851852
0 0.6327546296296297 0.0937495237006554 0.055555555555555476 0.13837448559670784
0 0.33336173268175584 0.32679803002591074 0.04089506172839508 0.16409465020576128
0 0.37966499485596716 0.3129215249199817 0.050925925925925875 0.17746913580246915
0 0.7060517403978052 0.09940557841792409 0.04783950617283945 0.13580246913580246
0 0.07681943372770919 0.03204303840877915 0.06442901234567901 0.16203703703703703
0 0.11113763503086421 0.3319201531778692 0.03819444444444445 0.1404320987654321
0 0.5019574116941015 0.34014155616521874 0.04089506172839508 0.13065843621399176
0 0.4487209576474622 0.33449359853680843 0.04706790123456794 0.1419753086419753
0 0.005448388203017833 0.029471974546563022 0.06790123456790124 0.1630658436213992
0 0.09725517618312757 0.6091749542752629 0.04745370370370371 0.1311728395061728
0 0.3989567258230453 0.573706847279378 0.053240740740740713 0.15895061728395068
0 0.7361424575617284 0.3422115531169029 0.04513888888888889 0.14403292181069963
0 0.24077449845679008 0.08037075140984605 0.048611111111111154 0.1337448559670782
0 0.17865413880315503 0.3031364311842707 0.03973765432098766 0.16512345679012344
0 0.33761118612825786 0.5778182632220698 0.0489969135802469 0.154835390946502
0 0.6520383230452674 0.5839744322511812 0.046296296296296426 0.13683127572016454
0 0.8738725994513031 0.3453046410608139 0.04320987654321 0.15123456790123455
0 0.7666227280521262 0.5886193034598385 0.047839506172839524 0.15329218106995895
0 0.817158564814815 0.5839744322511812 0.041666666666666664 0.13683127572016454
0 0.8221772119341564 0.33348432022557534 0.04629629629629635 0.16306584362139914
0 0.8676994920267491 0.6009435490016767 0.042824074074073966 0.13014403292181068
0 0.756585433813443 0.1086619798811157 0.038580246913580314 0.13271604938271603
0 0.9298061878429356 0.3535289018442311 0.03202160493827159 0.14454732510288068
0 0.9383013438786009 0.5968297515622617 0.042824074074074125 0.13168724279835398
0 0.6720957647462277 0.8257320720926687 0.04012345679012349 0.12397119341563799
0 0.7199304483882031 0.8241869570187471 0.03317901234567905 0.12191358024691354
0 0.705663258744856 0.5762764822435604 0.04398148148148159 0.1563786008230452
0 0.3221739969135803 0.8334181146166743 0.041666666666666664 0.09156378600823048
0 0.2207033929183813 0.8334152568206066 0.035108024691358014 0.08847736625514402
0 0.5193185228052126 0.827270518975766 0.04089506172839508 0.11882716049382709
0 0.2785759066358025 0.829303840877915 0.038194444444444406 0.09259259259259259
0 0.5829732510288065 0.8303655121170554 0.03703703703703714 0.12808641975308635
0 0.16708194015775032 0.8288094421582076 0.04243827160493825 0.11419753086419746
0 0.6254128622256515 0.8303640832190216 0.038966049382716035 0.12654320987654308
0 0.11075451174554184 0.8354847774729461 0.04205246913580248 0.1013374485596709
0 0.4726396390603566 0.831916819082457 0.045524691358024685 0.13683127572016454
0 0.044787112054183814 0.5680565081542447 0.048996913580246916 0.16769547325102888
0 0.9776389960562415 0.14515889346136263 0.022376543209876507 0.10493827160493825
0 0.6111590685013718 0.4182756058527664 0.06905864197530866 0.07098765432098768
0 0.8514976637517147 0.8205727975918307 0.0455246913580246 0.1075102880658436
0 0.9641452867798352 0.8257301668952903 0.035879629629629685 0.12191358024691365
