0 0.5695822941118936 0.2248945835506868 0.05765845070422534 0.13967136150234744
0 0.8390050371674492 0.48075171709267955 0.1390845070422535 0.1273474178403756
0 0.6633839495305165 0.4813255303425491 0.13204225352112675 0.11326291079812208
0 0.5946715448943662 0.47546948356807506 0.059419014084507026 0.12676056338028172
0 0.6778896469092333 0.010661189358372458 0.10475352112676045 0.10563380281690139
0 0.8569918207159625 0.010061293688054251 0.05413732394366188 0.09154929577464788
0 0.5841133607198749 0.013628608068162061 0.06690140845070411 0.1414319248826291
0 0.7751531323356807 0.21550491218918447 0.09375 0.13967136150234744
0 0.021183306435837244 0.0664482263954095 0.08142605633802817 0.1443661971830986
0 0.7108616979655712 0.21375195618153364 0.04929577464788737 0.14788732394366197
0 0.9397499144170579 0.007715505998956704 0.07086267605633813 0.09330985915492958
0 0.7988852821791862 0.018288667188315073 0.042693661971830936 0.10387323943661972
0 0.7549772593896713 0.6745582290036517 0.1954225352112677 0.28345070422535207
0 0.5709779073748042 0.6504787210919839 0.16593309859154934 0.2634976525821596
0 0.8711279831768388 0.19557631281516255 0.12852112676056338 0.16607981220657278
0 0.007523351917057901 0.36874402277864715 0.058978873239436624 0.2153755868544601
