0 0.6686237651604069 0.310093896713615 0.07174295774647876 0.2535211267605635
0 0.00048232100938967135 0.3394219483568075 0.06073943661971831 0.23767605633802816
0 0.30857907863849765 0.2772865588593288 0.05809859154929586 0.31455399061032857
0 0.24783872505868543 0.306604829594853 0.056778169014084494 0.28814553990610337
0 0.1888586292057903 0.3042514345331247 0.0550176056338028 0.2816901408450704
0 0.1312007898082942 0.3265312554338376 0.05589788732394364 0.2593896713615023
0 0.2346274696791862 0.6821183272474353 0.046654929577464796 0.2089201877934272
0 0.7011816559076682 0.7220059554860024 0.05369718309859148 0.18896713615023478
0 0.6479386737089202 0.03362187010954616 0.07394366197183094 0.18485915492957744
0 0.5202926325312989 0.29955659885237346 0.06646126760563385 0.28169014084507044
0 0.576177682413928 0.6973716527560424 0.047975352112676006 0.20363849765258227
0 0.286561644170579 0.6592549121891845 0.04313380281690142 0.23474178403755874
0 0.46218303746087636 0.6997234176664928 0.05061619718309858 0.20833333333333334
0 0.44458473933881065 0.29663319422709095 0.06117957746478871 0.2934272300469484
0 0.7575285480242567 0.34177588680229526 0.06646126760563378 0.24471830985915502
0 0.5924751198161189 0.34177208311597984 0.06558098591549305 0.2406103286384976
0 0.37679754743740224 0.2925235828551556 0.05325704225352115 0.2916666666666667
0 0.29669313624804383 0.004303055990262564 0.05501760563380284 0.2106807511737089
0 0.10084360328638498 0.6686304555729439 0.073943661971831 0.2194835680751174
0 0.5625522667253521 0.006058185532950791 0.07526408450704222 0.20481220657276997
0 0.16508827269170578 0.01718559815684229 0.05105633802816902 0.18016431924882628
0 0.2346338883998435 0.014848504607894282 0.055897887323943685 0.19131455399061034
0 0.10214538096635367 0.013098808902799512 0.04709507042253522 0.20305164319248828
0 0.023369644953051643 0.013078703703703703 0.06073943661971831 0.1813380281690141
0 0.49695630379499217 0.012505977221352807 0.05369718309859163 0.1965962441314554
0 0.8737092258411581 0.4004118848895844 0.042693661971830936 0.19131455399061026
0 0.06650925518388107 0.3341418883672405 0.06910211267605636 0.23943661971830987
0 0.44369559370109546 0.007812771691879675 0.04841549295774641 0.1983568075117371
0 0.8851605291471049 0.7360790514693097 0.05369718309859148 0.17664319248826288
0 0.9419377812010955 0.7173105764214919 0.05237676056338027 0.18838028169014082
0 0.7632350963419406 0.6909254912189184 0.04445422535211271 0.2136150234741785
0 0.7346400014671362 0.016017323074247955 0.06470070422535201 0.18603286384976528
0 0.9397425787363068 0.3992327421318032 0.06029929577464783 0.1854460093896713
0 0.3974823332355243 0.6756846635367761 0.05061619718309858 0.23239436619718307
0 0.6413209727112675 0.7132004216657972 0.05149647887323954 0.18603286384976522
0 0.33806301349765255 0.674502260476439 0.05017605633802821 0.22300469483568072
0 0.5167647813967136 0.7120359502695185 0.05677816901408461 0.19600938967136144
0 0.18093609399452268 0.6739099721787515 0.05501760563380284 0.2171361502347418
0 0.02426215277777778 0.6533765866805773 0.0783450704225352 0.22417840375586856
0 0.841580778071205 0.7173045992001391 0.04533450704225351 0.18192488262910791
0 0.3565587098982785 0.007810054773082943 0.06426056338028169 0.1954225352112676
