0 0.41510111013302037 0.4227596287602156 0.06954225352112675 0.24237089201877932
0 0.13208687891236306 0.4250874847852548 0.06426056338028169 0.221244131455399
0 0.5273370256259782 0.16276028082072683 0.06954225352112675 0.2177230046948357
0 0.2064697647691706 0.4280190401669275 0.06294014084507041 0.2183098591549296
0 0.718345314945227 0.4374201225873761 0.051056338028169064 0.23063380281690143
0 0.485529452758216 0.4274512041384107 0.0779049295774648 0.238849765258216
0 0.805075679773083 0.16335963310728568 0.08362676056338027 0.23122065727699526
0 0.6444169356416276 0.4292144844374891 0.07306338028169014 0.24178403755868544
0 0.6043564774061033 0.178589593114241 0.0620598591549296 0.20070422535211266
0 0.3385162974374022 0.4250988958442011 0.06910211267605636 0.2335680751173709
0 0.27688740952660407 0.4268561989219266 0.055897887323943685 0.23004694835680742
0 0.46307340571205013 0.16099863067292644 0.06514084507042249 0.2165492957746479
0 0.7843817243740219 0.43918611980525124 0.07306338028169014 0.2365023474178404
0 0.030428709409233177 0.42802610415579895 0.08494718309859156 0.22593896713615033
0 0.6716897740610328 0.1967679533994088 0.050176056338028255 0.18544600938967135
0 0.29715589544209703 0.13343222917753433 0.08758802816901413 0.2335680751173709
0 0.24519360084115804 0.16157624760911146 0.05061619718309862 0.20657276995305165
0 0.9511782937206572 0.45324889149713093 0.04885563380281689 0.21302816901408456
0 0.5678281494522692 0.4327236567553469 0.06690140845070411 0.22887323943661972
0 0.4032078320618153 0.18150647713441143 0.05589788732394364 0.18192488262910797
0 0.9524977992957746 0.0006743392453486351 0.04753521126760568 0.09448356807511736
0 0.8596531445618154 0.4432962745609459 0.08362676056338027 0.23884976525821605
0 0.7293628961267605 0.18504879586158932 0.07130281690140852 0.20481220657276997
0 0.8886917424687012 0.17215266910102592 0.06822183098591555 0.22065727699530513
0 0.9582156567879498 0.18446846200660752 0.041813380281690134 0.21185446009389677
0 0.8979227797339594 0.0006699921752738655 0.051056338028168904 0.08978873239436619
0 0.2403963712832551 0.7273110111284994 0.11443661971830986 0.21420187793427234
0 0.10835961952269169 0.730242566510172 0.12235915492957748 0.2112676056338029
0 0.48247689260563376 0.7220499695705095 0.11883802816901405 0.23650234741784035
0 0.35747689260563376 0.7261427360459051 0.11883802816901405 0.22007042253521125
0 0.7245375464593115 0.7273294861763172 0.0946302816901408 0.23415492957746487
0 0.0005107467723004695 0.7214560511215441 0.1016725352112676 0.22887323943661972
0 0.8257898082942098 0.7378917796904886 0.12323943661971823 0.23298122065727692
0 0.6074729191118936 0.7308413754129717 0.11311619718309866 0.22417840375586856
0 0.8332291055359937 0.0006667318727177883 0.06117957746478879 0.08626760563380283
0 0.7231954225352112 0.00359122326551904 0.06338028169014097 0.07570422535211269
0 0.6558508167057903 0.0053403755868544605 0.058978873239436624 0.06338028169014086
0 0.5031179699726135 0.002404473135106938 0.05325704225352115 0.061619718309859156
0 0.3477522251564945 0.0035727482177012695 0.05897887323943658 0.055751173708920194
0 0.4032108885954616 0.005334398365501652 0.06029929577464791 0.056924882629107984
0 0.0026591842723004693 0.4209920013910624 0.026408450704225355 0.2347417840375587
0 0.9560164808294209 0.7408217049208833 0.044014084507042306 0.22828638497652576
