0 0.2769791055359937 0.04360654668753261 0.1879401408450705 0.19366197183098594
0 0.8618883876173709 0.7032233524604418 0.13336267605633811 0.18544600938967135
0 0.7853136614827856 0.4039400756390193 0.14744718309859164 0.19894366197183094
0 0.6660523034037559 0.06180229525299948 0.1716549295774648 0.19718309859154928
0 0.078921227014867 0.040670644235785085 0.19586267605633803 0.19190140845070422
0 0.29500501271518 0.36464745261693615 0.15933098591549297 0.22769953051643194
0 0.13919393094679186 0.36171155016518863 0.15757042253521128 0.22593896713615028
0 0.4274757922535212 0.7131879238393323 0.14260563380281682 0.17253521126760557
0 0.5797672755281691 0.704375869414015 0.14656690140845066 0.16255868544600946
0 0.0005373386150234743 0.3564249695705095 0.13996478873239435 0.22065727699530513
0 0.16648144072769952 0.6950008694140151 0.15580985915492962 0.17840375586854448
0 0.7245632213419406 0.7002945139975656 0.13160211267605634 0.19131455399061037
0 0.6198246772300469 0.3992512171796209 0.15316901408450717 0.20539906103286382
0 0.4648892923513302 0.31285917666492785 0.14480633802816906 0.07100938967136149
0 0.46225425469483566 0.39396463658494174 0.15316901408450712 0.20011737089201884
0 0.0005141089593114241 0.6615365805946792 0.10651408450704225 0.1637323943661971
0 0.10875360670970265 0.680895170405147 0.055897887323943664 0.1555164319248826
0 0.7804656934663537 0.3322275473830638 0.13820422535211271 0.07335680751173707
0 0.922589006259781 0.3357394366197183 0.07746478873239432 0.06338028169014086
0 0.004889842527386541 0.033048600243435935 0.06954225352112677 0.19953051643192485
0 0.46576712881455395 0.06120131281516258 0.1412852112676056 0.18192488262910797
0 0.84603567586072 0.0829165579899148 0.12235915492957743 0.18368544600938966
0 0.9291856171752739 0.41332539993044687 0.06954225352112675 0.19424882629107987
