0 0.5286510294405321 0.2442825160841593 0.06029929577464783 0.16314553990610328
0 0.5915829176447575 0.2349145800730308 0.04841549295774649 0.18661971830985916
0 0.4582263546557121 0.23666155885932882 0.05721830985915485 0.17194835680751172
0 0.2944933489827856 0.2442770822465658 0.056338028169014086 0.1572769953051643
0 0.36667828149452275 0.2466277603894975 0.05897887323943654 0.16079812206572772
0 0.11887806875978091 0.2847352634324465 0.05765845070422536 0.11971830985915496
0 0.26939920774647885 0.693806511910972 0.04753521126760568 0.1561032863849767
0 0.2804054797535211 0.4596472352634325 0.051496478873239465 0.15140845070422537
0 0.8173831181533646 0.24957942097026603 0.059859154929577586 0.17957746478873243
0 0.7421205619131456 0.2572063554164493 0.0620598591549296 0.1772300469483568
0 0.11358476379107982 0.4572862328290732 0.04093309859154929 0.136737089201878
0 0.6408747187989046 0.5048497000521649 0.042693661971830936 0.16725352112676053
0 0.5647434956964006 0.49076410624239264 0.0616197183098592 0.1660798122065727
0 0.5149953540688575 0.7689352938619372 0.04401408450704222 0.16842723004694818
0 0.6796116979655712 0.5078013606329334 0.04929577464788737 0.18603286384976522
0 0.35610634291862286 0.4678583072509129 0.046654929577464796 0.14612676056338036
0 0.17124504841549298 0.46785069987828204 0.0435739436619718 0.13791079812206566
0 0.3794267776799687 0.7290090853764563 0.03653169014084507 0.14671361502347413
0 0.6404413023278559 0.01302327856025039 0.05237676056338043 0.12147887323943662
0 0.6611322011932708 0.24137704312293518 0.05853873239436614 0.19424882629107976
0 0.09421520442097027 0.6450617283950618 0.03609154929577464 0.11737089201877937
0 0.9115750929186229 0.2272909059294036 0.0625 0.19248826291079807
0 0.07528945373630672 0.45141497130933755 0.036531690140845084 0.13380281690140847
0 0.1373490072378717 0.6620968092505651 0.03609154929577463 0.13497652582159622
0 0.1906265282668232 0.2735975265171275 0.06558098591549298 0.1332159624413146
0 0.29535773669796556 0.03768964093201183 0.03345070422535213 0.1414319248826291
0 0.04007940874413146 0.4490686402364806 0.038292253521126765 0.13497652582159622
0 0.34598188086854464 0.04589201877934273 0.044894366197183073 0.1267605633802817
0 0.22097943564162756 0.46257444357503047 0.04137323943661969 0.14377934272300458
0 0.22361783548513303 0.6908640888541122 0.03785211267605636 0.14730046948356812
0 0.3943918720657277 0.04002727786471918 0.03697183098591547 0.13086854460093897
0 0.8732751980633803 0.008303447226569295 0.051496478873239465 0.09448356807511736
0 0.5854191118935839 0.01712365240827682 0.045774647887323834 0.11326291079812206
0 0.05503930702269171 0.6438766084159278 0.03124999999999999 0.10504694835680747
0 0.19236416764475747 0.6820509476612763 0.032570422535211245 0.13615023474178395
0 0.4049628936815336 0.4801719266214571 0.04797535211267608 0.1349765258215963
0 0.5061903975938966 0.4925203225525995 0.04093309859154941 0.16138497652582173
0 0.005751173708920187 0.4467157885585115 0.04225352112676056 0.12910798122065725
0 0.017629474765258217 0.6333170318205529 0.034330985915492954 0.10915492957746488
0 0.06957281885759 0.3228443966266736 0.04401408450704226 0.08039906103286387
0 0.4529376344874804 0.02066814467049209 0.047095070422535204 0.1384976525821596
0 0.2553049197965571 0.04942075291253695 0.03345070422535213 0.13497652582159625
0 0.09949628325508608 0.17258900625978088 0.035211267605633784 0.05809859154929577
0 0.9300573405712049 0.0006808598504607895 0.05721830985915485 0.10152582159624414
0 0.05768168035993741 0.16672535211267606 0.03345070422535211 0.06338028169014083
0 0.7082101550273866 0.007153647191792733 0.03389084507042257 0.12030516431924883
0 0.21041544405320814 0.07522115719005391 0.04049295774647892 0.11208920187793428
0 0.8755046337050079 0.5354454660059119 0.0928697183098592 0.25293427230046944
0 0.7320061864241002 0.4966989436619719 0.07482394366197175 0.2376760563380281
0 0.7531201095461658 0.00656027212658668 0.05633802816901405 0.11326291079812208
0 0.8429021175665102 0.5160303642844722 0.04665492957746488 0.20011737089201873
0 0.8226519708528951 0.0024550078247261345 0.04137323943661957 0.11619718309859156
0 0.7060152582159624 0.2413851938793254 0.04225352112676046 0.20305164319248825
0 0.5599138668818466 0.7889062771691879 0.0787852112676056 0.18779342723004705
0 0.6866866563967136 0.8276174795687707 0.09639084507042266 0.16490610328638486
0 0.46217814700704224 0.7437103329855677 0.04357394366197182 0.17899061032863847
0 0.4190409820031299 0.7360632933402887 0.038732394366197236 0.1596244131455399
0 0.33585589055164317 0.7372027690836376 0.04093309859154933 0.12265258215962442
0 0.054604362284820025 0.8299556598852375 0.03873239436619719 0.15492957746478853
0 0.009273523082942096 0.8229275343418536 0.04401408450704225 0.1701877934272301
0 0.8393816021126761 0.8627907103112501 0.04753521126760552 0.12382629107981226
0 0.10302382873630674 0.8610301469309686 0.044454225352112686 0.12382629107981205
0 0.889555518877152 0.8839017127456095 0.04445422535211255 0.10680751173708919
0 0.1514310690532081 0.1854780690314728 0.03257042253521129 0.03462441314553991
0 0.024668366099374023 0.150900930272996 0.029489436619718305 0.08568075117370892
0 0.0035431338028169015 0.14739393149017563 0.03169014084507042 0.10093896713615028
0 0.002221183000782473 0.29529484002782125 0.029489436619718312 0.11561032863849766
