0 0.009708826303155007 0.2182541723822588 0.09182098765432099 0.1589506172839506
0 0.12079877186213991 0.21668286084438348 0.0613425925925926 0.1286008230452675
0 0.1390086484053498 0.45132506477671086 0.17245370370370372 0.20884773662551445
0 0.3365443351337449 0.46059385002286235 0.17939814814814817 0.21913580246913572
0 0.5329035922496571 0.45899777091906724 0.15895061728395063 0.16203703703703698
0 0.002743216306584362 0.5119084362139918 0.0613425925925926 0.08333333333333333
0 0.008536415466392317 0.7917785970126505 0.07021604938271606 0.12088477366255143
0 0.3978719242969822 0.7630239292790733 0.15779320987654316 0.17695473251028804
0 0.1278763717421125 0.7584043019356804 0.25308641975308643 0.18775720164609058
0 0.5737994577331962 0.7722665180612712 0.1601080246913581 0.15895061728395057
0 0.732723819015775 0.7660851051668952 0.12229938271604937 0.14969135802469144
0 0.7076814879115226 0.41534588858405735 0.17245370370370366 0.2402263374485596
0 0.9105412487139917 0.33350289590001525 0.06828703703703698 0.18312757201646096
0 0.8870070301783264 0.528440786465478 0.06790123456790127 0.16049382716049376
0 0.8881705997085048 0.7286465477823502 0.07677469135802475 0.271604938271605
0 0.47382142704046637 0.002166685718640451 0.08063271604938278 0.117798353909465
0 0.2775173611111111 0.002179545800944978 0.1805555555555556 0.13168724279835392
0 0.0005663794581618655 0.0006306203322664228 0.26003086419753085 0.12551440329218108
0 0.566858228309328 0.0021766880048773056 0.1647376543209877 0.12860082304526746
0 0.7766739540466392 0.009381191891479956 0.07716049382716048 0.13168724279835392
0 0.914022848079561 0.01571787837219936 0.08179012345679015 0.30864197530864196
0 0.6147872192215363 0.1925325788751715 0.29359567901234573 0.15740740740740738
0 0.5633117926954732 0.25934023014784335 0.0578703703703704 0.08744855967078191
