0 0.6039679919796558 0.09765258215962441 0.13644366197183094 0.2535211267605634
0 0.43050359448356806 0.8082338941053729 0.06602112676056338 0.14612676056338028
0 0.480282607100939 0.11758824552251783 0.12808098591549297 0.23474178403755866
0 0.13344367419796554 0.5476688836724047 0.11663732394366198 0.14436619718309865
0 0.7418097124413147 0.1885221048513302 0.24823943661971823 0.15316901408450706
0 0.4530054895344288 0.5652712571726656 0.14480633802816897 0.14084507042253522
0 0.616328919698748 0.5617463267257868 0.18970070422535218 0.13673708920187802
0 0.43093639964788727 0.1510030864197531 0.05545774647887324 0.19600938967136144
0 0.818336145344288 0.08284809163623717 0.16461267605633798 0.1097417840375587
0 0.10259683098591549 0.045887671709267955 0.06338028169014084 0.12206572769953052
0 0.04228592038341158 0.08577040949400104 0.046654929577464796 0.09683098591549295
0 0.17655913781298904 0.013027625630325161 0.0902288732394366 0.1261737089201878
0 0.12239399941314553 0.8134585289514868 0.05017605633802816 0.08450704225352107
0 0.7403441045579029 0.10572726482350894 0.03917253521126756 0.10093896713615023
0 0.5304158719679186 0.8193721744044513 0.06646126760563385 0.1332159624413147
0 0.27600070911580593 0.813469940010433 0.04665492957746476 0.09683098591549287
0 0.6241692341549295 0.8604574204486177 0.07130281690140852 0.1390845070422535
0 0.19281897985133017 0.8011383889758302 0.053697183098591554 0.08861502347417838
0 0.09069224374021909 0.8134628760215615 0.03345070422535211 0.08920187793427224
0 0.8715507017801252 0.861600699878282 0.10343309859154932 0.10622065727699531
0 0.21664496527777777 0.17801034602677798 0.13776408450704228 0.2089201877934272
0 0.3750446253912363 0.8305272996000695 0.06426056338028169 0.13849765258215954
0 0.32178452660406887 0.8140692922969919 0.05985915492957747 0.11032863849765262
0 0.6061124559859156 0.8082251999652235 0.05545774647887324 0.13673708920187802
0 0.12764084507042253 0.9061032863849765 0.0 0.0
0 0.12416128716744913 0.9167416536254565 0.05985915492957747 0.08098591549295764
0 0.07355059174491393 0.8985681837941227 0.06778169014084506 0.10152582159624414
0 0.0576929895344288 0.8504651364980005 0.049735915492957736 0.12206572769953043
0 0.007966549295774648 0.8639513780212137 0.06338028169014084 0.10974178403755853
0 0.00046245354068857593 0.8568765214745262 0.032130281690140844 0.07453051643192486
0 0.27649617321987485 0.0030429490523387237 0.12632042253521125 0.11737089201877934
