0 0.13652741099374022 0.2002678881933577 0.12059859154929575 0.16255868544600943
0 0.27297351819248833 0.1867648017736046 0.12411971830985916 0.15669014084507038
0 0.4050121038732394 0.14749174056685793 0.11883802816901413 0.20657276995305163
0 0.5405690654342723 0.14749554425317335 0.10959507042253527 0.2106807511737089
0 0.6668784844483568 0.1433734350547731 0.09375 0.19542253521126757
0 0.8046495989827857 0.18091962267431752 0.10387323943661973 0.18192488262910803
0 0.9164288683489827 0.1733100765084333 0.08010563380281689 0.20305164319248828
0 0.0022752836463223788 0.1867729525299948 0.10739436619718311 0.16549295774647885
0 0.07320856562989045 0.41384270126934447 0.20906690140845074 0.11913145539906099
0 0.07453754645931142 0.5311842505651191 0.22139084507042253 0.08744131455399064
0 0.29894274501173707 0.41395246478873243 0.1254401408450704 0.2376760563380282
0 0.43009585289514873 0.41688728047296125 0.11267605633802817 0.23826291079812206
0 0.5462875342331769 0.4168927143105547 0.10475352112676045 0.2441314553990611
0 0.672622933783255 0.5101009607024866 0.12632042253521128 0.13438967136150246
0 0.798030981025039 0.4936451269344461 0.08010563380281704 0.1085680751173709
0 0.676997139084507 0.42906885758998436 0.08714788732394364 0.08450704225352113
0 0.7619470730633803 0.42612154407929054 0.09110915492957758 0.07042253521126766
0 0.8992728506455399 0.4302414797426535 0.09375 0.08333333333333333
0 0.9151118080007825 0.5165482090071292 0.08494718309859148 0.12558685446009388
0 0.006663243348982785 0.7601101982263954 0.08802816901408451 0.14436619718309865
0 0.09822659917840376 0.7812217440445139 0.10827464788732395 0.12793427230046955
0 0.19066015013693272 0.7207143322900365 0.11399647887323938 0.0616197183098592
0 0.20870592478482 0.7859149495739872 0.11399647887323942 0.12617370892018773
0 0.3270992273082942 0.7794557468266389 0.10739436619718307 0.12206572769953054
0 0.6422562720070423 0.7407342201356286 0.13072183098591555 0.13380281690140847
0 0.7808920799100156 0.7447965571205007 0.11839788732394364 0.08450704225352118
0 0.9221491710680751 0.7419573769779169 0.07790492957746473 0.18720657276995295
0 0.0004759022887323944 0.4157037906451052 0.05149647887323943 0.22769953051643183
