0 0.6171236184467919 0.5993272909059293 0.06646126760563385 0.16079812206572774
0 0.2258384071791862 0.7806169579203616 0.06646126760563383 0.1085680751173709
0 0.05460955839201878 0.1573579594853069 0.04621478873239437 0.08744131455399064
0 0.8380645417644758 0.16330203442879498 0.05237676056338027 0.16901408450704225
0 0.22010526701877936 0.2553746087636932 0.05017605633802814 0.10035211267605641
0 0.32397544992175276 0.2571427795166058 0.04577464788732392 0.10856807511737085
0 0.22803238703051645 0.44199161015475574 0.056778169014084494 0.09741784037558684
0 0.21923415492957746 0.5441146105025213 0.0633802816901408 0.1085680751173709
0 0.8979255306142411 0.16799360980699007 0.05501760563380268 0.16549295774647887
0 0.7319887641823161 0.36929012345679013 0.049735915492957694 0.1713615023474179
0 0.8525959140258217 0.5811402364806121 0.06205985915492944 0.16666666666666666
0 0.6747725938967137 0.37632966005912016 0.05281690140845075 0.16842723004694832
0 0.6162344728090766 0.3839565945053034 0.05369718309859163 0.16607981220657284
0 0.5845473884976526 0.15802251782298732 0.05809859154929574 0.17136150234741787
0 0.15189657912754304 0.550561858807164 0.06910211267605636 0.09976525821596233
0 0.05417308538732393 0.2565494044513998 0.05149647887323943 0.1015258215962441
0 0.26764200655320813 0.2589006259780907 0.05237676056338031 0.10563380281690145
0 0.14043518926056336 0.15502684315771167 0.04357394366197184 0.10504694835680756
0 0.542728506455399 0.5875467310033038 0.050176056338028095 0.11384976525821594
0 0.02249211414319249 0.551139475743349 0.06470070422535211 0.08978873239436622
0 0.284824616099374 0.5441053729786124 0.07702464788732391 0.09859154929577459
0 0.19192891725352113 0.16557011824030604 0.039612676056338045 0.08333333333333333
0 0.2117407570422535 0.0006640149539210573 0.04753521126760564 0.08333333333333333
0 0.15189657912754304 0.4390660319944357 0.06910211267605636 0.10680751173708924
0 0.3204589079616589 0.003010889410537298 0.05237676056338027 0.08274647887323944
0 0.6470449432707356 0.1533287689097548 0.05457746478873236 0.17253521126760568
0 0.26543794014084504 0.004181881411928361 0.04753521126760564 0.07981220657276995
0 0.10345846782081376 0.2559592896887498 0.036531690140845084 0.09800469483568072
0 0.758410052327856 0.0006966179794818293 0.06822183098591555 0.11854460093896714
0 0.14219453002738652 0.25302556077203964 0.041813380281690155 0.09859154929577464
0 0.07971134096244133 0.4384748304642671 0.06602112676056336 0.10211267605633807
0 0.4749504841549296 0.5881352156146756 0.055457746478873166 0.11561032863849766
0 0.5603414759389672 0.0006737958615892889 0.06073943661971831 0.09389671361502348
0 0.6765294894366196 0.5840609241870979 0.047535211267605765 0.15199530516431928
0 0.38694309956964007 0.05932283515910277 0.08538732394366196 0.0545774647887324
0 0.10345907912754303 0.15267181794470527 0.03741197183098593 0.09683098591549293
0 0.088070960485133 0.5487953182055295 0.06161971830985916 0.09330985915492955
0 0.07001387666275431 0.003005998956703182 0.04533450704225352 0.07746478873239436
0 0.29273920432316125 0.6849537037037037 0.0655809859154929 0.10211267605633802
0 0.9053990610328638 0.3698824117544775 0.042253521126760535 0.17723004694835676
0 0.9199347124413145 0.5840674447922101 0.058098591549295815 0.15903755868544603
0 0.7729291984546167 0.1662330464267084 0.06029929577464783 0.16549295774647885
0 0.7874507898082942 0.37163428099460966 0.05589788732394364 0.16784037558685447
0 0.7826165761932707 0.5764426838810641 0.06646126760563394 0.16373239436619721
0 0.957775821596244 0.3780739219266215 0.042253521126760694 0.1508215962441315
0 0.952057964104069 0.17445009563554162 0.04797535211267593 0.16666666666666669
0 0.7284685543818468 0.5834686358894104 0.051056338028168904 0.14612676056338028
0 0.704266920970266 0.16271409320118238 0.0598591549295775 0.16784037558685452
0 0.9450187671165884 0.7753504825247782 0.05237676056338027 0.125
0 0.6668521982589984 0.7871000695531212 0.05589788732394364 0.13849765258215965
0 0.6131522642801253 0.7888649800034776 0.051936619718309866 0.14319248826291092
0 0.16157723249217526 0.7817808859328812 0.06558098591549298 0.09800469483568082
0 0.044494571596244134 0.781771105025213 0.05809859154929577 0.08744131455399064
0 0.5484604240023475 0.792972961224135 0.06470070422535217 0.1431924882629107
0 0.07397850645539907 0.9202524560945923 0.050176056338028165 0.0698356807511738
0 0.725826181044601 0.7865077812554339 0.04885563380281689 0.13262910798122063
0 0.10963327709311424 0.7811907711702313 0.0550176056338028 0.09448356807511739
0 0.23463939016040689 0.9525185837245697 0.06382042253521128 0.05809859154929587
0 0.29229936913145543 0.7847113545470352 0.06602112676056333 0.09389671361502341
0 0.00047804186228482006 0.0006607546513649801 0.0545774647887324 0.07981220657276994
0 0.120191155614241 0.0030049121891844895 0.047095070422535204 0.07629107981220658
0 0.17344116784037558 0.0006705355590332116 0.03697183098591549 0.0903755868544601
0 0.48860249168622844 0.0006672752564771345 0.06646126760563385 0.08685446009389672
0 0.6290052816901408 0.004787754303599374 0.06338028169014089 0.10035211267605634
0 0.6963342991979656 0.0036129586158928882 0.04533450704225351 0.09917840375586855
0 0.8266172119522691 0.004758954964354026 0.04709507042253528 0.06924882629107981
0 0.8715094385758999 0.010069444444444445 0.044014084507042306 0.10035211267605633
0 0.9291795041079813 0.012424469657450875 0.06073943661971823 0.1085680751173709
0 0.0013561839788732394 0.15326084593983655 0.05149647887323943 0.09917840375586856
0 0.3288169992175274 0.16381227177882107 0.04577464788732395 0.08626760563380281
0 0.0013561839788732394 0.2565532081377152 0.05149647887323943 0.10563380281690134
0 0.18796184223395934 0.25654342723004697 0.03125 0.09507042253521127
0 0.016769366197183097 0.44785961137193536 0.06338028169014086 0.09683098591549293
0 0.2905406396713615 0.4402348504607895 0.06866197183098591 0.1015258215962441
0 0.02865439162754304 0.6855291471048514 0.06514084507042253 0.08978873239436612
0 0.09599471830985916 0.6855340375586854 0.06338028169014086 0.09507042253521127
0 0.23111459555946792 0.6960887237002261 0.05853873239436618 0.08568075117370881
0 0.16729325606416276 0.942541514519214 0.05721830985915495 0.057511737089201896
0 0.004006198650234742 0.9243571770126936 0.06470070422535212 0.06631455399061026
0 0.4639368764671361 0.1627097461311076 0.04093309859154933 0.16314553990610334
0 0.8499507898082942 0.37867870805077375 0.05589788732394364 0.17018779342723003
