0 0.729803953931925 0.46793818466353676 0.07262323943661958 0.23239436619718307
0 0.28437499999999993 0.8100362980351243 0.06338028169014089 0.19131455399061026
0 0.3539160309076682 0.8076812728221179 0.061619718309859156 0.18309859154929575
0 0.4300622310250391 0.8217619761780559 0.06426056338028169 0.17899061032863867
0 0.888706719483568 0.06597493914101896 0.08978873239436622 0.267018779342723
0 0.18709806582550859 0.44623869761780555 0.05501760563380284 0.24765258215962435
0 0.25179938135759 0.44390432098765437 0.055897887323943685 0.26173708920187794
0 0.3803171459311424 0.4304159059294036 0.05105633802816898 0.27171361502347413
0 0.8869186473004693 0.43393866284124505 0.050176056338028255 0.2734741784037558
0 0.3108057633998435 0.09527527821248477 0.09551056338028169 0.22124413145539906
0 0.12635710093896715 0.45445031298904537 0.05281690140845067 0.2429577464788732
0 0.6760930164319249 0.030188771517996874 0.05281690140845075 0.2799295774647887
0 0.7592814700704226 0.02140551643192488 0.05545774647887324 0.30105633802816906
0 0.15101232394366199 0.07124032776908364 0.06338028169014084 0.24941314553990612
0 0.06649733470266041 0.4438711745783342 0.051936619718309866 0.22593896713615017
0 0.4414955007824726 0.4427327856025039 0.04929577464788737 0.2640845070422535
0 0.0863064236111111 0.06068129455746827 0.05589788732394366 0.2541079812206573
0 0.3191332893192488 0.44860730742479565 0.04489436619718315 0.27053990610328643
0 0.8169405320813771 0.45738675882455226 0.05633802816901405 0.24530516431924887
0 0.42213816754694833 0.033124673969744396 0.0620598591549296 0.28169014084507044
0 0.00487883900625978 0.471452790818988 0.053697183098591554 0.22535211267605634
0 0.8191470437206573 0.022579225352112674 0.06470070422535217 0.301056338028169
0 0.5097280296361503 0.040738567205703353 0.0647007042253521 0.2652582159624413
0 0.026006516529733955 0.09059294035819856 0.05501760563380282 0.23474178403755863
0 0.2249657668231612 0.10642062250043473 0.0774647887323944 0.215962441314554
0 0.9480994473787168 0.44977884280994607 0.051936619718309866 0.2681924882629108
0 0.8561115390258217 0.8405233872370023 0.05413732394366188 0.1596244131455399
0 0.06737455985915493 0.821749478351591 0.04753521126760564 0.16549295774647882
0 0.22318441901408448 0.8199894583550688 0.04753521126760564 0.1660798122065727
0 0.7966922192879499 0.8229362284820032 0.05369718309859163 0.17957746478873224
0 0.16948876418231612 0.8117800165188662 0.04973591549295776 0.17312206572769945
0 0.01675744571596244 0.8223450269518344 0.04621478873239437 0.17488262910798116
0 0.6888512935250392 0.8223455703355939 0.04445422535211278 0.17546948356807504
0 0.11710925273865415 0.8352416970961573 0.04577464788732393 0.1596244131455399
0 0.9164138913341158 0.8545943096852721 0.058538732394366216 0.14495305164319253
0 0.7465100498826291 0.8258628934098416 0.04489436619718311 0.17136150234741784
0 0.5022248508411581 0.4532939923491566 0.034771126760563376 0.261737089201878
