0 0.0022532766040688577 0.07998663275952009 0.07570422535211267 0.18838028169014084
0 0.05417736453442879 0.16268692401321505 0.057658450704225366 0.13849765258215965
0 0.0960008313771518 0.07528636324117545 0.07218309859154928 0.1825117370892019
0 0.17039655467527387 0.07529614414884368 0.0893485915492958 0.19307511737089203
0 0.2606370427425665 0.06476319335767691 0.1060739436619719 0.22593896713615022
0 0.37463046508215964 0.06065684228829769 0.10167253521126757 0.22769953051643194
0 0.5212022569444444 0.09527636498000347 0.1087147887323944 0.22241784037558684
0 0.610558489827856 0.07122782994261867 0.11971830985915494 0.23591549295774655
0 0.7280742615414711 0.06652647365675535 0.11707746478873228 0.22887323943661972
0 0.868921165884194 0.08296383237697791 0.119718309859155 0.23474178403755866
0 0.03487932805164319 0.40049121891844897 0.1558098591549296 0.2769953051643192
0 0.21004743740219092 0.3946362589114936 0.14436619718309857 0.2916666666666667
0 0.34647856758607204 0.3916519953051643 0.1263204225352112 0.2376760563380282
0 0.49523150185837245 0.3512073987132673 0.10519366197183101 0.289906103286385
0 0.6286119058098592 0.3705572943835855 0.13072183098591555 0.272300469483568
0 0.7672736942488263 0.3541557989914797 0.15580985915492945 0.30516431924882637
0 0.044982394366197186 0.6667769735698139 0.1267605633802817 0.11913145539906109
0 0.15590613996478872 0.7858856068509825 0.13864436619718312 0.09448356807511739
0 0.3024644830790298 0.6926175882455224 0.12632042253521125 0.13967136150234738
0 0.42878582257433495 0.7073633933229003 0.12764084507042256 0.22007042253521125
0 0.5573133680555554 0.784161450182577 0.1368838028169015 0.13380281690140847
0 0.6818594728090767 0.6897474352286559 0.11707746478873236 0.2089201877934272
0 0.8002723371478873 0.7103003825421667 0.13864436619718312 0.22300469483568072
0 0.9366637323943662 0.7226140019127109 0.0633802816901408 0.21185446009389677
0 0.5630214446400625 0.6878863458528953 0.11707746478873243 0.10035211267605619
