0 0.40630318368544605 0.8229492696922276 0.07658450704225352 0.19366197183098574
0 0.6228368911384977 0.45448182924708747 0.054137323943661955 0.27699530516431914
0 0.40100254303599375 0.4228378760215615 0.04929577464788729 0.3268779342723005
0 0.5097164148082941 0.46856416275430357 0.04797535211267608 0.2746478873239437
0 0.5783838883998436 0.1439912623891497 0.05589788732394357 0.22887323943661972
0 0.8723958333333334 0.11055794644409668 0.05281690140845067 0.2476525821596244
0 0.8437811766431925 0.4550605329507912 0.04489436619718311 0.26819248826291076
0 0.5686940654342723 0.46504466614501827 0.046214788732394395 0.2764084507042254
0 0.4569050151604068 0.12934054946965745 0.05589788732394364 0.25117370892018775
0 0.3547868373435055 0.43397832985567725 0.04797535211267605 0.3163145539906103
0 0.5176413952464789 0.1492756694487915 0.051496478873239465 0.23180751173708922
0 0.10346213566118935 0.14749391410189533 0.041813380281690155 0.20892018779342725
0 0.4560170921361502 0.45389443140323427 0.04489436619718311 0.2764084507042253
0 0.8191326780125197 0.1082034646148496 0.044014084507042306 0.24002347417840378
0 0.0832174907081377 0.4591712310902452 0.04445422535211268 0.2711267605633802
0 0.6980994473787168 0.12462452182229176 0.051936619718309866 0.22828638497652584
0 0.7848047486306728 0.449224591375413 0.04841549295774649 0.30340375586854457
0 0.4010004034624413 0.12580529473135107 0.046214788732394395 0.23591549295774647
0 0.1514420725743349 0.1351797513475917 0.04841549295774649 0.21948356807511737
0 0.05416788928012519 0.13813467223091636 0.04401408450704226 0.24178403755868544
0 0.6888512935250392 0.46796426708398536 0.04445422535211278 0.2605633802816902
0 0.648362614925665 0.13812054425317336 0.050616197183098656 0.22652582159624415
0 0.34818075117370895 0.1392899061032864 0.042253521126760535 0.22183098591549294
0 0.9397340204420971 0.4580018692401322 0.04797535211267593 0.27582159624413144
0 0.30900577073552427 0.4444998695878978 0.0387323943661972 0.27112676056338025
0 0.04183783255086072 0.45974667449139284 0.0352112676056338 0.25880281690140855
0 0.29492493153364635 0.1521697313510694 0.044014084507042264 0.18838028169014087
0 0.13207129059076683 0.46150234741784035 0.041813380281690155 0.25352112676056343
0 0.0035513864436619723 0.146917383933229 0.043573943661971835 0.22007042253521125
0 0.17520325948748042 0.4696058294209703 0.03917253521126762 0.13204225352112675
0 0.7605960851917057 0.10528821074595723 0.04709507042253528 0.26056338028169007
0 0.9406198038928012 0.12052903842809946 0.05589788732394364 0.2417840375586854
0 0.7394696302816901 0.462121804903495 0.04753521126760568 0.28873239436619713
0 0.7746802865805946 0.8287922752564771 0.04665492957746488 0.1660798122065728
0 0.1386758484937402 0.7942091592766476 0.04533450704225353 0.2106807511737089
0 0.7139411556142411 0.8229345983307252 0.04709507042253528 0.17781690140845083
0 0.6611239485524257 0.8246902712571726 0.04665492957746472 0.17253521126760557
0 0.8253022911776213 0.8194118414188836 0.05501760563380284 0.1760563380281691
0 0.6039065556533646 0.8141399321857069 0.047975352112676006 0.1866197183098593
0 0.0449227919600939 0.8012345679012346 0.04093309859154929 0.1924882629107982
0 0.0968560494913928 0.8041677534341853 0.03609154929577464 0.19131455399061037
0 0.18401188380281688 0.8270268214223613 0.04753521126760564 0.16079812206572766
0 0.9260823185641628 0.8170540992870805 0.037411971830985796 0.16490610328638494
0 0.5554855609350547 0.8123717614327942 0.04005281690140852 0.1784037558685447
0 0.0022312695618153366 0.8071090897235264 0.04401408450704226 0.1989436619718309
0 0.5009080961463224 0.8123788254216657 0.04005281690140837 0.18603286384976522
0 0.3195749584311424 0.8680696835332986 0.04709507042253528 0.1208920187793428
0 0.8816274819053209 0.8188190097374369 0.03653169014084499 0.16960093896713632
