0 0.8754966867175273 0.012213093375065206 0.08142605633802825 0.5140845070422536
0 0.7808737407081378 0.001107416101547557 0.09198943661971823 0.5622065727699531
0 0.5806221879890454 0.03631488002086594 0.1100352112676056 0.5580985915492959
0 0.46618679088419407 0.04688912797774301 0.11179577464788729 0.5698356807511737
0 0.6893232223200314 0.001118283776734481 0.09022887323943646 0.573943661971831
0 0.23203858568075117 0.12315086506694489 0.12147887323943667 0.5381455399061034
0 0.3499938869327074 0.09381955312119633 0.11795774647887317 0.5504694835680752
0 0.11627818124021909 0.1442879499217527 0.11663732394366196 0.5492957746478873
0 0.012833467820813769 0.1724499000173883 0.09991197183098594 0.5416666666666666
0 0.8130000489045384 0.6423502434359242 0.08626760563380284 0.35798122065727705
0 0.5216372016823162 0.7209159276647539 0.10123239436619716 0.27934272300469487
0 0.4274412534233178 0.749641910102591 0.09286971830985903 0.24706572769953045
0 0.7139711096439751 0.662284820031299 0.09022887323943662 0.3380281690140845
0 0.6211013913341158 0.6968771735350374 0.09022887323943662 0.30340375586854457
0 0.9098267556729264 0.7074307729090592 0.08010563380281689 0.2928403755868545
