0 0.137378655614241 0.09395648582855155 0.07878521126760563 0.06455399061032865
0 0.6540991172730829 0.28006705355590333 0.07174295774647885 0.1484741784037559
0 0.22671196449530515 0.09570618153364632 0.05677816901408453 0.05281690140845071
0 0.17082813722613457 0.33807490001738827 0.07702464788732394 0.05046948356807514
0 0.09468468798904538 0.3327997304816554 0.07834507042253522 0.05751173708920184
0 0.8231132017801251 0.39970168231611897 0.07174295774647893 0.05809859154929577
0 0.8917693661971829 0.7318482655190403 0.06338028169014097 0.04401408450704225
0 0.6395659110915494 0.08043438097722133 0.059419014084507026 0.0381455399061033
0 0.09644097222222223 0.2758705007824726 0.07218309859154931 0.052816901408450724
0 0.6395646884780908 0.11507781255433837 0.057658450704225254 0.0586854460093897
0 0.30154049295774643 0.16143062076160666 0.06338028169014093 0.04929577464788732
0 0.09644188918231611 0.39206985741610156 0.07350352112676056 0.05516431924882631
0 0.03350419356416275 0.7154234046252826 0.07702464788732395 0.05164319248826288
0 0.9278670285602503 0.4020550773778473 0.07218309859154932 0.06455399061032865
0 0.7601605291471049 0.2805713136845766 0.05369718309859148 0.059272300469483556
0 0.8213501931729266 0.28409244044514 0.06822183098591555 0.059272300469483556
0 0.7540071156103285 0.3961767518692402 0.06602112676056338 0.05399061032863841
0 0.8103384194053207 0.08103427664753955 0.056338028169014204 0.0522300469483568
0 0.9256660186815336 0.2882004216657973 0.07174295774647876 0.05927230046948361
0 0.8244281225547729 0.33926001999652233 0.06382042253521136 0.06279342723004694
0 0.41378038194444444 0.9401815988523735 0.06910211267605636 0.044014084507042146
0 0.18885496136541471 0.8498054686141542 0.049735915492957694 0.04342723004694817
0 0.01810476574726135 0.9343298991479743 0.08494718309859155 0.06220657276995296
0 0.713074322672144 0.8433397452616938 0.06646126760563378 0.03227699530516422
0 0.24652716647104853 0.8662248956703182 0.06954225352112675 0.02992957746478874
0 0.004880367273082942 0.03525039123630673 0.055897887323943664 0.04225352112676055
0 0.00048354362284820033 0.08103318988002087 0.0625 0.05105633802816901
0 0.003563918231611894 0.14088039036689273 0.061619718309859156 0.03814553990610326
0 0.0035715595657277 0.17902701704051469 0.07262323943661972 0.03931924882629108
0 0.06959207501956183 0.16846961398017737 0.07174295774647886 0.045774647887323966
0 0.07399195520344287 0.13618555468614155 0.06954225352112677 0.03814553990610329
0 0.0651906665688576 0.09217690401669275 0.07174295774647886 0.04401408450704225
0 0.0585946669600939 0.030561532776908363 0.08054577464788733 0.04870892018779343
0 0.13649806827073555 0.014734937402190925 0.07834507042253518 0.06866197183098591
0 0.14573399598982784 0.16729807859502696 0.06822183098591549 0.048122065727699524
0 0.21836182022691702 0.015917340462528257 0.07482394366197186 0.07805164319248825
0 0.22055793965179968 0.14677338723700228 0.06822183098591551 0.06455399061032863
0 0.32397942341549296 0.10272941662319597 0.05149647887323938 0.03227699530516431
0 0.36580502983176844 0.02762997739523561 0.06910211267605627 0.05164319248826292
0 0.3754792644757433 0.08338658494174926 0.05633802816901413 0.057511737089201896
0 0.375485377543036 0.14970874630499043 0.06514084507042257 0.06572769953051644
0 0.4459017996870109 0.042295905059989564 0.05633802816901413 0.04577464788732394
0 0.4472219165688576 0.08805914188836725 0.05589788732394364 0.03345070422535212
0 0.44721977699530524 0.12445661624065381 0.05281690140845067 0.046948356807511735
0 0.43930427181142406 0.17608079029733958 0.06294014084507041 0.026408450704225362
0 0.506643987187011 0.042291557989914796 0.06029929577464791 0.04107981220657277
0 0.5097228335289514 0.08923176404103635 0.05721830985915501 0.03227699530516433
0 0.5022441070031298 0.12152125717266563 0.0625 0.04577464788732394
0 0.5075236575704225 0.16436108937576074 0.0594190140845071 0.04518779342723005
0 0.5748642899061034 0.16259128847157014 0.05809859154929574 0.03521126760563383
0 0.5748667351330204 0.11740729873065554 0.061619718309859114 0.03931924882629108
0 0.5792626418231611 0.08218951051990958 0.05369718309859163 0.03227699530516433
0 0.5770634658646323 0.03642464354025387 0.05589788732394364 0.04284037558685447
0 0.6417629474765257 0.039354568770648586 0.054137323943661955 0.038145539906103275
0 0.6408793035993742 0.1702187663015128 0.04929577464788722 0.03345070422535209
0 0.7245106489632238 0.038184663536776214 0.05589788732394364 0.04225352112676055
0 0.7245106489632238 0.08043166405842461 0.05589788732394364 0.03521126760563382
0 0.7209898278560251 0.11272387410885064 0.05633802816901405 0.05164319248826291
0 0.7179094532472613 0.15849689184489654 0.05721830985915485 0.04988262910798121
0 0.8169396151212832 0.03642301338897583 0.05501760563380284 0.041079812206572766
0 0.806820960485133 0.13031701008520258 0.0616197183098592 0.03814553990610329
0 0.8134230731611893 0.16729427490871152 0.0616197183098592 0.04401408450704225
0 0.8829668549491392 0.07340842896887499 0.06382042253521136 0.05575117370892018
0 0.8785685030320814 0.12445389932185706 0.06822183098591555 0.04401408450704225
0 0.8838517214397497 0.16730079551382368 0.0704225352112674 0.05105633802816901
0 0.947659612187011 0.03642301338897583 0.05237676056338027 0.041079812206572766
0 0.9467771909233177 0.0862839071465832 0.04929577464788729 0.017605633802816902
0 0.9489791177621284 0.10683250739001912 0.051056338028169064 0.026995305164319246
0 0.952057964104069 0.12913678055990263 0.04797535211267593 0.031103286384976534
0 0.9577745989827855 0.16141214571378892 0.04049295774647892 0.029342723004694843
0 0.9564550934076681 0.18899593548948013 0.041813380281690134 0.031103286384976534
0 0.012381406494522691 0.2729416623195966 0.08274647887323944 0.05868544600938964
0 0.0136993838028169 0.3345624673969745 0.07922535211267606 0.05985915492957743
0 0.015903144561815335 0.3991072204833942 0.0836267605633803 0.04988262910798121
0 0.1633487993935837 0.2670796383237698 0.08142605633802817 0.06572769953051644
0 0.17303128667840376 0.3856220657276995 0.08054577464788731 0.06338028169014086
0 0.2403603041862285 0.26999380542514345 0.06249999999999996 0.04401408450704225
0 0.24035816461267603 0.31518322900365153 0.059419014084507026 0.04577464788732392
0 0.24343853922143974 0.36799306642323076 0.058538732394366216 0.03814553990610323
0 0.24915700802034427 0.40907450878108154 0.05369718309859151 0.039906103286385004
0 0.2997802352308294 0.40028364632237873 0.06382042253521125 0.05281690140845067
0 0.3041785871478873 0.3533287689097548 0.059419014084506984 0.045774647887323966
0 0.29978176349765256 0.30932120500782473 0.06602112676056342 0.05281690140845067
0 0.307258961756651 0.25827030081724917 0.058538732394366216 0.058685446009389686
0 0.35347130526212833 0.25532787776038945 0.055017605633802764 0.04988262910798127
0 0.36139598004694834 0.3093065336463224 0.058098591549295815 0.0369718309859155
0 0.3622750391236307 0.3504026473656755 0.05633802816901405 0.05457746478873244
0 0.35567812255477305 0.40321139801773603 0.06382042253521128 0.04577464788732392
0 0.4208097980242566 0.40204149278386364 0.050616197183098656 0.04988262910798127
0 0.42521334604851335 0.3726862719527039 0.05369718309859148 0.03638497652582157
0 0.41729325606416273 0.35038471570161706 0.05721830985915493 0.03521126760563383
0 0.41729417302425664 0.3093103373326378 0.058538732394366216 0.041079812206572745
0 0.4216961927816901 0.2699829377499565 0.059419014084507026 0.03227699530516433
0 0.4736410651408451 0.2711593635889411 0.07130281690140844 0.03521126760563373
0 0.48023798170970267 0.3122446096331073 0.06382042253521121 0.041079812206572745
0 0.48331743935837246 0.35624402277864725 0.0616197183098592 0.02523474178403757
0 0.48991894072769965 0.38558674578334207 0.06073943661971831 0.02523474178403757
0 0.4811197916666667 0.4137704312293515 0.06602112676056346 0.041079812206572745
0 0.5396514940336462 0.4149321857068336 0.0558978873239438 0.028169014084506973
0 0.5484536996283255 0.3738632411754478 0.055017605633802764 0.039906103286385004
0 0.5484527826682316 0.35038091201530164 0.05369718309859148 0.031103286384976586
0 0.5484543109350548 0.3210365588593288 0.05589788732394364 0.02934272300469482
0 0.5493364265453835 0.27704855677273516 0.05853873239436614 0.057511737089201896
0 0.7553229533450706 0.34453518953225526 0.059419014084507026 0.05575117370892018
0 0.9291831719483568 0.34629846983133367 0.06602112676056338 0.058685446009389686
0 0.00048660015649452275 0.5528750434707008 0.06690140845070422 0.06279342723004694
0 0.0013564896322378717 0.6174116458007303 0.05193661971830986 0.04401408450704225
0 0.05550573405712051 0.5986567553468961 0.06910211267605633 0.07042253521126766
0 0.11581053159233178 0.49711734915666844 0.07702464788732394 0.05575117370892018
0 0.11361074432707355 0.5575660754651365 0.0783450704225352 0.05868544600938964
0 0.12460662411971832 0.6191776430186055 0.06734154929577464 0.04988262910798127
0 0.1950297706377152 0.6350161928360285 0.06822183098591547 0.04284037558685451
0 0.1950291593309859 0.5986306729264476 0.06734154929577463 0.04225352112676064
0 0.19503068759780912 0.5604824161015475 0.06954225352112675 0.03931924882629119
0 0.18974716353677623 0.5088462876021562 0.06690140845070418 0.04694835680751181
0 0.2535752274061033 0.5117778429838289 0.0779049295774648 0.044014084507042354
0 0.25885111013302037 0.5528603721091985 0.06954225352112675 0.04694835680751181
0 0.2610539539319249 0.6015502738654147 0.07262323943661973 0.02640845070422531
0 0.2689771004499218 0.637950465136498 0.07350352112676058 0.04284037558685451
0 0.33280363605242563 0.5059065814640933 0.08230633802816902 0.04107981220657269
0 0.33588339935446004 0.5516741653625457 0.08054577464788729 0.03345070422535217
0 0.3372019879694836 0.5880526212832551 0.07790492957746475 0.026408450704225414
0 0.3402808343114241 0.6250201051990958 0.07482394366197183 0.021713615023474138
0 0.3415997285798122 0.6467435011302383 0.07262323943661977 0.03227699530516433
0 0.41202837685837246 0.5029777430012172 0.08142605633802817 0.04694835680751181
0 0.4129080472417841 0.5557799730481656 0.08054577464788729 0.03110328638497648
0 0.4129095755086072 0.590992327421318 0.08274647887323938 0.03227699530516433
0 0.4186243764671362 0.6250244522691706 0.07262323943661973 0.026408450704225414
0 0.4164267287754303 0.6526163928012519 0.077024647887324 0.0369718309859155
0 0.4956551374217527 0.5399468570683359 0.08142605633802825 0.04401408450704225
0 0.5009331597222222 0.5821922274387062 0.07614436619718311 0.03521126760563389
0 0.49653327953834114 0.619159711354547 0.07834507042253527 0.030516431924882608
0 0.49873398376369327 0.654372609111459 0.07834507042253527 0.03227699530516422
0 0.5801621796752738 0.5822183098591549 0.08142605633802825 0.06338028169014091
0 0.5770833333333334 0.6438146626673622 0.08450704225352115 0.03814553990610323
0 0.6585118348982786 0.5323166623195965 0.08802816901408453 0.042840375586854405
0 0.6593930335485133 0.5792552382194401 0.08934859154929582 0.03227699530516433
0 0.6593844752543037 0.6144637889062772 0.07702464788732391 0.02934272300469487
0 0.6673054821987481 0.6455616414536602 0.07482394366197183 0.023474178403755853
0 0.7474059198943662 0.6320900712919493 0.06734154929577474 0.05164319248826288
0 0.8213569175469484 0.5282081377151799 0.07790492957746473 0.04225352112676064
0 0.8213501931729266 0.5604824161015475 0.06822183098591555 0.03931924882629119
0 0.8178315116392801 0.5997897104851332 0.07174295774647893 0.026408450704225202
0 0.820029159330986 0.6291286298035124 0.06734154929577474 0.022300469483568112
0 0.8213523327464789 0.6584822204833942 0.07130281690140837 0.03403755868544594
0 0.9080527435446011 0.5176453008172491 0.06073943661971823 0.04284037558685451
0 0.9036550029342721 0.5575443401147626 0.06602112676056338 0.035211267605633784
0 0.8992581792840375 0.5880624021909233 0.07262323943661973 0.0369718309859155
0 0.898378508900626 0.62209941749261 0.07350352112676053 0.03638497652582163
0 0.9005700435250391 0.6555544687880369 0.06029929577464799 0.041079812206572794
0 0.034379279147104855 0.7688200965049558 0.06954225352112675 0.04401408450704225
0 0.04010019317292645 0.8139986524082768 0.06822183098591549 0.03403755868544594
0 0.042301508705007825 0.8480383846287601 0.06910211267605636 0.03638497652582163
0 0.002665297339593114 0.7583300730307773 0.0352112676056338 0.1232394366197184
0 0.115793720657277 0.7659086463223788 0.05281690140845071 0.06866197183098585
0 0.12152074775039125 0.8333931055468614 0.06029929577464787 0.06455399061032865
0 0.17653988165101722 0.7905462093548948 0.06249999999999998 0.05751173708920179
0 0.17214550322769953 0.733626217179621 0.07262323943661972 0.06279342723004694
0 0.24344923708920188 0.7377140932011823 0.07394366197183098 0.041079812206572905
0 0.24476568613067293 0.7776174795687706 0.06822183098591551 0.03814553990610323
0 0.24564382824726133 0.813994305338202 0.06514084507042253 0.02934272300469487
0 0.2491646493544601 0.8433315945053035 0.0647007042253521 0.023474178403755853
0 0.3160755330594679 0.7347879716571031 0.0783450704225352 0.04988262910798127
0 0.32047296801643194 0.780560989393149 0.07262323943661965 0.04812206572769955
0 0.32047388497652585 0.8304235133020345 0.07394366197183094 0.026408450704225414
0 0.3261923537754304 0.8627113762823856 0.06910211267605636 0.03814553990610345
0 0.3966210020539906 0.7289237741262389 0.0779049295774648 0.05457746478873244
0 0.3952993569053208 0.7864186663189011 0.07614436619718311 0.03638497652582163
0 0.3974970045970266 0.8228014693096853 0.07174295774647885 0.03403755868544604
0 0.3997013766627543 0.8656413015127804 0.077024647887324 0.03345070422535207
0 0.4824417424687011 0.7347825378195095 0.06822183098591555 0.044014084507042354
0 0.47452623728482 0.7817189401843158 0.07834507042253527 0.03110328638497669
0 0.4833183563184663 0.8157711702312641 0.06294014084507048 0.04694835680751171
0 0.48464091842723006 0.8597700399930446 0.06602112676056346 0.030516431924882716
0 0.559466390356025 0.7336088288993219 0.06822183098591547 0.04401408450704225
0 0.5550655932120502 0.780560989393149 0.06910211267605627 0.04812206572769955
0 0.5603537020735524 0.8228079899147975 0.0783450704225352 0.041079812206572794
0 0.5515554699726134 0.8492289384454876 0.08494718309859163 0.054577464788732544
0 0.6373707086267606 0.7582719309685272 0.06734154929577459 0.06044600938967135
0 0.6254927132237871 0.8098955616414536 0.07570422535211271 0.039319248826290974
0 0.6364901212832551 0.8509835246044167 0.06690140845070426 0.04812206572769945
0 0.7179131210876369 0.718932033559381 0.0625 0.03814553990610323
0 0.7078039417057902 0.7553159233176839 0.08274647887323955 0.0369718309859155
0 0.7143990243544601 0.7834816770996349 0.07262323943661973 0.03345070422535207
0 0.7135132409037558 0.8169285776386715 0.06470070422535217 0.029342723004694763
0 0.711316510172144 0.8656467353503738 0.07042253521126757 0.03931924882629108
0 0.7905470583920189 0.7347868848895843 0.07790492957746473 0.04870892018779353
0 0.7993446791862284 0.7817281777082246 0.07042253521126757 0.041079812206572905
0 0.7971439749608764 0.8139959354894801 0.07042253521126757 0.03110328638497648
0 0.7914138913341158 0.8404071031125022 0.058538732394366216 0.03403755868544604
0 0.7913732394366197 0.8744131455399061 0.0 0.0
0 0.7892290810837245 0.8685755738132499 0.08142605633802825 0.03345070422535217
0 0.8829775528169014 0.7776321509302729 0.07922535211267609 0.053990610328638465
0 0.8785761443661971 0.816944879151452 0.07922535211267592 0.04694835680751181
0 0.878573087832551 0.8726770344287951 0.0748239436619719 0.02640845070422531
0 0.1193322696596244 0.9577834289688749 0.0779049295774648 0.039906103286384845
0 0.20383350449921755 0.9636438228134236 0.06954225352112672 0.031103286384976586
0 0.26897801741001565 0.9519203182055296 0.07482394366197183 0.04577464788732376
0 0.34247695373630677 0.9607106372804729 0.06822183098591551 0.032276995305164535
