0 0.038659550754458157 0.1837639079408627 0.11419753086419757 0.1316872427983539
0 0.4900350437242798 0.27165494970278914 0.09490740740740745 0.05401234567901238
0 0.3063740462105624 0.4455418381344307 0.06751543209876548 0.07407407407407418
0 0.46147494427297675 0.4691929583904892 0.07947530864197531 0.06172839506172847
0 0.27900028935185184 0.17143204160951073 0.09375 0.14660493827160498
0 0.07604836462620028 0.5299292219173906 0.0652006172839506 0.1013374485596709
0 0.611163087277092 0.10499352232891328 0.07484567901234555 0.059670781893004114
0 0.16867283950617284 0.17143108901082152 0.1111111111111111 0.14557613168724282
0 0.2400101273148148 0.4342354442920287 0.05902777777777782 0.08539094650205767
0 0.2967311278292181 0.5304364807194025 0.07060185185185186 0.09362139917695482
0 0.16015571416323732 0.44399862825788755 0.06867283950617285 0.07407407407407407
0 0.1485778892318244 0.5360963458314282 0.06327160493827161 0.095164609053498
0 0.6076761295438957 0.6065476870903826 0.05362654320987659 0.07150205761316879
0 0.5150752314814814 0.5978237882944674 0.041666666666666664 0.09413580246913576
0 0.3827832968964335 0.2762760059442158 0.09683641975308643 0.04475308641975307
0 0.5513669195816188 0.4239173715896967 0.07947530864197531 0.052983539094650214
0 0.4599293231310013 0.39614245160798656 0.07600308641975317 0.05606995884773667
0 0.7519509816529493 0.4450279111415943 0.031635802469135714 0.07458847736625523
0 0.6925446352023319 0.41723346288675506 0.04205246913580254 0.05658436213991772
0 0.15825483324759948 0.022250323883554336 0.10918209876543208 0.14146090534979425
0 0.6767334319272976 0.5946945016003659 0.05169753086419762 0.04783950617283947
0 0.09186760545267489 0.44451160265203477 0.06712962962962964 0.0725308641975308
0 0.5548383380486968 0.47638698369151045 0.07831790123456793 0.05349794238683122
0 0.8082727837791495 0.4676602270995275 0.023919753086419682 0.07304526748971196
0 0.6859913515946501 0.27526196463953667 0.04976851851851849 0.06069958847736624
0 0.010852034036351165 0.3689205151653711 0.07137345679012347 0.10082304526748974
0 0.2732127164780521 0.019172477518670936 0.09297839506172838 0.1507201646090535
0 0.3171674061213992 0.375055250723975 0.05439814814814813 0.05967078189300413
0 0.9101374957133057 0.40699159807956103 0.04243827160493841 0.10648148148148148
0 0.7072099515603567 0.042306336686480726 0.0489969135802469 0.13528806584362144
0 0.6778862847222222 0.647685185185185 0.04513888888888889 0.055555555555555663
0 0.8279629093792866 0.2891408512421887 0.0443672839506173 0.04989711934156381
0 0.8815811471193414 0.5906159503124524 0.03240740740740746 0.08744855967078191
0 0.6443182548868313 0.4799982853223594 0.0405092592592592 0.06481481481481471
0 0.9633720743312757 0.4208661979881116 0.03356481481481476 0.09104938271604941
0 0.9166891718106995 0.5931898719707361 0.03240740740740746 0.08950617283950614
0 0.7874745477537723 0.11579360996799269 0.07445987654320985 0.057098765432098755
0 0.884700252914952 0.12248323426306966 0.07947530864197525 0.0596707818930041
0 0.11925904492455418 0.9336996075293401 0.06635802469135804 0.06224279835390952
0 0.1501476230281207 0.7187438081085201 0.10146604938271606 0.13220164609053492
0 0.665550250771605 0.7999442729766805 0.05902777777777786 0.05092592592592592
0 0.5158626436042525 0.8220598041457094 0.06442901234567897 0.046810699588477354
0 0.2805408200445816 0.9311328303612254 0.08989197530864194 0.06790123456790127
0 0.6061307763203019 0.6769956942539247 0.05054012345679008 0.044238683127572065
0 0.42634441443758575 0.9372990016765737 0.04706790123456794 0.06069958847736635
0 0.37233983839163237 0.8133130429812527 0.05825617283950619 0.04475308641975323
0 0.8750559949417009 0.8128048315805517 0.0806327160493827 0.05144032921810688
0 0.013159079218106997 0.48468840496875487 0.060185185185185196 0.13014403292181068
0 0.10498247813786009 0.3740231100442005 0.0636574074074074 0.05606995884773667
0 0.17635673868312757 0.3740245389422344 0.06481481481481483 0.057613168724279844
0 0.2523544667352538 0.3755510783417162 0.05709876543209873 0.039609053497942436
0 0.24000691229423868 0.5252648224356044 0.054398148148148175 0.06378600823045259
0 0.38738452717764066 0.0972769966468526 0.05594135802469135 0.05915637860082304
0 0.4568351337448559 0.09419343468983386 0.06481481481481484 0.06224279835390946
0 0.45452406978737997 0.03657169257735101 0.07021604938271603 0.0529835390946502
0 0.5282053755144033 0.10036341639993902 0.06018518518518524 0.059156378600823054
0 0.5872535150891632 0.2803988530711782 0.08950617283950611 0.052983539094650214
0 0.6393063057270234 0.4182641746684957 0.0455246913580246 0.05864197530864196
0 0.6906124078360768 0.4846241045572322 0.037422839506172936 0.06069958847736624
0 0.8333531592935527 0.47226747065996033 0.028549382716049364 0.04886831275720159
0 0.8707821609224966 0.454274310318549 0.03742283950617286 0.06069958847736624
0 0.05175647290809327 0.6842711667428745 0.08487654320987653 0.12397119341563799
0 0.25586044667352537 0.7177073807346441 0.10570987654320987 0.12397119341563788
0 0.43523314257544576 0.8282297858558146 0.06905864197530873 0.0437242798353909
0 0.5895519868827159 0.815884106843469 0.06597222222222231 0.0437242798353909
0 0.7415691443758574 0.8174273167200122 0.08179012345679015 0.0437242798353909
0 0.38314659422153635 0.5844183432403597 0.06442901234567905 0.06069958847736624
0 0.3819870434670782 0.6569477785398568 0.06134259259259262 0.05915637860082296
0 0.4510456854423869 0.5813204923030025 0.06134259259259262 0.048353909465020634
0 0.44988747427983544 0.6312138012498095 0.06018518518518516 0.04423868312757196
0 0.7404015560699588 0.5952065233958238 0.06712962962962968 0.045267489711934075
0 0.9514124657064472 0.5967916476146928 0.033950617283950636 0.09053497942386836
0 0.8291184413580248 0.8112587639079408 0.041666666666666664 0.048353909465020634
0 0.895872717335391 0.7644423487273281 0.056712962962963014 0.042181069958847725
0 0.7539014274691357 0.288120141746685 0.0625 0.05864197530864196
0 0.8870022076474623 0.29685547172687093 0.060956790123456825 0.04835390946502053
0 0.8163982124485596 0.5921539208962049 0.057870370370370475 0.08179012345679006
0 0.7404031635802468 0.6420057918000304 0.06944444444444445 0.03292181069958857
0 0.20375246484910836 0.9342092478280749 0.07021604938271607 0.05709876543209894
0 0.38081570430384093 0.938328760859625 0.04128086419753079 0.06172839506172847
0 0.4795781893004115 0.9342173449169333 0.03703703703703706 0.06584362139917703
0 0.520475126457476 0.9367845983843928 0.039737654320987775 0.06069958847736614
