0 0.000883326903292181 0.1626647995732358 0.16087962962962962 0.12242798353909463
0 0.16408580889917695 0.16369694025301024 0.17245370370370372 0.1260288065843621
0 0.33765512474279835 0.15649624676116444 0.11226851851851857 0.12705761316872427
0 0.4488192836934156 0.1852913999390337 0.18865740740740747 0.11471193415637858
0 0.0008801118827160494 0.2953837067520195 0.15625 0.12551440329218105
0 0.16061680169753084 0.2953894223441549 0.17708333333333334 0.13168724279835392
0 0.3400053047839506 0.29126990931260477 0.16319444444444448 0.12705761316872433
0 0.5055196544924553 0.2938366864807194 0.17052469135802475 0.12139917695473254
0 0.6575384194958848 0.0505391708581009 0.1886574074074073 0.13786008230452676
0 0.6814541538065844 0.18838353528425544 0.18287037037037032 0.12088477366255146
0 0.6837617348251028 0.31543829065691203 0.17245370370370372 0.11779835390946503
0 0.8631352344821673 0.05516308489559518 0.13695987654320985 0.13168724279835392
0 0.8666037058470508 0.18684889879591524 0.13155864197530856 0.1301440329218107
0 0.8631346986454046 0.31955685108977294 0.13618827160493827 0.12139917695473249
0 0.09154637131344309 0.48928135954884927 0.16010802469135801 0.09053497942386825
0 0.09502073688271608 0.5875381039475689 0.16319444444444445 0.09670781893004106
0 0.1027338391632373 0.6857853223593965 0.15895061728395063 0.0925925925925927
0 0.10388481652949245 0.7753429355281207 0.14969135802469136 0.14814814814814814
0 0.2524251971879287 0.48928564624295084 0.15895061728395055 0.09516460905349788
0 0.25937044538751713 0.5891165599756134 0.16010802469135804 0.13477366255144033
0 0.2651558749142661 0.7310513831732968 0.15779320987654324 0.09104938271604932
0 0.2547472457990398 0.8314143232738911 0.16936728395061726 0.14969135802469133
0 0.4218042695473252 0.4980576512726719 0.17592592592592587 0.12448559670781895
0 0.4218050733024692 0.6241083676268862 0.17708333333333326 0.14814814814814814
0 0.4252754200960219 0.7752981633897272 0.17438271604938277 0.09979423868312752
0 0.42604354209533607 0.8781731062338058 0.16936728395061731 0.0936213991769546
0 0.5988897462277092 0.505793228928517 0.1790123456790124 0.14557613168724284
0 0.6008072380829904 0.65390470202713 0.16242283950617287 0.10596707818930043
0 0.6031196416323732 0.7660360463344001 0.15895061728395055 0.09670781893004117
0 0.6019622342249656 0.8689138469745465 0.1589506172839507 0.09362139917695492
0 0.7836776084533608 0.5119613054412439 0.16242283950617287 0.14043209876543206
0 0.7732569230109738 0.6539004153330285 0.15663580246913586 0.10133744855967079
0 0.769012292095336 0.7598579675354367 0.15547839506172842 0.09104938271604941
0 0.7666926547496571 0.8581089963420211 0.14853395061728397 0.09104938271604932
0 0.0008321544924554184 0.4939252781588172 0.08719135802469136 0.10596707818930043
0 0.9225051440329218 0.852447226032617 0.07407407407407413 0.0874485596707818
0 0.9306021733539094 0.749575140984606 0.06712962962962968 0.09670781893004117
0 0.9410099987139917 0.6420748552049992 0.0543981481481481 0.1075102880658437
0 0.005839013203017831 0.8673792104862064 0.07484567901234568 0.10288065843621408
