0 0.2689963566118936 0.8710273213354198 0.10123239436619716 0.14612676056338036
0 0.3825542229068857 0.1439820248652408 0.10343309859154932 0.21889671361502352
0 0.0004945471439749609 0.4761959876543211 0.07834507042253522 0.27758215962441307
0 0.09074573307902974 0.4937701051990958 0.11047535211267606 0.24354460093896713
0 0.32622414172535213 0.46328953660233 0.11487676056338027 0.2822769953051643
0 0.6012962759194054 0.19145692053555904 0.09198943661971831 0.1537558685446009
0 0.7342075019561816 0.19967233959311426 0.07570422535211271 0.15316901408450706
0 0.7007369302621282 0.7607128108155103 0.047095070422535204 0.16138497652582162
0 0.7548742542057902 0.7677382194400973 0.04709507042253528 0.14319248826291092
0 0.634273523082942 0.4790340810293862 0.044014084507042306 0.17370892018779344
0 0.12287632042253523 0.12228851504086245 0.11091549295774647 0.24061032863849766
0 0.6989837025625979 0.4802099634846113 0.05765845070422534 0.176056338028169
0 0.5744171190336462 0.4673056859676578 0.047975352112676166 0.18309859154929567
0 0.446383815043036 0.46329660059120154 0.11663732394366196 0.28990610328638494
0 0.49170151115023486 0.1598243783689793 0.09242957746478872 0.21596244131455397
0 0.22981618006651017 0.46679164493131625 0.09022887323943662 0.261737089201878
0 0.04185800567292645 0.20260335159102766 0.06426056338028169 0.14964788732394366
0 0.8812270759976526 0.4972086376282386 0.09375 0.15434272300469487
0 0.0009074848395931143 0.20142909928708047 0.03917253521126761 0.14906103286384975
0 0.8525916348787168 0.13401364980003475 0.05589788732394364 0.2276995305164319
0 0.6514344312402192 0.7636438228134238 0.03741197183098595 0.1578638497652582
0 0.5845391358568075 0.7800572726482351 0.04621478873239432 0.13791079812206578
0 0.06431130183881065 0.9190754868718484 0.07306338028169015 0.06631455399061037
0 0.15586732198748043 0.9073557859502696 0.08274647887323942 0.08509389671361495
0 0.9120048415492958 0.8029353590679882 0.04753521126760552 0.12793427230046955
0 0.8389463517214398 0.8052757129194922 0.05457746478873228 0.12030516431924894
0 0.9670184736893582 0.8035265605981569 0.04181338028169029 0.13262910798122063
0 0.8054831157081378 0.7741784037558684 0.03653169014084499 0.12676056338028183
0 0.7685531592331767 0.5710816597113545 0.09683098591549298 0.07805164319248818
0 0.4225963419405321 0.9313945400799861 0.08802816901408453 0.06103286384976511
0 0.0018045774647887326 0.9056028299426186 0.06338028169014084 0.09330985915492965
0 0.9480991417253521 0.14809761345852895 0.051496478873239465 0.22711267605633803
