0 0.7764808905516432 0.2824226221526691 0.10431338028169014 0.1572769953051643
0 0.26549815385367764 0.6691260215614676 0.13424295774647885 0.1208920187793427
0 0.7650839935446009 0.5822237436967483 0.17165492957746487 0.06924882629107992
0 0.5916403804773084 0.27536298035124324 0.13116197183098588 0.13849765258215965
0 0.022193490805946788 0.13626543209876543 0.26848591549295775 0.12441314553990611
0 0.3935531592331769 0.2507281342375239 0.0968309859154929 0.1525821596244132
0 0.5577467845266041 0.13509444009737437 0.12720070422535218 0.12734741784037557
0 0.3918521982589985 0.5787102243088159 0.18265845070422526 0.07746478873239432
0 0.2729588468309859 0.28063869327073554 0.10299295774647889 0.13204225352112675
0 0.41513534330985913 0.6532929055816379 0.11883802816901405 0.13380281690140847
0 0.10881412607589983 0.5975504260128673 0.14304577464788734 0.1431924882629108
0 0.7223502909820032 0.14916699269692227 0.11399647887323947 0.11443661971830989
0 0.3363617468701095 0.1602802773430708 0.13556338028169018 0.07453051643192489
0 0.05995849227308293 0.2864958268127282 0.14304577464788734 0.11971830985915485
0 0.0035859252738654154 0.5964348591549296 0.09330985915492958 0.20598591549295775
0 0.4177978897691706 0.7994495522517824 0.15008802816901412 0.1660798122065728
0 0.6118972515649452 0.780093135976352 0.1461267605633802 0.176643192488263
0 0.2650674882629108 0.791835115632064 0.147887323943662 0.18192488262910791
0 0.09032851623630674 0.8076769257520431 0.14348591549295772 0.1784037558685446
0 0.0004988262910798122 0.8053441792731698 0.08450704225352113 0.19424882629107992
0 0.8139356538536775 0.806457029212311 0.16593309859154948 0.12852112676056332
0 0.5572944175469483 0.6456637976004173 0.10959507042253527 0.13380281690140847
0 0.702024647887324 0.6578638497652582 0.0 0.0
0 0.6805509707550861 0.6456431490175621 0.13424295774647893 0.11150234741784036
0 0.8340669014084506 0.6619718309859155 0.0 0.0
0 0.8293219385758998 0.6609067988175971 0.13908450704225367 0.11737089201877927
