0 0.6385494362997257 0.2517051516537113 0.0667438271604938 0.17489711934156377
0 0.935996709962277 0.25532836076817556 0.0574845679012346 0.19907407407407407
0 0.4186736432613169 0.00896252476756592 0.11226851851851849 0.23508230452674894
0 0.07336516203703704 0.5542366826703247 0.09027777777777778 0.24228395061728392
0 0.18486823774005484 0.5686375933546716 0.09915123456790123 0.23971193415637862
0 0.550981920867627 0.03926802316720012 0.0806327160493827 0.18724279835390945
0 0.5405757030178328 0.2496484910836763 0.09567901234567897 0.17592592592592593
0 0.6482186106824417 0.04441205608901082 0.10146604938271611 0.18724279835390947
0 0.6516902970679012 0.5449307460752933 0.10069444444444445 0.19187242798353915
0 0.5421173053840879 0.5624671353452217 0.09336419753086413 0.24228395061728392
0 0.7627890839334707 0.03772671848803536 0.08294753086419746 0.18930041152263374
0 0.1632643711419753 0.25067348727328154 0.10069444444444445 0.17181069958847742
0 0.41828221450617287 0.2568439452827313 0.10416666666666667 0.169238683127572
0 0.024766911008230454 0.2553107376924249 0.10879629629629631 0.1800411522633745
0 0.041328553669410156 0.046444425392470665 0.06867283950617284 0.15997942386831276
0 0.27242074974279834 0.24705170705685106 0.06365740740740743 0.14917695473251033
0 0.32952165852194787 0.2275072397500381 0.0667438271604938 0.1522633744855967
0 0.8742908200445816 0.5418567101051669 0.0898919753086419 0.20524691358024688
0 0.7786018947187928 0.5547210791037951 0.0756172839506173 0.20987654320987661
0 0.8245351616083677 0.25173658741045574 0.10841049382716048 0.2088477366255144
0 0.7006957840363512 0.2604662017985063 0.11304012345679015 0.1923868312757201
0 0.43369368355624144 0.721920248437738 0.07445987654320985 0.22942386831275724
0 0.31449090149176956 0.7964406149977137 0.08912037037037036 0.15586419753086414
0 0.08339415080589849 0.7465877914951988 0.08757716049382716 0.2037037037037037
0 0.5424977494855967 0.7984853680841336 0.08564814814814817 0.14197530864197525
0 0.19566561642661182 0.8180260249961895 0.09182098765432099 0.1347736625514404
0 0.6559263545953361 0.7532826550830666 0.08950617283950611 0.21193415637860075
0 0.0004428690843621399 0.7748480605090687 0.08217592592592593 0.16923868312757206
0 0.7608630186899864 0.7681531969212011 0.08719135802469127 0.16100823045267493
0 0.8607898769718791 0.7537665752171925 0.09297839506172842 0.17901234567901228
0 0.1821831597222222 0.02023843545191282 0.12152777777777778 0.190843621399177
