0 0.39397434956964006 0.08134074508781082 0.06954225352112675 0.38321596244131456
0 0.1228344459115806 0.5882509563554165 0.05061619718309858 0.24061032863849766
0 0.18269696302816898 0.5782852982090072 0.05545774647887324 0.25234741784037557
0 0.777328772985133 0.6176034602677796 0.057658450704225254 0.25117370892018775
0 0.4745124828834116 0.09718309859154929 0.0585387323943663 0.38028169014084506
0 0.06957373581768389 0.5894252086593635 0.04533450704225352 0.24119718309859164
0 0.3768015209311424 0.5718625021735351 0.058978873239436624 0.2875586854460094
0 0.5229267532276997 0.5578105981568423 0.05677816901408445 0.32276995305164324
0 0.309469752543036 0.06668677186576247 0.0730633802816901 0.40199530516431925
0 0.5480181435837246 0.08545035645974615 0.061619718309859274 0.3849765258215962
0 0.24475896175665102 0.06550002173535037 0.05853873239436618 0.3879107981220657
0 0.3037393632629108 0.5618832594331421 0.06073943661971831 0.28462441314553993
0 0.5889451291079812 0.5742180707703008 0.05281690140845067 0.2963615023474178
0 0.19369865023474178 0.0760503608068162 0.05281690140845071 0.3738262910798122
0 0.6193224887519562 0.06375630325160841 0.06382042253521121 0.40610328638497656
0 0.24387959702660408 0.5677240914623544 0.05985915492957747 0.2546948356807512
0 0.005755147202660407 0.5853335289514867 0.047975352112676055 0.2588028169014085
0 0.44501907276995306 0.586525169535733 0.05281690140845075 0.278169014084507
0 0.9014524647887324 0.0954285124326204 0.0633802816901408 0.38673708920187794
0 0.8512718236502347 0.5900528169014084 0.05677816901408461 0.28521126760563376
0 0.9142064627347417 0.6117566510172143 0.04885563380281689 0.2746478873239436
0 0.8217952244718311 0.11360632933402887 0.07526408450704215 0.3708920187793427
0 0.7262611257824726 0.7377956007650842 0.04137323943661973 0.12910798122065742
0 0.9692081743935836 0.6580784863501999 0.025968309859155013 0.2318075117370892
