0 0.02319128300754458 0.11178174058832495 0.06211419753086421 0.16872427983539096
0 0.09109144590192045 0.1241026520347508 0.06057098765432099 0.14197530864197533
0 0.21416243355624145 0.10663246837372352 0.06057098765432095 0.16306584362139914
0 0.28283232596021946 0.10816519966468525 0.05632716049382714 0.15174897119341568
0 0.3407101980452675 0.08349194101508915 0.06712962962962968 0.1712962962962963
0 0.001962770061728395 0.3283221879286694 0.04861111111111112 0.14351851851851857
0 0.05135004072359396 0.32831885383325704 0.05516975308641976 0.13991769547325106
0 0.1211784122085048 0.3432189262307575 0.05246913580246915 0.12088477366255149
0 0.18020806541495202 0.3529873494894071 0.05516975308641972 0.11522633744855969
0 0.2388505765603567 0.3370418000304832 0.05594135802469131 0.1162551440329218
0 0.29942102837791496 0.3123633020880963 0.05516975308641976 0.13014403292181068
0 0.3599882651748971 0.30979366712391404 0.04976851851851849 0.13271604938271603
0 0.026655467678326477 0.5119446349641823 0.05054012345679012 0.1224279835390946
0 0.08644279406721536 0.5181117588782198 0.03317901234567902 0.1162551440329218
0 0.12310340577846367 0.5098846402987349 0.046682098765432105 0.11985596707818931
0 0.23691459833676265 0.5196535398567292 0.04591049382716052 0.11471193415637852
0 0.3048152970679013 0.5330099260783417 0.04513888888888889 0.095164609053498
0 0.3611435292352538 0.5057617931717725 0.04668209876543214 0.11162551440329217
0 0.05982858581961591 0.687310909160189 0.04205246913580246 0.07355967078189313
0 0.15511563357338817 0.6955199283645787 0.03317901234567905 0.050411522633744765
0 0.2010381837277092 0.6883306660570034 0.05054012345679012 0.0637860082304528
0 0.2727904771090535 0.6934732700807804 0.040509259259259245 0.06224279835390942
0 0.3638436106824417 0.687310909160189 0.045910493827160476 0.07355967078189313
0 0.44757721407750345 0.700686347355586 0.06674382716049389 0.07458847736625523
0 0.4070968900034293 0.0011264479500076208 0.10841049382716048 0.10545267489711933
0 0.5289992176783265 0.007293571864045115 0.09220679012345674 0.09927983539094651
0 0.62931080675583 0.017046753543667123 0.09645061728395056 0.0771604938271605
0 0.7431136938443074 0.012430460295686632 0.0837191358024692 0.09156378600823045
0 0.8407241298010973 0.00883535284255449 0.08719135802469143 0.09773662551440329
0 0.9433229381001372 0.016039380429812528 0.05169753086419746 0.10030864197530866
0 0.9186455118312759 0.19503696082914188 0.0717592592592592 0.0843621399176955
0 0.8194961526920439 0.17909855586038712 0.07445987654320985 0.0931069958847737
0 0.7176504629629629 0.16933822969059595 0.08333333333333333 0.1075102880658436
0 0.6300666045096022 0.16420229385764362 0.07368827160493834 0.11625514403292182
0 0.5208997770919067 0.19349756134735557 0.09567901234567905 0.08847736625514405
0 0.41789105366941015 0.19503362673372962 0.09645061728395071 0.08076131687242805
0 0.4251907578875171 0.34166142737387595 0.05246913580246921 0.1054526748971193
0 0.4896304869684499 0.351431755829904 0.06790123456790127 0.1018518518518518
0 0.5687218685699589 0.36119303459838437 0.0706018518518519 0.08847736625514402
0 0.6458791473765432 0.363766003657979 0.06597222222222222 0.08950617283950608
0 0.7265140067729766 0.3503938995579942 0.06905864197530873 0.09207818930041153
0 0.8287546081961591 0.35399567520195097 0.07330246913580254 0.09310699588477366
0 0.9352259087791495 0.3724903787532388 0.0586419753086419 0.06738683127572016
0 0.89858297968107 0.49957990397805213 0.07060185185185175 0.10185185185185185
0 0.803681466478052 0.4985587181832038 0.07908950617283952 0.11008230452674889
0 0.7184038494513032 0.5119098651120257 0.057098765432098575 0.0848765432098764
0 0.6431817451131687 0.5119255829903978 0.0706018518518519 0.10185185185185185
0 0.5282281485768175 0.5304369570187472 0.09297839506172842 0.09413580246913587
0 0.4198093492798354 0.5412294238683129 0.08101851851851849 0.08333333333333333
0 0.5336275077160494 0.6873151958542905 0.09027777777777778 0.07818930041152264
0 0.6246640303497942 0.6898953094040542 0.0717592592592592 0.08693415637860084
0 0.713015207047325 0.688342097241274 0.0752314814814816 0.07613168724279841
0 0.8063820837620027 0.671380124980948 0.07908950617283952 0.09053497942386836
0 0.9066861711248284 0.6785546220088401 0.07253086419753095 0.06121399176954741
