0 0.7122543188443073 0.5058294276787075 0.0906635802469135 0.18467078189300412
0 0.6065556948731139 0.507371208657217 0.10686728395061722 0.18312757201646085
0 0.5043172367969823 0.5027487235177563 0.10570987654320985 0.19084362139917704
0 0.40786099322702335 0.5120022671848804 0.09760802469135793 0.18467078189300412
0 0.295598100994513 0.5120089353757049 0.10570987654320992 0.19187242798353904
0 0.30599574545610425 0.20956218564243256 0.07831790123456786 0.2160493827160494
0 0.4182658714849109 0.22138965096784025 0.0806327160493827 0.21193415637860083
0 0.4977355538408779 0.22139250876390792 0.07253086419753095 0.21502057613168726
0 0.30367530435528123 0.7511769356805365 0.07021604938271607 0.1599794238683128
0 0.3762024176954732 0.7552773967383021 0.06481481481481484 0.14403292181069957
0 0.4838579175240055 0.7495946692577351 0.0887345679012346 0.11779835390946497
0 0.5918815372085049 0.7388079180003049 0.08719135802469134 0.13477366255144033
0 0.6790723593964335 0.7403411255906112 0.08641975308641968 0.12397119341563778
0 0.7824609910836764 0.7372480376467002 0.07716049382716048 0.11676954732510296
0 0.01898389274691358 0.7162275186709343 0.11458333333333333 0.1923868312757202
0 0.04365006644375857 0.5253419829294316 0.0783179012345679 0.14711934156378592
0 0.12086173268175582 0.16999695168419449 0.1520061728395062 0.26337448559670784
0 0.0027882265946502054 0.2260135650053346 0.1261574074074074 0.20576131687242794
0 0.5803117498285322 0.22292142966011277 0.09336419753086428 0.19958847736625518
0 0.6760242519718793 0.2126414609053498 0.14158950617283944 0.20833333333333337
0 0.8199012452846364 0.21418467078189302 0.10223765432098778 0.20833333333333337
0 0.9074663494513032 0.632906569120561 0.0848765432098765 0.20576131687242794
0 0.90747170781893 0.3952917809785093 0.09259259259259255 0.24845679012345684
