0 0.4375511724108368 0.15653244551135498 0.07368827160493825 0.16615226337448558
0 0.32720121742112485 0.5886040618808108 0.058641975308641944 0.13683127572016465
0 0.6262155456961591 0.3550954503886603 0.08371913580246913 0.169753086419753
0 0.1397089870541838 0.31446902149062644 0.06983024691358022 0.18209876543209874
0 0.22188678840877915 0.31240188233500993 0.07253086419753087 0.17181069958847742
0 0.6404795203189301 0.15601518442310625 0.06828703703703706 0.16306584362139917
0 0.3114020704732511 0.16012993446121018 0.08564814814814817 0.1625514403292181
0 0.23731969092935531 0.5902072854747751 0.07368827160493825 0.20164609053497948
0 0.5768255958504802 0.5963610730071636 0.07330246913580238 0.1810699588477366
0 0.5313059949417009 0.342248228166438 0.0806327160493827 0.18364197530864196
0 0.5702629350994514 0.14418914799573238 0.0675154320987654 0.16872427983539093
0 0.44449936771262005 0.34943320377991155 0.07908950617283944 0.16563786008230455
0 0.023199320558984906 0.584525986892242 0.07368827160493828 0.17695473251028804
0 0.09919945987654322 0.5840020576131687 0.06944444444444445 0.16666666666666666
0 0.4606899434156379 0.5875890679774425 0.06018518518518516 0.15174897119341554
0 0.00043456361454046643 0.3381149024538942 0.07021604938271604 0.1640946502057614
0 0.06755776320301783 0.16474527511050144 0.060956790123456776 0.14711934156378603
0 0.5123764896262003 0.158077084285932 0.044367283950617224 0.16769547325102885
0 0.3923959405006859 0.5896195320835238 0.05015432098765429 0.1224279835390947
0 0.06755990655006858 0.32268851928059744 0.06404320987654323 0.17026748971193412
0 0.7160933213305899 0.3473874980948026 0.06327160493827158 0.17849794238683123
0 0.7890257951817559 0.34893023167200127 0.08603395061728397 0.1779835390946502
0 0.7176426933299039 0.156555784179241 0.07214506172839508 0.19135802469135807
0 0.7967340749314128 0.15551697530864195 0.07484567901234572 0.18055555555555555
0 0.7388505765603567 0.6014565233958239 0.05594135802469127 0.12860082304526751
0 0.6551362632887516 0.5875938309708886 0.06288580246913587 0.15689300411522636
0 0.4032077867798354 0.768682365493065 0.06365740740740745 0.17695473251028815
0 0.6273633080418382 0.800040485444292 0.06983024691358032 0.154835390946502
0 0.32064873756858714 0.7666195130315501 0.06751543209876544 0.1712962962962963
0 0.5370970507544581 0.7877000457247371 0.08641975308641968 0.16049382716049387
0 0.7060721021947873 0.7918214639536656 0.07716049382716056 0.16718106995884763
0 0.2535121420610425 0.7619841678097851 0.057484567901234566 0.16512345679012339
0 0.16864390432098766 0.7496380124980949 0.06944444444444445 0.16460905349794233
0 0.03361170053155007 0.7141656188081085 0.06751543209876544 0.18775720164609058
0 0.11076094178669411 0.7614554755372657 0.05131172839506173 0.14969135802469144
0 0.46993527091906717 0.7599108367626886 0.04012345679012349 0.14814814814814814
0 0.7793659979423868 0.7738173487273281 0.06481481481481476 0.16718106995884782
0 0.32875728737997256 0.32423506325255297 0.07716049382716048 0.1738683127572017
0 0.0038974086934156376 0.14420677107148303 0.05671296296296296 0.1877572016460905
0 0.9105530371227709 0.7224532274043591 0.08526234567901238 0.24948559670781884
0 0.9467948924039782 0.3654320987654321 0.05131172839506159 0.22222222222222227
0 0.9163390024862825 0.19250638241121784 0.0837191358024692 0.12911522633744854
0 0.9174950703017832 0.0021890717878372203 0.08179012345679015 0.14197530864197533
