0 0.06295358581961591 0.1554907788446883 0.09760802469135801 0.1522633744855967
0 0.1142754951131687 0.5515984606005183 0.11226851851851855 0.17078189300411514
0 0.533637420696159 0.16377410074683738 0.10455246913580254 0.20936213991769545
0 0.3735256451474622 0.5258854404816338 0.09915123456790127 0.1784979423868313
0 0.4005310142318244 0.17248609205913734 0.0979938271604938 0.17386831275720166
0 0.49197691615226347 0.5197068853833258 0.11342592592592587 0.1723251028806583
0 0.24005272633744856 0.5526372694711171 0.12037037037037039 0.18158436213991777
0 0.6528235918209876 0.19719221536351164 0.06597222222222222 0.18981481481481483
0 0.6200469928840878 0.5202155730833714 0.08989197530864199 0.1661522633744856
0 0.29365783607681756 0.1534169714982472 0.08950617283950615 0.13477366255144038
0 0.16481401105967078 0.15695635192805973 0.10995370370370369 0.06841563786008233
0 0.16404320987654322 0.2336200655387898 0.11111111111111109 0.08744855967078188
0 0.1448147076474623 0.823120046486816 0.1998456790123457 0.08076131687242794
0 0.3681927297668039 0.8092311575979271 0.19753086419753088 0.08076131687242805
0 0.3715277777777778 0.21502057613168724 0.0 0.0
0 0.002767596879286694 0.49711219707361676 0.09645061728395062 0.21450617283950624
0 0.0027346429183813443 0.1354490550221003 0.048996913580246916 0.17386831275720166
0 0.0008479616769547326 0.811304012345679 0.1099537037037037 0.09722222222222222
0 0.9502655071159123 0.2532655083066606 0.048996913580246826 0.19341563786008228
0 0.8789075895919066 0.6009325941167506 0.07137345679012365 0.11831275720164604
0 0.7450995048868314 0.0038766003657978968 0.16550925925925922 0.2978395061728395
0 0.7258032193072702 0.3138769814052736 0.15663580246913572 0.09825102880658439
0 0.7327546296296297 0.4239540466392318 0.16666666666666666 0.09259259259259264
0 0.725807773919753 0.5299082647462277 0.16319444444444445 0.0787037037037037
0 0.7200137710048011 0.6209628867550678 0.15316358024691348 0.08436213991769556
0 0.712303883744856 0.7192115340649291 0.16203703703703698 0.08179012345679015
0 0.706510684585048 0.8040795038866028 0.15316358024691365 0.0725308641975308
0 0.6984096364883402 0.8812595259868924 0.15432098765432095 0.09362139917695471
