0 0.14279326346021948 0.8586600746837373 0.0667438271604938 0.13065843621399176
0 0.6906394675925926 0.8828227404359092 0.07638888888888881 0.11522633744855969
0 0.24039941272290813 0.8704894452065234 0.06404320987654318 0.12860082304526751
0 0.5058347265089164 0.06185270919067214 0.06867283950617278 0.13425925925925927
0 0.49658564814814815 0.48368007925621104 0.08333333333333341 0.1522633744855967
0 0.12852446630658435 0.6518085086114921 0.07523148148148148 0.06430041152263365
0 0.1300679441015089 0.25473012879134277 0.07561728395061726 0.10853909465020577
0 0.6921872320816187 0.6297415599756134 0.08294753086419746 0.12088477366255143
0 0.5957368827160494 0.661108729614388 0.08333333333333341 0.10853909465020582
0 0.6100051440329218 0.49446063862216133 0.07407407407407404 0.1286008230452674
0 0.699505958504801 0.4492136297820454 0.0663580246913581 0.15072016460905344
0 0.11926681455761316 0.08344764517604024 0.07754629629629634 0.1234567901234568
0 0.13468900034293552 0.4985453818015547 0.06327160493827162 0.09567901234567894
0 0.3939670138888889 0.06598984529797287 0.09027777777777786 0.15792181069958847
0 0.21802956747256516 0.6559194482548393 0.0736882716049383 0.05967078189300413
0 0.39473674339849113 0.2418795724737083 0.08757716049382715 0.11882716049382715
0 0.6088514874828532 0.07727147157445512 0.07947530864197531 0.11985596707818931
0 0.3005987975823045 0.2614045115073921 0.0844907407407408 0.09465020576131693
0 0.21879286694101507 0.24650348651120252 0.06172839506172837 0.11265432098765434
0 0.049813796724965706 0.48160627190976985 0.0652006172839506 0.13477366255144033
0 0.30906930512688613 0.6662056089010822 0.059799382716049364 0.05761316872427979
0 0.6080780071159122 0.24133135192805977 0.0767746913580246 0.08230452674897122
0 0.4927327139060357 0.23771385840573087 0.09066358024691357 0.06430041152263376
0 0.20646111968449934 0.09065405426002134 0.08179012345679008 0.12860082304526746
0 0.22150232553155008 0.4893285131839659 0.07445987654320987 0.1414609053497942
0 0.02397172925240055 0.09733701036427374 0.07484567901234568 0.12397119341563785
0 0.396282096622085 0.5242822168876695 0.09066358024691357 0.11368312757201651
0 0.308307345250343 0.4882887517146776 0.07368827160493825 0.12962962962962962
0 0.036696512774348426 0.25935309023014785 0.0652006172839506 0.10133744855967079
0 0.5012131344307271 0.6770509449778997 0.08024691358024683 0.10390946502057619
0 0.7743722672325103 0.4533555288827922 0.09606481481481476 0.1795267489711935
0 0.8827693651406036 0.49293171772595634 0.0767746913580246 0.14403292181069968
0 0.7010598851165981 0.23874171239140374 0.08179012345679008 0.06327160493827164
0 0.4965864519032922 0.8766503772290809 0.08449074074074071 0.11574074074074085
0 0.5930335862482854 0.9007982777015698 0.07947530864197531 0.08436213991769556
0 0.0694913301611797 0.8791952446273433 0.06751543209876544 0.08641975308641979
0 0.31448259602194784 0.8884749847584209 0.07716049382716052 0.10853909465020582
0 0.40591376243141286 0.917248228166438 0.07137345679012341 0.0725308641975309
0 0.4036010909636488 0.6610677678707514 0.07445987654320985 0.06430041152263376
0 0.7801485875342935 0.8575536313062033 0.0806327160493827 0.04681069958847746
0 0.7843918788580247 0.6451855662246608 0.07986111111111095 0.1337448559670782
0 0.7728228952331962 0.9084962277091906 0.08719135802469127 0.06481481481481481
0 0.8800901813271604 0.9043995770461821 0.1076388888888889 0.0848765432098764
0 0.8850777499142661 0.6626138355433623 0.06751543209876555 0.0673868312757202
0 0.3059895833333333 0.09579332418838592 0.06944444444444445 0.12345679012345677
0 0.7091601294581619 0.09323750190519739 0.07947530864197525 0.14094650205761317
0 0.8040651256001373 0.08308565767413503 0.07600308641975302 0.2880658436213992
0 0.9089964313271605 0.09748228166438043 0.06597222222222222 0.2808641975308642
0 0.008127839934842248 0.6179055212620027 0.03742283950617284 0.11574074074074074
