0 0.0005119693857589985 0.007112893409841768 0.10343309859154928 0.07629107981220658
0 0.0005095241588419405 0.08813847591723178 0.09991197183098591 0.11913145539906103
0 0.12069151017214398 0.0006651017214397496 0.1338028169014085 0.08450704225352114
0 0.11365200753129891 0.09223395931142409 0.13776408450704222 0.10563380281690142
0 0.26327238605242564 0.026496478873239436 0.09815140845070422 0.09507042253521128
0 0.2654746185446009 0.12155766388454181 0.10035211267605636 0.08509389671361502
0 0.3658303990610329 0.011824030603373326 0.10563380281690142 0.09389671361502347
0 0.3724300665101721 0.11159037558685446 0.10211267605633804 0.09507042253521128
0 0.4767428354851331 0.023555685967657797 0.10123239436619708 0.0880281690140845
0 0.48025540395148675 0.11276299773952357 0.08890845070422533 0.09389671361502347
0 0.5845752029538341 0.020603482003129888 0.09815140845070418 0.06866197183098591
0 0.5845706181533646 0.08925512954268822 0.09154929577464783 0.057511737089201896
0 0.5779706450508606 0.1479514432272648 0.09463028169014089 0.06924882629107983
0 0.6915346244131455 0.0323367675186924 0.1056338028169015 0.06455399061032863
0 0.6915321791862284 0.09981959659189707 0.10211267605633813 0.05868544600938967
0 0.6946064407276995 0.16261845765953745 0.09242957746478879 0.06455399061032868
0 0.8081627787558686 0.002978829768735872 0.09242957746478864 0.04812206572769953
0 0.8037552572378717 0.05579464440966788 0.08362676056338042 0.04694835680751174
0 0.8015536360524256 0.10393029473135107 0.08230633802816922 0.061619718309859156
0 0.7936298782276996 0.16847885150408626 0.08054577464788729 0.05575117370892018
0 0.000537032961658842 0.28472874282733435 0.13952464788732397 0.1126760563380282
0 0.005818111795774648 0.4091272170057381 0.13864436619718312 0.09683098591549302
0 0.008026457355242567 0.5165226699704399 0.14964788732394368 0.09800469483568082
0 0.14138149207746478 0.31228264649626153 0.13864436619718312 0.08215962441314549
0 0.1523743153364632 0.40791927490871155 0.12323943661971831 0.05985915492957748
0 0.1554546899452269 0.47541731872717785 0.12235915492957747 0.07042253521126766
0 0.1611771322378717 0.54876162841245 0.12323943661971827 0.05692488262910792
0 0.28221739289906106 0.3169704181881412 0.1254401408450704 0.07453051643192486
0 0.2830976745892019 0.4032385672057034 0.1254401408450704 0.07511737089201878
0 0.2844180971244131 0.484203834115806 0.12544014084507044 0.052816901408450724
0 0.2932092991979656 0.54876162841245 0.10871478873239432 0.05692488262910792
0 0.4164640184859154 0.3093429403581986 0.13072183098591564 0.07629107981220658
0 0.4129477821791862 0.3873766518866284 0.1377640845070423 0.056924882629108026
0 0.41646707501956176 0.4472309163623718 0.13512323943661972 0.051643192488262823
0 0.41866319444444444 0.5000516214571379 0.12852112676056346 0.055751173708920285
0 0.418661054870892 0.5587343505477308 0.1254401408450704 0.052816901408450724
0 0.555113886443662 0.3034787428273344 0.13864436619718304 0.08098591549295775
0 0.5529116539514868 0.38854818727177887 0.13644366197183103 0.054577464788732336
0 0.5529076804577465 0.4431278255955486 0.13072183098591547 0.056924882629108026
0 0.5529070691510173 0.504746457137889 0.12984154929577457 0.05575117370892018
0 0.5572983910406886 0.5634210354720919 0.11531690140845074 0.04401408450704225
0 0.6915474618544601 0.4196742957746479 0.1241197183098592 0.07922535211267603
0 0.6893467576291081 0.5018024039297514 0.12411971830985903 0.04518779342722999
0 0.6849438209115806 0.5499342505651191 0.12191901408450695 0.055751173708920077
0 0.819184639084507 0.47073063380281693 0.11883802816901405 0.07922535211267609
0 0.8178642165492959 0.5546165884194053 0.11883802816901405 0.04225352112676064
0 0.9278670285602503 0.3680088245522518 0.07218309859154932 0.055164319248826255
0 0.9423815898865413 0.42844885672057037 0.057658450704225414 0.04870892018779337
0 0.9423815898865413 0.48244055381672757 0.057658450704225414 0.04988262910798116
0 0.9410620843114241 0.534081572769953 0.058978873239436624 0.04753521126760558
0 0.0005180824530516432 0.7483644148843679 0.11223591549295775 0.13497652582159622
0 0.001404477210485133 0.8950302121370197 0.1210387323943662 0.08333333333333344
0 0.11056093505477309 0.7277756042427403 0.12323943661971828 0.08215962441314559
0 0.12155987138106415 0.815810293861937 0.11663732394366196 0.08920187793427235
0 0.1303587147887324 0.913794883498522 0.11091549295774648 0.06748826291079821
0 0.2456820349178404 0.7101547556946618 0.12015845070422537 0.06572769953051649
0 0.2404116539514867 0.7875983524604416 0.13644366197183097 0.04284037558685451
0 0.2448090889084507 0.83924534863502 0.13072183098591547 0.04694835680751171
0 0.2500871112089202 0.8920568162058772 0.1254401408450704 0.041079812206572794
0 0.2522872041275431 0.9331447791688402 0.12455985915492956 0.04988262910798116
0 0.3702538145539906 0.7113409624413146 0.13732394366197181 0.07922535211267603
0 0.3812490830399061 0.7905462093548948 0.1254401408450704 0.05751173708920179
0 0.3799265209311424 0.8509889584420101 0.12235915492957743 0.053990610328638465
0 0.3799249926643193 0.9126032429142757 0.12015845070422533 0.04812206572769945
0 0.508890539417058 0.7758748478525475 0.1263204225352112 0.05751173708920179
0 0.5141633656103286 0.8392518692401321 0.11355633802816899 0.053990610328638465
0 0.5176805188771518 0.9067336115458181 0.10783450704225352 0.04694835680751181
0 0.6475266529733958 0.6966657972526518 0.11443661971830986 0.07511737089201873
0 0.6484008215962441 0.7776283472439576 0.10563380281690142 0.04988262910798127
0 0.6409129254694836 0.8275082594331421 0.09771126760563378 0.04694835680751171
0 0.6409144537363068 0.8861909885237349 0.0999119718309858 0.04401408450704225
0 0.7597610401995305 0.6954877412623892 0.1122359154929577 0.07042253521126757
0 0.7641600034233177 0.7629624195792036 0.10871478873239432 0.055751173708920077
0 0.7496402459898279 0.821648952356112 0.11575704225352107 0.05692488262910792
0 0.7518323919209703 0.8861947922100504 0.10343309859154917 0.048122065727699656
0 0.8750727455007824 0.7524099069727005 0.1047535211267607 0.06748826291079821
0 0.8763898058489827 0.8198818683707182 0.09991197183098595 0.04988262910798106
0 0.867583932413928 0.8715196270213876 0.0955105633802816 0.04401408450704225
