0 0.14881681582550862 0.21431870544253176 0.07086267605633802 0.1261737089201878
0 0.22407998337245696 0.565250065206051 0.06954225352112675 0.11795774647887325
0 0.758851415786385 0.808154016692749 0.06998239436619716 0.05985915492957748
0 0.29405718163145544 0.09400647713441139 0.06205985915492956 0.11854460093896717
0 0.09643302523474177 0.08520583376804035 0.06073943661971831 0.1208920187793427
0 0.16861092771909236 0.5705252347417841 0.05325704225352113 0.11091549295774648
0 0.37239155418622844 0.0863920405146931 0.046654929577464796 0.13438967136150234
0 0.6765270442097026 0.19199487045731176 0.04401408450704238 0.10093896713615025
0 0.6210732712245697 0.19316694922622155 0.04973591549295778 0.0991784037558685
0 0.2355080570226917 0.44024843505477307 0.047095070422535204 0.11619718309859157
0 0.4322635465571205 0.21489849591375412 0.06514084507042249 0.11854460093896714
0 0.22670737969483568 0.09165308207268302 0.05017605633802814 0.11208920187793427
0 0.4327015478286385 0.10632118327247436 0.0620598591549296 0.10856807511737088
0 0.10302933049687012 0.21312652147452615 0.05237676056338029 0.10622065727699531
0 0.30636981611893577 0.44904473135106937 0.04577464788732395 0.10915492957746477
0 0.903201413341158 0.32988012954268825 0.04665492957746488 0.07335680751173712
0 0.2936164294796557 0.22603514606155453 0.061179577464788755 0.1038732394366197
0 0.9212404636150234 0.249480525126065 0.03697183098591555 0.07276995305164326
0 0.17256424833724568 0.4461061119805251 0.041813380281690155 0.10446009389671365
0 0.22670615708137715 0.22016986176317163 0.04841549295774645 0.10739436619718308
0 0.7306600890062598 0.19844592244826986 0.03785211267605636 0.09624413145539902
0 0.30637378961267603 0.5799072987306556 0.051496478873239465 0.10269953051643188
0 0.6879691779147105 0.5282135715527735 0.04181338028169029 0.04812206572769955
0 0.6699255428403755 0.3181490175621631 0.04489436619718311 0.07981220657277001
0 0.7451942121478875 0.535848656755347 0.051496478873239306 0.054577464788732336
0 0.7628016798708921 0.7289297513475917 0.05413732394366188 0.061032863849765216
0 0.7258292375782472 0.3146289775691184 0.05325704225352108 0.08098591549295775
0 0.36754847662363066 0.22838202051817072 0.04445422535211263 0.10328638497652581
0 0.8151711047535213 0.4818536993566336 0.043573943661971745 0.04988262910798116
0 0.8499422315140847 0.3281239132324813 0.043573943661971745 0.07805164319248824
0 0.8657827171361502 0.22718603286384978 0.03697183098591555 0.079225352112676
0 0.8178046141431925 0.22366436271952705 0.03301056338028161 0.07863849765258214
0 0.7914114461071987 0.32344103199443575 0.05501760563380284 0.09096244131455401
0 0.7865521689162756 0.21427414797426536 0.029489436619718232 0.07805164319248821
0 0.826181044600939 0.9196694053208138 0.05281690140845067 0.0739436619718311
0 0.7689584555946791 0.9108682185706833 0.04665492957746488 0.0757042253521126
0 0.7126173708920187 0.9155603373326379 0.042253521126760535 0.07276995305164326
0 0.5766285211267606 0.8516649278386368 0.06338028169014089 0.15023474178403767
0 0.8693108739241001 0.8040373413319423 0.04709507042253528 0.05046948356807514
0 0.9098074995109546 0.9202611502347418 0.05237676056338027 0.07922535211267613
0 0.679174002347418 0.7483312684750478 0.05281690140845067 0.09917840375586856
0 0.9331285455790298 0.7946520170405146 0.043133802816901344 0.055164319248826414
0 0.6215045481220657 0.2982253086419753 0.03697183098591547 0.11150234741784036
0 0.9080506039710485 0.5499255564249695 0.057658450704225254 0.04636150234741773
0 0.8415743593505477 0.547568901060685 0.036091549295774746 0.03638497652582163
0 0.7416743080007826 0.4865371239784385 0.05325704225352108 0.03755868544600936
0 0.6923708920187793 0.4865338636758824 0.04225352112676062 0.03403755868544604
0 0.6144485401995305 0.48419079290558165 0.017165492957746487 0.03873239436619721
0 0.6465840179968702 0.5364213832376977 0.024647887323943646 0.039319248826290974
0 0.6179718065336464 0.5416970961571901 0.020246478873239385 0.0328638497652582
0 0.9234515600547731 0.4900685750304295 0.051936619718309866 0.04870892018779332
0 0.8710558489827857 0.48771681011997914 0.024647887323943646 0.044014084507042146
0 0.949856342918623 0.6854949139280125 0.04665492957746472 0.052816901408450724
0 0.9582156567879498 0.7471070248652408 0.041813380281690134 0.04460093896713612
0 0.8186842845266041 0.6661080681620588 0.0321302816901408 0.030516431924882608
0 0.8626983690336463 0.6573166623195965 0.03213028169014096 0.042840375586854405
0 0.864476354655712 0.7441700356459745 0.05721830985915485 0.041666666666666775
0 0.7324289050273864 0.683134998261172 0.049735915492957694 0.03931924882629108
0 0.6483574188184663 0.6672986219787863 0.04313380281690142 0.04870892018779332
0 0.9819637006064164 0.3252168101199791 0.01364436619718311 0.10739436619718316
0 0.16596610915492957 0.09282950791166754 0.04753521126760564 0.11502347417840375
