0 0.41286945944787384 0.09590763603109281 0.08757716049382715 0.2469135802469136
0 0.5961240247770918 0.8643199397957627 0.08526234567901238 0.13220164609053503
0 0.000421971450617284 0.4832866559975613 0.052083333333333336 0.28292181069958844
0 0.5810916602366254 0.4833195206523396 0.10532407407407404 0.3184156378600824
0 0.5000659079218107 0.09899548468221307 0.09490740740740745 0.24845679012345684
0 0.3777517896947874 0.48023167200121936 0.07368827160493825 0.31687242798353904
0 0.6366338198731138 0.08666123685413808 0.08603395061728389 0.26080246913580246
0 0.3576780049725652 0.09436204465782655 0.05632716049382714 0.24434156378600821
0 0.6906354488168724 0.4889727175735406 0.07060185185185183 0.31275720164609055
0 0.27090674296982165 0.4750938309708887 0.10570987654320992 0.323559670781893
0 0.11580155821330589 0.4781435756744398 0.08757716049382716 0.2839506172839507
0 0.05251414609053498 0.4750623952141443 0.06481481481481481 0.2896090534979423
0 0.4580204046639232 0.4781788218259412 0.10493827160493825 0.32201646090534986
0 0.20567853009259257 0.469916457094955 0.06597222222222222 0.28755144032921814
0 0.2924806027091907 0.10515308260935832 0.06095679012345678 0.23199588477366254
0 0.22342544367283948 0.0994998856881573 0.06597222222222227 0.2376543209876543
0 0.046343449931412886 0.12468373723517759 0.06790123456790123 0.21399176954732507
0 0.1532115376371742 0.09076598460600518 0.06905864197530866 0.24948559670781895
0 0.11653619041495199 0.12930765127267185 0.034336419753086427 0.20781893004115223
0 0.9020447530864198 0.4678088324950465 0.05555555555555555 0.2335390946502058
0 0.7261381172839505 0.09231300487730529 0.08333333333333333 0.2536008230452675
0 0.8681177126200275 0.06905435528120714 0.0895061728395062 0.13425925925925927
0 0.8704301161694101 0.2043571864045115 0.08603395061728397 0.15020576131687244
0 0.9602910129458162 0.49606814891022716 0.04128086419753079 0.19804526748971196
0 0.43138342335390945 0.877685375704923 0.08101851851851857 0.1224279835390947
0 0.5174109439300412 0.8622670896204847 0.07175925925925913 0.1373456790123456
0 0.35884237825788745 0.8967073426306965 0.06635802469135801 0.11059670781893005
0 0.04015801826131687 0.882824169333943 0.04976851851851851 0.11676954732510275
