0 0.8755000489045384 0.07758433315945051 0.08626760563380284 0.1291079812206573
0 0.3420854117762128 0.28351808381151106 0.13820422535211271 0.0727699530516432
0 0.23557560641627542 0.610963310728569 0.14436619718309862 0.05164319248826288
0 0.33944426105242564 0.3727139845244305 0.13776408450704222 0.06631455399061031
0 0.7210344532472613 0.36685250391236307 0.12059859154929566 0.073943661971831
0 0.11105517654538342 0.2647343940184316 0.20114436619718307 0.06807511737089203
0 0.21450294649843507 0.1115545122587376 0.22227112676056335 0.056338028169014086
0 0.8653966769366197 0.40379607894279257 0.11487676056338027 0.04342723004694838
0 0.19329579910015654 0.7553316814467049 0.10651408450704222 0.053990610328638465
0 0.24745268485915492 0.5557919274908713 0.13468309859154928 0.04401408450704225
0 0.0599581866197183 0.5152967962093549 0.14260563380281688 0.041666666666666664
0 0.24657270882237872 0.5000374934793949 0.13512323943661972 0.04049295774647892
0 0.7786849569640062 0.5980595765953747 0.10915492957746488 0.05927230046948361
0 0.038415126173708916 0.5786841418883673 0.17693661971830987 0.04929577464788729
0 0.3209348102503912 0.7277440879846984 0.10387323943661977 0.048122065727699656
0 0.5806402215375588 0.7224623978438532 0.13600352112676045 0.04812206572769955
0 0.13349013350938968 0.34394018431577117 0.18353873239436622 0.04694835680751165
0 0.24967539612676054 0.034680925056511915 0.16637323943661977 0.06103286384976527
0 0.5810815849960876 0.7564966962267432 0.13776408450704222 0.04460093896713612
0 0.04722436179577465 0.11507509563554165 0.18617957746478875 0.055751173708920194
0 0.8525965253325509 0.7260639454007999 0.06294014084507041 0.13497652582159622
0 0.6686249877738655 0.5699095809424449 0.07350352112676053 0.0798122065727698
0 0.07449903413536776 0.025305381672752567 0.16593309859154928 0.07629107981220656
0 0.011981000586854461 0.789370870283429 0.13996478873239437 0.05575117370892018
0 0.14139708039906101 0.39147213528082075 0.16109154929577468 0.04342723004694833
0 0.6479567072574336 0.08924806555381673 0.0999119718309858 0.04988262910798124
0 0.5695981880868545 0.5740175621631021 0.08054577464788737 0.07981220657277001
0 0.7707440825508608 0.07990947226569292 0.08274647887323947 0.10504694835680753
0 0.8755147202660407 0.3333778908015997 0.10739436619718311 0.04812206572769955
0 0.7434513766627543 0.7301751869240132 0.07702464788732391 0.13849765258215965
0 0.9181909599960877 0.6320868109893932 0.08230633802816922 0.04812206572769945
0 0.8807817390453835 0.2564961528429839 0.08626760563380269 0.04401408450704225
0 0.5793173537754304 0.8145958311597983 0.13248239436619724 0.04518779342722999
0 0.3165312622261346 0.778815640758129 0.10079225352112672 0.06455399061032865
0 0.2751901163928012 0.9084952616936186 0.14700704225352115 0.04812206572769955
0 0.4318096513106417 0.726646452790819 0.04533450704225343 0.13028169014084515
0 0.5823937548904538 0.9120125847678664 0.12588028169014087 0.044014084507042354
0 0.5837147887323944 0.9448786080681622 0.12676056338028177 0.04636150234741773
0 0.8587930359937401 0.9161493653277691 0.11267605633802825 0.07511737089201873
0 0.016375990316901408 0.7406614067118762 0.1307218309859155 0.05516431924882631
0 0.6378380526212832 0.030557185706833592 0.10651408450704222 0.04401408450704224
0 0.00711041422143975 0.3961675143453313 0.09815140845070422 0.04401408450704225
0 0.004899623435054772 0.3521436489306207 0.08362676056338028 0.03345070422535212
0 0.008416776701877933 0.24067825160841594 0.07790492957746478 0.07335680751173707
0 0.42128172681924886 0.5241083072509128 0.09639084507042249 0.05105633802816901
0 0.4397572500978091 0.592748543731525 0.08142605633802817 0.027582159624413155
0 0.7663701829029735 0.5381960745957224 0.12235915492957743 0.05457746478873244
0 0.9107125391236306 0.5939200791166754 0.08802816901408461 0.025234741784037465
0 0.0005012715179968702 0.9577856025039123 0.0880281690140845 0.042253521126760535
0 0.442829066412363 0.9255145844201008 0.06822183098591555 0.04870892018779332
0 0.7289475132042255 0.9214239914797427 0.10695422535211271 0.06748826291079821
0 0.19550047681924881 0.7171578855851156 0.11223591549295778 0.023474178403755853
0 0.1756978066314554 0.8228041862284821 0.11751760563380283 0.03697183098591539
0 0.10530675371674492 0.9167416536254565 0.16285211267605634 0.08098591549295764
0 0.9269742150821596 0.7407244392279604 0.05413732394366204 0.1232394366197184
0 0.6259389671361503 0.3340261476264998 0.08450704225352115 0.11443661971830982
