0 0.06082012910798122 0.41684109285341675 0.11619718309859153 0.18838028169014082
0 0.19065862187010957 0.40042546948356805 0.11179577464788733 0.20598591549295764
0 0.3297147031494523 0.4021246304990436 0.07086267605633804 0.13967136150234744
0 0.4199756699921753 0.4379564423578508 0.11707746478873236 0.1760563380281691
0 0.5418665639671362 0.44848069900886806 0.07658450704225352 0.1338028169014084
0 0.6611701022104851 0.3962713006433664 0.11311619718309858 0.15610328638497642
0 0.7989357149843506 0.40624999999999994 0.11531690140845068 0.15845070422535218
0 0.6352549760367763 0.6246250652060512 0.18970070422535218 0.22887323943661972
0 0.8350578296165883 0.6850580333854982 0.15933098591549297 0.2147887323943661
0 0.05419998288341158 0.668552208311598 0.09022887323943662 0.13497652582159622
0 0.19856770833333334 0.7659053860198227 0.09242957746478875 0.06514084507042252
0 0.2258533841940532 0.6819928055990262 0.08802816901408449 0.07335680751173712
0 0.32621099863067293 0.6791438445487741 0.0959507042253521 0.16549295774647893
0 0.15364033157276996 0.7225151060685099 0.04489436619718311 0.10504694835680757
0 0.48775583186619714 0.6907793209876543 0.11487676056338035 0.055751173708920285
0 0.15104441754694836 0.09644355329507913 0.1095950704225352 0.2153755868544601
0 0.27208681778169014 0.1193249000173883 0.11487676056338031 0.2089201877934272
0 0.4129266920970266 0.0723548078595027 0.10739436619718302 0.18544600938967137
0 0.5418821522887324 0.08180968527212659 0.09903169014084515 0.255868544600939
0 0.6726058171948357 0.07822878629803512 0.10167253521126764 0.1913145539906103
0 0.7888060568270736 0.0846961398017736 0.1060739436619719 0.2042253521126761
0 0.907164209213615 0.09643377238741088 0.04885563380281689 0.20481220657276997
