0 0.4233504265260631 0.12563919372046947 0.18016975308641975 0.13477366255144035
0 0.6285678690843621 0.4126733729614388 0.13773148148148143 0.13168724279835398
0 0.6362991898148148 0.14363854595336076 0.1597222222222222 0.12962962962962962
0 0.483886316872428 0.3808056127114769 0.12962962962962968 0.15895061728395068
0 0.33496656378600825 0.3700021909769852 0.12962962962962965 0.15792181069958847
0 0.6625064300411523 0.31641041761926536 0.12037037037037032 0.056584362139917674
0 0.4179467806927297 0.6003572245084591 0.17669753086419754 0.0524691358024691
0 0.19106894075788752 0.3807946578265508 0.13927469135802473 0.14711934156378603
0 0.6324392896947872 0.610135173754001 0.15702160493827175 0.05709876543209873
0 0.17607729981138545 0.10818091754305745 0.21797839506172834 0.16872427983539093
0 0.0062408907750342935 0.36435423334857486 0.09799382716049383 0.169238683127572
0 0.3214616019375857 0.3061204465782655 0.12692901234567902 0.05452674897119344
0 0.43182923954046637 0.0278416018899558 0.16743827160493827 0.06893004115226338
0 0.6386370456104252 0.019125323883554337 0.1929012345679012 0.09979423868312758
0 0.17754817172496573 0.3112673372961439 0.11381172839506172 0.05761316872427979
0 0.16757598165294924 0.02117007696997409 0.19830246913580254 0.08590534979423868
0 0.05409995498971193 0.15854719173906417 0.1261574074074074 0.11985596707818928
0 0.8353700488683128 0.067065329218107 0.15509259259259253 0.20833333333333334
0 0.1945792073902606 0.6951360310928212 0.19405864197530864 0.191358024691358
0 0.00051440329218107 0.6807174973327237 0.1851851851851852 0.1748971193415637
0 0.4287540723593964 0.6868822397500381 0.18364197530864199 0.1661522633744855
0 0.6490341542352539 0.7254553421734492 0.1647376543209876 0.15843621399176952
0 0.024764767661179698 0.952714906264289 0.10570987654320987 0.043209876543209944
0 0.31604563185871054 0.9378072130772749 0.10570987654320992 0.05401234567901227
0 0.018220325360082303 0.8925287684804145 0.1261574074074074 0.042181069958847725
0 0.1721573859739369 0.9141608558146623 0.12885802469135801 0.07150205761316868
0 0.90206672239369 0.7239245160798659 0.08719135802469127 0.17181069958847747
0 0.06216858496227709 0.09879924935223287 0.0783179012345679 0.03652263374485598
0 0.9144107938957476 0.40037294238683124 0.0848765432098765 0.1805555555555555
