0 0.010199347124413147 0.04436891410189532 0.1095950704225352 0.38321596244131456
0 0.3059510710093897 0.08772550426012866 0.07658450704225347 0.30692488262910794
0 0.3869192586071988 0.08302088767170927 0.05105633802816898 0.2963615023474178
0 0.5022438013497652 0.08888834550512954 0.062059859154929675 0.29518779342723
0 0.5700089862089202 0.10295818118588071 0.038292253521126834 0.2793427230046948
0 0.6206536091549295 0.08894268388106416 0.07922535211267616 0.35387323943661975
0 0.7179369620500782 0.09833072509128847 0.09683098591549298 0.35211267605633795
0 0.8248334189162756 0.0965397322204834 0.013644366197182952 0.3192488262910798
0 0.8464599227308295 0.09834159276647539 0.09947183098591539 0.36384976525821594
0 0.0009915395148669796 0.5647724308815858 0.1602112676056338 0.2359154929577465
0 0.16255379499217526 0.6130325160841592 0.20422535211267612 0.3849765258215962
0 0.3724328173904538 0.6035944835680751 0.1060739436619719 0.3327464788732394
0 0.4851596121870109 0.7660618805425143 0.17913732394366202 0.23415492957746478
0 0.6738953687402192 0.7783738697617805 0.05721830985915501 0.22124413145539912
0 0.739032545970266 0.7918595679012346 0.051936619718310026 0.20833333333333334
0 0.7909725278755868 0.7901006346722309 0.05677816901408445 0.21009389671361506
0 0.7685892263302034 0.5119598765432098 0.148767605633803 0.24061032863849766
0 0.13649623435054775 0.09357177012693446 0.07570422535211264 0.2828638497652582
0 0.8970785651408449 0.8486708833246391 0.10299295774647893 0.08568075117370902
0 0.8781656518974962 0.937849939141019 0.12191901408450702 0.061032863849765216
0 0.9027964226330203 0.7647588462876022 0.09727112676056338 0.09448356807511739
0 0.9265475229851329 0.5282472613458529 0.0735035211267607 0.08450704225352107
0 0.9230288414514866 0.6203834115805947 0.07702464788732408 0.08450704225352118
0 0.9648131846635368 0.0031271735350373846 0.035211267605633784 0.20833333333333334
0 0.9648131846635368 0.2542128542862111 0.035211267605633784 0.11326291079812208
0 0.9568921777190924 0.37801469309685276 0.037411971830985796 0.08685446009389666
