0 0.7707523351917058 0.2947411319770475 0.0946302816901408 0.15140845070422537
0 0.10611704078638498 0.6967489349678317 0.06205985915492958 0.16490610328638494
0 0.6461897251564945 0.09107926882281342 0.09066901408450702 0.12617370892018778
0 0.48509909282081376 0.5060033037732569 0.0919894366197184 0.1455399061032864
0 0.5788442023669796 0.5106948791514518 0.08494718309859156 0.14201877934272308
0 0.4886223591549295 0.29591375412971654 0.09507042253521128 0.15023474178403756
0 0.6188957966549296 0.7114251869240132 0.08318661971830986 0.17018779342723
0 0.25313936570813766 0.6996821205007825 0.08406690140845074 0.16373239436619721
0 0.5339492248630673 0.6996989653973222 0.08406690140845074 0.18192488262910803
0 0.44944126564945225 0.6938342244826986 0.08274647887323947 0.18603286384976533
0 0.46132904196009394 0.09402277864719179 0.08846830985915494 0.13615023474178403
0 0.4076245231807512 0.3041384107111807 0.0779049295774648 0.15962441314553985
0 0.38651029440532086 0.5106927056164144 0.0959507042253521 0.13967136150234738
0 0.5854463150430361 0.2918150104329682 0.08494718309859148 0.16021126760563384
0 0.3556989069835681 0.6997005955486002 0.09375 0.18368544600938963
0 0.7474370965375586 0.5077551730133889 0.11223591549295785 0.13615023474178417
0 0.6664273400821596 0.5118647843853243 0.07790492957746473 0.13791079812206566
0 0.7905546997261346 0.7114241001564946 0.08890845070422526 0.16901408450704225
0 0.3636251100352112 0.0922681924882629 0.09903169014084506 0.1426056338028169
0 0.315201975743349 0.29474928273343765 0.08802816901408445 0.16021126760563384
0 0.1743431509194053 0.6967511085028691 0.06822183098591549 0.16725352112676065
0 0.0981966451486698 0.5136204573117719 0.06514084507042253 0.13262910798122063
0 0.1655378887910798 0.5106937923839332 0.06470070422535215 0.14084507042253533
0 0.6726009267410015 0.2935685098243784 0.09463028169014089 0.1525821596244131
0 0.8609720388302033 0.5106867283950617 0.0814260563380281 0.1332159624413147
0 0.5484833480046949 0.09811771865762477 0.09771126760563378 0.12206572769953054
0 0.3068359375 0.5059989567031821 0.0831866197183099 0.14084507042253513
0 0.23596745402973396 0.520664884367936 0.07482394366197183 0.13497652582159622
0 0.1651301472026604 0.32290579899147975 0.11135563380281693 0.1467136150234742
0 0.03657539857198748 0.5136144800904191 0.06294014084507044 0.12617370892018773
0 0.7377555262128326 0.07758324639193183 0.11443661971830986 0.1279342723004695
0 0.02997634242957746 0.32290308207268303 0.06734154929577464 0.1437793427230047
0 0.00046764964788732397 0.5165503825421666 0.03961267605633803 0.12793427230046955
0 0.10084085240610328 0.3211501260650321 0.06998239436619717 0.15199530516431928
0 0.8785856196205007 0.7260748130759869 0.0928697183098592 0.14671361502347413
0 0.4459170823552425 0.9313978003825422 0.07834507042253527 0.06455399061032854
0 0.7012048855633802 0.7348765432098765 0.08714788732394364 0.14553990610328651
0 0.5308624315336463 0.9296426708398539 0.07570422535211263 0.07042253521126766
0 0.605690654342723 0.9308152929925231 0.08186619718309866 0.06924882629107972
0 0.34689670138888884 0.9390252782124848 0.09463028169014084 0.06279342723004704
0 0.02689780174100156 0.6955735958963659 0.07086267605633802 0.16314553990610323
0 0.26017581181533644 0.9020838767170928 0.07570422535211267 0.09565727699530502
0 0.19942323210093899 0.9067765388628064 0.05677816901408453 0.09330985915492965
0 0.13032814945226917 0.9009112545644237 0.06690140845070422 0.09683098591549276
0 0.06958198845852895 0.9020822465658146 0.05721830985915492 0.09389671361502341
0 0.00928636052425665 0.8991534081029385 0.0625 0.09976525821596254
0 0.6937157668231612 0.9272974265345156 0.0774647887323944 0.07276995305164326
0 0.7716283377347417 0.9255384933055121 0.088468309859155 0.07453051643192486
0 0.8640502738654146 0.9302289819161884 0.07746478873239447 0.0698356807511738
0 0.9401824139280126 0.9185022170057382 0.05985915492957743 0.08098591549295775
