0 0.7215856481481481 0.2913180155464105 0.19444444444444445 0.1790123456790124
0 0.6131861389746228 0.616909579332419 0.2102623456790124 0.1512345679012345
0 0.07536115397805213 0.31755353604633435 0.18672839506172845 0.18004115226337455
0 0.484332133058985 0.3170215096784027 0.21604938271604937 0.16100823045267487
0 0.2852425197187929 0.32113054412437125 0.1936728395061728 0.15432098765432106
0 0.0027249978566529494 0.33089753848498704 0.03510802469135803 0.14711934156378598
0 0.253541345164609 0.6451646090534979 0.09953703703703702 0.11111111111111122
0 0.36276818629972557 0.5619036732205457 0.16396604938271603 0.18930041152263366
0 0.0799856931584362 0.013975575369608292 0.17939814814814814 0.09362139917695474
0 0.6860644933127572 0.008333809632677946 0.15509259259259262 0.11162551440329217
0 0.4815937392832647 0.012957247370827618 0.16165123456790126 0.10493827160493828
0 0.29410499185528116 0.004231919676878524 0.17785493827160495 0.12602880658436214
0 0.8534912444272977 0.009366426611796982 0.138503086419753 0.11574074074074074
0 0.047956318587105626 0.5701126924249351 0.16820987654320987 0.1661522633744856
0 0.8519499099794239 0.6004277168114618 0.14120370370370366 0.12860082304526751
0 0.9471796231995885 0.2795048392013413 0.04976851851851841 0.19855967078189296
