0 0.6659454303840878 0.7254848727328151 0.0725308641975308 0.19032921810699588
0 0.2786035022290809 0.2790309213534522 0.07793209876543203 0.24228395061728392
0 0.5340111668381344 0.2769856919676878 0.08719135802469134 0.2556584362139918
0 0.6347107017318244 0.2805884202103338 0.09452160493827158 0.25771604938271603
0 0.35690693587105626 0.26514346136259714 0.05709876543209873 0.2438271604938272
0 0.1902686685528121 0.2873013831732968 0.09799382716049378 0.2854938271604939
0 0.464932430984225 0.2656792981252858 0.05825617283950619 0.2669753086419753
0 0.15784598979766803 0.020224622770919066 0.07600308641975309 0.17592592592592596
0 0.627386616941015 0.016111777930193565 0.10339506172839508 0.17849794238683128
0 0.047168102709190675 0.3577174782807499 0.14429012345679013 0.2237654320987654
0 0.25006081747256514 0.020729500076207896 0.08757716049382715 0.16563786008230452
0 0.009700520833333332 0.34692691662856273 0.0798611111111111 0.23662551440329216
0 0.36543745713305903 0.007901329827770157 0.11882716049382722 0.20010288065843618
0 0.5062419624485597 0.020719974089315654 0.09953703703703698 0.15534979423868311
0 0.10226873285322359 0.001712296143880506 0.04475308641975308 0.18261316872427985
0 0.014329882544581616 0.050033817253467464 0.0794753086419753 0.14763374485596706
0 0.3688582390260631 0.666251333638165 0.0447530864197531 0.10699588477366254
0 0.8445899241255144 0.3001324112178021 0.09837962962962968 0.2541152263374486
0 0.7643349729938274 0.0037827693949093123 0.0868055555555554 0.19650205761316872
0 0.885093289180384 0.015097736625514401 0.08989197530864207 0.19444444444444445
0 0.9518103245027436 0.2934570759030636 0.05131172839506175 0.2669753086419753
0 0.7369309413580246 0.6776887098003352 0.06944444444444445 0.23713991769547332
0 0.29209881901577506 0.6730424096936443 0.0667438271604938 0.21913580246913578
0 0.6084530928497942 0.7193053650358177 0.06134259259259262 0.18312757201646096
0 0.22264740869341565 0.6462691472336534 0.05671296296296298 0.19290123456790126
0 0.1458724494170096 0.6354685832952294 0.05632716049382718 0.1949588477366256
0 0.3723253707990397 0.7742579256210943 0.03742283950617286 0.08744855967078191
0 0.505452406978738 0.7032940862673372 0.07368827160493834 0.11316872427983535
0 0.4541251393175583 0.7136102537722907 0.051311728395061665 0.14351851851851852
0 0.8148509837962962 0.6817820263679317 0.052083333333333336 0.21347736625514402
0 0.8869976530349793 0.7301087867703094 0.0543981481481481 0.18415637860082296
0 0.9467973036694103 0.7316577122389879 0.05478395061728381 0.19032921810699588
0 0.02784797239368999 0.6755263107757964 0.10108024691358024 0.12397119341563788
