0 0.7025344776995306 0.6017888193357677 0.10035211267605627 0.28403755868544595
0 0.5784340155516433 0.5689396409320118 0.12808098591549283 0.29988262910798125
0 0.8204873337245696 0.6721624500086941 0.09330985915492959 0.2312206572769953
0 0.5018158866392801 0.5894159711354547 0.07966549295774633 0.23122065727699542
0 0.695049026799687 0.15163341158059468 0.09595070422535217 0.24295774647887325
0 0.321777802230047 0.6034303816727525 0.05017605633802814 0.1555164319248826
0 0.4199466329225352 0.6093277256129369 0.07526408450704222 0.18661971830985918
0 0.26719575264084505 0.6016502564771344 0.04357394366197182 0.13438967136150234
0 0.38340027142018773 0.29532689966962267 0.05413732394366204 0.15023474178403756
0 0.213497346928795 0.6063184663536775 0.041813380281690134 0.10563380281690156
0 0.36622958235524256 0.6104775256477134 0.046654929577464796 0.16079812206572766
0 0.16948142850156495 0.5992680620761606 0.03917253521126758 0.09683098591549308
0 0.444587795872457 0.25896365849417485 0.06558098591549298 0.17370892018779346
0 0.5189706817292644 0.2425431446704921 0.06426056338028177 0.18603286384976533
0 0.32397117077464793 0.021200660754651362 0.03961267605633796 0.07981220657276995
0 0.09509701437793426 0.7946753825421665 0.03829225352112676 0.08039906103286387
0 0.10125837490219092 0.3469043427230047 0.037411971830985914 0.07922535211267609
0 0.1250284257629108 0.07402136584941749 0.04093309859154929 0.08392018779342725
0 0.3701880990805947 0.007719309685272126 0.04269366197183102 0.09741784037558686
0 0.04492065238654148 0.3750798774126239 0.037852112676056336 0.08626760563380279
0 0.33938099080594675 0.30997706920535556 0.046654929577464796 0.12734741784037565
0 0.4146432413928012 0.012388062945574681 0.04401408450704238 0.06924882629107983
0 0.9120323503521127 0.6698476351938794 0.08714788732394364 0.2664319248826291
0 0.8253301056338028 0.17507716049382716 0.09507042253521121 0.21009389671361506
0 0.9335885538928013 0.12698715440792907 0.07174295774647876 0.24471830985915496
0 0.13471274696791863 0.8058375717266564 0.042693661971831 0.09330985915492944
0 0.3112180897887324 0.9003195096504955 0.055457746478873284 0.09154929577464793
0 0.1862138106416275 0.8363578073378544 0.049295774647887335 0.09741784037558673
0 0.05856379597026604 0.13680012171796208 0.03609154929577464 0.068075117370892
0 0.1791633044796557 0.07519018431577117 0.037411971830985914 0.07863849765258216
0 0.208646933685446 0.0511443661971831 0.029049295774647908 0.09507042253521127
0 0.23329726623630676 0.058766410189532256 0.032570422535211245 0.0874413145539906
0 0.269400736013302 0.025931359763519388 0.049735915492957736 0.11854460093896714
0 0.5889610230829421 0.20618262041384106 0.07570422535211263 0.21244131455399062
0 0.29404251026995304 0.34163569379238395 0.04093309859154929 0.09330985915492955
0 0.2614616955203443 0.3328328768909755 0.025968309859154933 0.09330985915492955
0 0.23197317586071986 0.33870142149191446 0.02728873239436622 0.09330985915492965
0 0.13865995451877933 0.35687978177708224 0.022447183098591575 0.07805164319248824
0 0.1567097026604069 0.34339027995131277 0.028169014084507026 0.08685446009389676
0 0.18487321498435053 0.3598086202399583 0.020246478873239424 0.07218309859154932
0 0.2051276408450704 0.3463180316466702 0.03169014084507044 0.07981220657276995
0 0.1025949970657277 0.5927996218049034 0.06073943661971831 0.08274647887323947
0 0.061644781885759 0.5658184446183272 0.03609154929577464 0.09800469483568072
0 0.027749352014866984 0.5734290775517301 0.029489436619718312 0.0780516431924883
0 0.3776848591549296 0.9196688619370543 0.0633802816901408 0.07335680751173723
0 0.27599031690140846 0.8686462137019648 0.03169014084507044 0.10974178403755885
