0 0.11143388106416276 0.21974493566336287 0.11267605633802816 0.2822769953051643
0 0.3332523351917058 0.6551561684924362 0.0946302816901408 0.24471830985915485
0 0.24037344728090768 0.22203692836028519 0.08142605633802817 0.22241784037558684
0 0.3306215766823161 0.22504781777082247 0.10915492957746475 0.3051643192488263
0 0.4547180653364632 0.25375478177708227 0.07570422535211263 0.2523474178403756
0 0.12506143632629108 0.6651256303251608 0.08846830985915494 0.23708920187793434
0 0.23069585044992177 0.6539862632585638 0.08934859154929578 0.24882629107981216
0 0.021188502543035993 0.6510557946444097 0.08890845070422536 0.25293427230046944
0 0.8266181289123631 0.8146289775691185 0.04841549295774649 0.08098591549295775
0 0.7975810592723005 0.4408059467918623 0.06602112676056338 0.08450704225352101
0 0.9476553330399061 0.4542818640236481 0.04621478873239432 0.06103286384976527
0 0.420836084213615 0.010039558337680403 0.08846830985915494 0.06807511737089203
0 0.0013861380086071986 0.2690048469831333 0.09463028169014084 0.2435446009389672
0 0.7561946767410016 0.8099433794122761 0.04709507042253512 0.09096244131455407
0 0.8829610475352112 0.8204996957050948 0.05545774647887324 0.08333333333333333
0 0.8737269537363068 0.4425752043122935 0.06822183098591539 0.09389671361502352
0 0.7993465131064161 0.32640138671535385 0.07306338028169014 0.11913145539906103
0 0.8737269537363068 0.33284483133368115 0.06822183098591539 0.10622065727699527
0 0.9476571669600938 0.32991653625456446 0.04885563380281689 0.11267605633802814
0 0.5410770613262911 0.1957942097026604 0.20730633802816897 0.40140845070422543
0 0.5203751589397495 0.5894947617805599 0.185299295774648 0.31631455399061037
