0 0.3895811937597809 0.21611078508085552 0.08142605633802817 0.16021126760563378
0 0.8455940067488263 0.7472521083289863 0.12015845070422526 0.20129107981220656
0 0.16775937744522693 0.19558663710659013 0.09463028169014083 0.17723004694835684
0 0.18005092185054775 0.7161287167449139 0.04797535211267608 0.17957746478873243
0 0.13999290884194054 0.7079078638497652 0.04049295774647887 0.1742957746478874
0 0.36359637861893584 0.48723700226047645 0.057658450704225414 0.1596244131455399
0 0.5805766456377152 0.1967657798643714 0.04445422535211263 0.18309859154929575
0 0.6351559443466354 0.4872386324117544 0.04709507042253512 0.16138497652582162
0 0.49343456572769956 0.16627760389497478 0.05281690140845075 0.2136150234741784
0 0.08717784135367761 0.7114213832376979 0.04313380281690141 0.1660798122065727
0 0.2363889500195618 0.733134998261172 0.04797535211267605 0.1660798122065727
0 0.2381513473200313 0.4930957659537472 0.05061619718309862 0.14906103286384972
0 0.13867218065336462 0.4877994044513998 0.04005281690140847 0.1332159624413145
0 0.1813759291862285 0.48370174752217004 0.0545774647887324 0.14436619718309857
0 0.11050805702269172 0.21083398539384454 0.04709507042253522 0.16549295774647887
0 0.5752980120305164 0.4825568379412277 0.04885563380281689 0.17546948356807504
0 0.04800438918231612 0.7108144235785081 0.04181338028169014 0.14436619718309857
0 0.4423788390062598 0.49368533733263775 0.053697183098591554 0.15199530516431928
0 0.3019711585485133 0.4972086376282386 0.04973591549295778 0.15434272300469487
0 0.5224743862480438 0.47493859763519386 0.03917253521126764 0.18720657276995306
0 0.08673525528169014 0.4731448878455921 0.03961267605633805 0.15140845070422537
0 0.5453604875782473 0.20322280907668228 0.03741197183098587 0.18485915492957752
0 0.4252157912754304 0.7425089114936533 0.05721830985915493 0.14906103286384972
0 0.02511767654538341 0.46552067031820554 0.04269366197183099 0.1566901408450704
0 0.2914065556533646 0.7419383585463398 0.04797535211267605 0.16666666666666666
0 0.6298684467918623 0.21787786906624934 0.038732394366197236 0.1672535211267606
0 0.2711970608372457 0.19559370109546162 0.10123239436619712 0.18485915492957744
0 0.35831102063771514 0.7208018170752912 0.05237676056338035 0.1561032863849766
0 0.07000684663536777 0.20848982785602505 0.03521126760563379 0.16901408450704225
0 0.0026796630477308294 0.19911482785602505 0.055897887323943664 0.18485915492957744
0 0.8424888742175275 0.23489175795513825 0.08538732394366187 0.1619718309859155
0 0.8684584066901408 0.45735632933402887 0.08714788732394364 0.21244131455399057
0 0.9107131504303598 0.023584485306903144 0.08890845070422541 0.11913145539906103
0 0.12109527826682316 0.005377325682490002 0.08142605633802816 0.10328638497652583
0 0.21527349863067294 0.007713332463919319 0.06426056338028169 0.09096244131455399
0 0.5885077391431924 0.7249472917753436 0.05677816901408453 0.1965962441314553
0 0.49828711854460095 0.7484035385150408 0.06866197183098595 0.17723004694835684
0 0.9472161091549296 0.22492283950617284 0.04753521126760552 0.17018779342723003
0 0.6122915444053209 0.0006678186402364806 0.08010563380281689 0.08744131455399061
0 0.5233837050078247 0.003598287254390541 0.08098591549295778 0.08333333333333334
0 0.4155559223395931 0.0006732524778299427 0.09066901408450702 0.09330985915492958
0 0.3024461438771518 0.007127021387584769 0.09991197183098591 0.09154929577464788
0 0.010186204029733961 0.002434359241870979 0.09066901408450705 0.09389671361502348
0 0.8252851745892019 0.4608687619544427 0.030369718309859038 0.2030516431924882
