0 0.05506559321205009 0.1116333029038428 0.06910211267605633 0.14143192488262915
0 0.14572268681533646 0.10282179186228481 0.05193661971830989 0.13204225352112675
0 0.20074273767605633 0.11456322813423753 0.055457746478873284 0.13673708920187794
0 0.25839874315336464 0.11280429490523389 0.051936619718309866 0.13849765258215962
0 0.3090290003912363 0.11925534689619197 0.07218309859154932 0.13380281690140847
0 0.3891269928599374 0.12805109980872892 0.06117957746478871 0.12617370892018775
0 0.45383289319248826 0.11750728134237524 0.06866197183098587 0.1473004694835681
0 0.5268987187010954 0.12395561641453659 0.07218309859154941 0.13967136150234744
0 0.6026029440532081 0.12688445487741262 0.07218309859154926 0.13380281690140844
0 0.6782750758020345 0.12042525213006433 0.025968309859154853 0.12969483568075116
0 0.7209962465766823 0.11748934967831681 0.06558098591549298 0.12793427230046947
0 0.7944982394366197 0.11631944444444443 0.0633802816901408 0.1320422535211268
0 0.8702061326291081 0.11925099982611721 0.0686619718309858 0.1291079812206573
0 0.9533774696791864 0.12687521735350374 0.04665492957746472 0.12382629107981218
0 0.943261260269953 0.26654875239088854 0.05677816901408445 0.12617370892018778
0 0.026896579127543032 0.25892399147974265 0.06910211267605633 0.13086854460093902
0 0.09906072721048516 0.2548062293514171 0.041813380281690134 0.12030516431924883
0 0.1443897324921753 0.2577486524082769 0.03389084507042251 0.12910798122065725
0 0.17962056191314554 0.2618642410015649 0.06205985915492956 0.13732394366197184
0 0.24256712147887324 0.26831637976004175 0.07130281690140844 0.1338028169014084
0 0.31606636345852895 0.27418057729090595 0.06514084507042257 0.1291079812206573
0 0.3869308734350548 0.2560038471570162 0.06778169014084506 0.14612676056338028
0 0.4569117395344288 0.2712506520605113 0.0655809859154929 0.1338028169014084
0 0.5339360817683881 0.2724205572943836 0.06514084507042266 0.12969483568075116
0 0.6004046850547731 0.2741930751173709 0.07570422535211263 0.14260563380281688
0 0.6738883387128325 0.24249478351591028 0.04709507042253528 0.13380281690140847
0 0.7222928281494523 0.24719233611545818 0.03125 0.13673708920187788
0 0.7584088297143975 0.2606954225352113 0.06646126760563394 0.14260563380281693
0 0.8270451266627544 0.25422100504260126 0.029489436619718232 0.12206572769953054
0 0.870204604362285 0.2483731090245175 0.06646126760563378 0.14436619718309857
0 0.00047804186228482006 0.5089739827856025 0.0545774647887324 0.18485915492957739
0 0.0687310494913928 0.480239306207616 0.09947183098591547 0.20774647887323958
0 0.18183777142018778 0.5253809120153016 0.0858274647887324 0.1578638497652583
0 0.26855346488654147 0.5388731307598678 0.09727112676056342 0.15199530516431928
0 0.39177303403755875 0.4831654277516954 0.06866197183098595 0.198943661971831
0 0.46703253374413145 0.4860910059120153 0.0620598591549296 0.18955399061032865
0 0.5572834140258215 0.5406347809076683 0.09375 0.15316901408450692
0 0.6646747236893583 0.5687402190923317 0.08934859154929582 0.08450704225352118
0 0.7619268999413145 0.6051306294557467 0.0620598591549296 0.09037558685446019
0 0.831909905614241 0.5388660667709962 0.06294014084507041 0.14436619718309865
0 0.8182673733372456 0.4607573682837767 0.06558098591549298 0.08274647887323947
0 0.9120100376564946 0.5377021387584768 0.05501760563380268 0.15492957746478875
0 0.0004924075704225352 0.7601650799860894 0.07526408450704225 0.20363849765258216
0 0.12286684516823163 0.7929854590505999 0.0972711267605634 0.15669014084507035
0 0.24168959066901408 0.7648523082942097 0.0752640845070423 0.19542253521126757
0 0.32709678208137716 0.8205170839853939 0.10387323943661969 0.1021126760563379
0 0.36317029782863847 0.7582675838984524 0.0779049295774648 0.055751173708920285
0 0.4525329494327074 0.7571982046600592 0.09815140845070426 0.16842723004694837
0 0.5599059198943662 0.7618495696400626 0.06734154929577459 0.12147887323943657
0 0.6501647471635368 0.7572275473830639 0.110475352112676 0.20011737089201884
0 0.7606290957550861 0.7542373065553817 0.0946302816901408 0.1396713615023475
0 0.9164313135758999 0.8715451660580769 0.08362676056338027 0.0715962441314553
