0 0.0004633705007824727 0.15093407668231612 0.03345070422535212 0.1214788732394366
0 0.036145649941314556 0.1163460702486524 0.0779049295774648 0.16079812206572772
0 0.11711689407276996 0.1538645452964702 0.05677816901408451 0.11737089201877937
0 0.17607834507042253 0.17321552773430707 0.03169014084507042 0.10093896713615025
0 0.2561855071400626 0.12220809424447923 0.0338908450704225 0.1537558685446009
0 0.293169869913928 0.17497011389323594 0.051936619718309825 0.09448356807511733
0 0.3464128521126761 0.1837718440271257 0.0316901408450704 0.09330985915492958
0 0.3789982516627543 0.15093570683359417 0.05325704225352115 0.12323943661971831
0 0.43885496136541474 0.15211267605633805 0.049735915492957694 0.1267605633802817
0 0.43577764329029733 0.06170339940879847 0.05501760563380284 0.09037558685446011
0 0.4929932022691706 0.1491778603721092 0.05105633802816898 0.1261737089201878
0 0.5506547095070423 0.14155201269344458 0.05545774647887324 0.1296948356807512
0 0.6307468945618153 0.16148658928881934 0.03609154929577466 0.10974178403755872
0 0.6038918842918624 0.16266029820900713 0.02684859154929574 0.1097417840375587
0 0.6703745476330204 0.14741784037558683 0.057658450704225414 0.12676056338028172
0 0.7311109277190925 0.15093679360111287 0.05325704225352108 0.12441314553990611
0 0.7988941461267606 0.14155581637976003 0.05545774647887324 0.13380281690140847
0 0.856554125097809 0.15093679360111287 0.057658450704225254 0.12441314553990611
0 0.92917216842723 0.20488338984524426 0.050176056338028095 0.07687793427230052
0 0.9375268974960876 0.1414906103286385 0.03873239436619716 0.06338028169014083
0 0.9784480756064163 0.1326921404973048 0.021566901408450672 0.06807511737089203
0 0.9819667571400625 0.20605329507911668 0.018045774647887293 0.0727699530516432
0 0.0004914906103286386 0.3897229829594853 0.07394366197183098 0.05575117370892018
0 0.024711463223787165 0.3357111806642323 0.09154929577464789 0.0328638497652582
0 0.11184651310641629 0.3810386237176143 0.07306338028169014 0.18368544600938969
0 0.18624620989827853 0.3687315249521822 0.09595070422535217 0.20187793427230055
0 0.2980395393192488 0.3734165797252652 0.09242957746478875 0.19131455399061031
0 0.4019118617957746 0.37167014432272644 0.09110915492957751 0.20657276995305168
0 0.5000632702464789 0.3751880107807338 0.09110915492957751 0.20305164319248828
0 0.5982171239241002 0.37811956616240655 0.09463028169014089 0.20011737089201878
0 0.7007678012519561 0.3792921883150756 0.09154929577464807 0.19894366197183105
0 0.8032955545774647 0.3781293470700748 0.05545774647887324 0.21068075117370885
0 0.8803293720657278 0.375196161537124 0.0686619718309858 0.21185446009389677
0 0.9502986233372457 0.3751967049208833 0.049735915492957694 0.21244131455399062
0 0.0004945471439749609 0.5581502130064336 0.07834507042253522 0.055751173708920285
0 0.272061142899061 0.3415813554164493 0.07790492957746484 0.03462441314553991
0 0.0022603066314553994 0.677299600069553 0.08582746478873239 0.07511737089201884
0 0.11276377885367762 0.7688548730655539 0.12632042253521125 0.08157276995305161
0 0.2381724374021909 0.6533570248652408 0.08098591549295774 0.2030516431924882
0 0.3218071449530516 0.677412623891497 0.09242957746478875 0.1971830985915494
0 0.37022813967136153 0.6309044079290559 0.10035211267605636 0.038732394366197104
0 0.46394054430751175 0.6533613719353155 0.046214788732394395 0.20774647887323947
0 0.512382017801252 0.703211398017736 0.08362676056338018 0.17253521126760557
0 0.5158973371478873 0.6379417709963485 0.07526408450704222 0.03345070422535207
0 0.5110570104655713 0.6156298904538341 0.07702464788732391 0.021126760563380267
0 0.6004107981220658 0.6774082768214224 0.08450704225352115 0.1924882629107981
0 0.6998872139084508 0.6803485263432446 0.09110915492957743 0.1989436619718311
0 0.8081478017410016 0.6592288297687359 0.07086267605633796 0.20657276995305163
0 0.8768146640258216 0.6504341636237174 0.07790492957746473 0.2153755868544602
0 0.9568952342527387 0.728420057381325 0.041813380281690134 0.14436619718309857
0 0.03174424149061033 0.8158754999130586 0.0779049295774648 0.15962441314554002
0 0.35217686326291076 0.9149848939314902 0.09242957746478875 0.08509389671361504
0 0.17036812891236308 0.9091141757955138 0.04841549295774647 0.08274647887323935
0 0.22454151995305163 0.9226069379238393 0.10035211267605632 0.07746478873239442
0 0.4630877714201878 0.9284700486871849 0.08582746478873236 0.0715962441314554
0 0.18621564456181533 0.6714098635019996 0.051936619718309866 0.05223004694835675
0 0.05197482638888889 0.5041416710137367 0.05501760563380281 0.03638497652582163
0 0.0004743740219092332 0.5029706790123456 0.049295774647887335 0.03931924882629119
