0 0.11552265517832648 0.10662437128486511 0.2415123456790124 0.154320987654321
0 0.3932240762174211 0.03673172915714068 0.13155864197530864 0.22582304526748967
0 0.5259363747427984 0.050579656302392924 0.1261574074074073 0.18158436213991772
0 0.6555381408607682 0.052135249961896044 0.08603395061728397 0.19495884773662547
0 0.762040252057613 0.08246694482548392 0.1157407407407408 0.17541152263374485
0 0.8912653249314128 0.09426487959152569 0.0887345679012346 0.13940329218106995
0 0.5610350222908093 0.4225522976680384 0.11265432098765445 0.24537037037037043
0 0.4090358153292181 0.4209881306203323 0.12268518518518516 0.2227366255144033
0 0.6906627764917695 0.5011917009602195 0.10995370370370373 0.17592592592592593
0 0.8233662337105625 0.49965801707056856 0.09182098765432095 0.1862139917695473
0 0.07576463906035666 0.7101051668952904 0.21219135802469136 0.24691358024691343
0 0.41026582861796984 0.7769056736777931 0.2272376543209877 0.16923868312757195
0 0.6486821094821673 0.7738054412437128 0.2133487654320988 0.15432098765432106
0 0.8677595057441702 0.7630072588020119 0.12924382716049365 0.15895061728395057
0 0.051863640260631005 0.36078865645480873 0.23919753086419754 0.20730452674897112
0 0.9467962319958848 0.47856748209114464 0.05324074074074064 0.1862139917695474
