0 0.7284596300582991 0.8118831923487274 0.09297839506172842 0.16718106995884763
0 0.5490352259087791 0.8190910303307423 0.05516975308641976 0.17386831275720158
0 0.2272936492626886 0.1118665218716659 0.0806327160493827 0.26028806584362135
0 0.12043868955761315 0.11650424859015394 0.09837962962962964 0.26903292181069965
0 0.32951844350137177 0.11237568587105624 0.06211419753086421 0.25462962962962965
0 0.4965757351680384 0.11493817634506936 0.06905864197530866 0.24434156378600821
0 0.2685667438271605 0.44516984834628864 0.06944444444444445 0.22788065843621397
0 0.03323286394032922 0.11649662780064014 0.07754629629629631 0.26080246913580246
0 0.3978081597222222 0.12368112711476908 0.06597222222222222 0.24228395061728397
0 0.3472760738168724 0.4636883668648072 0.07754629629629635 0.22788065843621397
0 0.03168697487997257 0.48265746456332875 0.07368827160493827 0.15895061728395068
0 0.11542995541838134 0.45952932098765437 0.10802469135802466 0.1805555555555555
0 0.5787296917866941 0.11849327465325409 0.03742283950617286 0.1949588477366255
0 0.49116056884430725 0.5798515851242189 0.0489969135802469 0.12860082304526751
0 0.4305930641289437 0.5443677602499619 0.0540123456790123 0.13940329218106995
0 0.5486365633573389 0.5746846898338668 0.03665123456790119 0.10390946502057609
0 0.8461304548182441 0.45340696921201035 0.09452160493827175 0.23508230452674894
0 0.7473569851680384 0.4729128562719098 0.08294753086419762 0.19032921810699582
0 0.8951246892146776 0.12367588782197834 0.0906635802469135 0.23662551440329221
0 0.9514255937071331 0.45340458771528724 0.05285493827160492 0.23251028806584365
0 0.7500581382887518 0.16118779530559366 0.0837191358024692 0.19393004115226342
0 0.317935260202332 0.7943972908093279 0.0489969135802469 0.1712962962962963
0 0.43831313228737995 0.8257558870598994 0.05979938271604945 0.14969135802469133
0 0.2670104059499314 0.8051716582837982 0.05054012345679012 0.1409465020576131
0 0.3796604402434843 0.8355166895290351 0.044367283950617224 0.13580246913580254
0 0.19449320558984912 0.796452522481329 0.07021604938271607 0.1687242798353909
0 0.8457041966735255 0.789195625666819 0.0362654320987654 0.10905349794238688
0 0.5027324995713306 0.8319368236549307 0.04591049382716055 0.15843621399176963
0 0.6728746034807956 0.9074931412894376 0.05054012345679016 0.09259259259259259
0 0.7342139810528121 0.9059489788142052 0.045910493827160476 0.09156378600823037
0 0.8870099772805212 0.7733315233958239 0.07214506172839508 0.19804526748971196
0 0.814069465877915 0.7917704999237921 0.03780864197530873 0.11213991769547323
0 0.0918584962277092 0.8498923563481177 0.05401234567901234 0.10596707818930043
0 0.009287658607681755 0.7938481176649901 0.04089506172839507 0.1337448559670781
0 0.1535761745541838 0.8103237882944673 0.03858024691358024 0.14969135802469144
0 0.05673680769890261 0.7645257011126352 0.03433641975308642 0.13220164609053503
