0 0.06059938700274348 0.11847517527815883 0.04089506172839507 0.17541152263374488
0 0.10265989368998629 0.1112801973784484 0.052469135802469126 0.18261316872427985
0 0.0413148898319616 0.44668305136412134 0.0489969135802469 0.1954732510288065
0 0.0926247427983539 0.44669829294314894 0.04629629629629631 0.2119341563786008
0 0.025496184842249657 0.83861739826246 0.047839506172839524 0.1512345679012346
0 0.09725999871399177 0.8252524386526444 0.054398148148148154 0.16152263374485587
0 0.5533393347050755 0.6468497561347356 0.14197530864197538 0.26440329218106995
0 0.6918509945130316 0.6740840763603109 0.15432098765432087 0.23302469135802475
0 0.42945173182441704 0.4270514212772444 0.07716049382716048 0.10442386831275709
0 0.4240504972565157 0.33650643956713916 0.07716049382716056 0.09362139917695476
0 0.32761327589163236 0.2230252629172382 0.09645061728395063 0.31172839506172834
0 0.316023394633059 0.24087982014936749 0.07368827160493825 0.15020576131687244
0 0.5023809906550069 0.2728790390184423 0.09529320987654326 0.264917695473251
0 0.946024627057613 0.3741298010973937 0.0532407407407408 0.17129629629629634
0 0.9267470957647461 0.6406745351318396 0.0713734567901235 0.2618312757201647
0 0.33416575574417007 0.5831047096479196 0.08757716049382722 0.308641975308642
