0 0.19553226476917057 0.6077247435228657 0.15801056338028172 0.3568075117370891
0 0.35882146175665103 0.6000999826117198 0.1536091549295775 0.3615023474178404
0 0.17924797046165886 0.1746223482872544 0.15933098591549297 0.352699530516432
0 0.34209794356416273 0.18576660580768564 0.15625 0.346244131455399
0 0.011557365023474177 0.17169405320813771 0.1637323943661972 0.35915492957746475
0 0.6968575777582159 0.19625771604938272 0.16505281690140844 0.2681924882629108
0 0.5212429088419406 0.18629151451921405 0.16725352112676062 0.27934272300469487
0 0.032241539514866975 0.6094923708920187 0.1602112676056338 0.3644366197183098
0 0.8711282888302035 0.2261606677099635 0.12896126760563378 0.23943661971830993
0 0.5331536091549297 0.7091494957398713 0.20598591549295753 0.24765258215962452
