0 0.34025791030907665 0.7231981394540079 0.041813380281690134 0.2089201877934273
0 0.11183092478482004 0.41331887932533473 0.05061619718309858 0.18720657276995312
0 0.27688557560641625 0.7272990566857938 0.05325704225352115 0.20129107981220656
0 0.17609301643192488 0.7313994305338201 0.05281690140845073 0.1930751173708922
0 0.8429232076486699 0.00429218831507564 0.07702464788732391 0.19894366197183097
0 0.2223053599374022 0.7302105068683707 0.04929577464788729 0.17664319248826288
0 0.17874089152973396 0.4420540992870805 0.06294014084507041 0.16490610328638505
0 0.47098646566901403 0.37931392366544947 0.05149647887323938 0.2224178403755869
0 0.25488281249999994 0.4180088245522518 0.05941901408450707 0.18192488262910808
0 0.3380633191510172 0.4021778821074596 0.05061619718309862 0.19718309859154923
0 0.4692301814358372 0.014857742131803166 0.05765845070422534 0.2012910798122066
0 0.9568982907863851 0.7020778994957398 0.04621478873239432 0.21596244131455405
0 0.5409719165688576 0.0019491175447748218 0.055897887323943726 0.20363849765258216
0 0.3983684223395931 0.37814456181533646 0.058978873239436624 0.22711267605633798
0 0.0022309639084507043 0.6768763041210224 0.043573943661971835 0.2517605633802817
0 0.6074365463615023 0.4185989393149018 0.06073943661971823 0.18544600938967135
0 0.6870956205985915 0.42211626238914973 0.051496478873239465 0.1813380281690141
0 0.5502105951682316 0.388118370718136 0.04973591549295778 0.22417840375586845
0 0.2504847662363068 0.0007922535211267606 0.06426056338028169 0.22183098591549294
0 0.18488819199921752 0.015448400278212485 0.041813380281690134 0.20539906103286384
0 0.32442598298122066 0.0007781255433837594 0.06073943661971823 0.20657276995305165
0 0.6021542449139279 0.01835387323943662 0.0598591549295775 0.17429577464788734
0 0.1193191265649452 0.010755738132498697 0.058978873239436624 0.20774647887323944
0 0.13427596830985916 0.7278728699356632 0.047535211267605626 0.18720657276995306
0 0.8785685030320814 0.3429550295600765 0.06822183098591555 0.250586854460094
0 0.8239830912558684 0.34530625108676755 0.05677816901408461 0.2546948356807513
0 0.9542556117957746 0.36230492523039465 0.043573943661971905 0.23298122065727703
0 0.80373997456964 0.692698552425665 0.0616197183098592 0.227112676056338
0 0.7566442928403756 0.39222635193879324 0.06073943661971823 0.2241784037558685
0 0.9454610475352112 0.0060451443227264815 0.05545774647887324 0.19072769953051644
0 0.7201126026995305 0.7419834593983655 0.06073943661971839 0.2153755868544601
0 0.4450181558098591 0.7325693357676927 0.051496478873239465 0.18896713615023467
0 0.6444095999608764 0.7613192270909406 0.0625 0.1825117370892019
0 0.49960142801251956 0.7513443314206225 0.05985915492957743 0.18427230046948362
0 0.39791544405320817 0.7337354373152495 0.04049295774647885 0.1807511737089202
0 0.8816400136932707 0.7138160754651365 0.05457746478873244 0.21713615023474192
0 0.5726577782668232 0.7319868283776736 0.04973591549295778 0.19366197183098585
0 0.048457673122065725 0.7372424360980698 0.0607394366197183 0.16549295774647893
0 0.05857632775821597 0.026012323943661972 0.054137323943661976 0.20598591549295772
0 0.3961713859546166 0.006065249521822292 0.06426056338028169 0.2124413145539906
0 0.6791743080007826 0.006060902451747521 0.05325704225352108 0.20774647887323944
0 0.7425622310250392 0.0031211963136845763 0.0642605633802816 0.20187793427230044
0 0.003555359937402191 0.4291481916188489 0.04929577464788732 0.17018779342722995
