0 0.00359203834115806 0.172281451051991 0.10211267605633802 0.3597417840375586
0 0.15892874608763694 0.18926599721787518 0.0545774647887324 0.32276995305164313
0 0.2179574408255086 0.17699095809424448 0.12632042253521128 0.3755868544600939
0 0.3676028829225352 0.17522767779516604 0.12279929577464783 0.3726525821596244
0 0.5366154391627543 0.18930023039471397 0.12059859154929574 0.35974178403755863
0 0.6884710607394366 0.20045861589288821 0.13072183098591547 0.36854460093896707
0 0.8332758705007824 0.19694400973743698 0.12852112676056338 0.3755868544600939
0 0.007133338223787168 0.6587609763519389 0.13116197183098594 0.33509389671361506
0 0.15103983274647886 0.6569933489827855 0.10299295774647889 0.3274647887323943
0 0.26417070129107983 0.6728313554164493 0.1241197183098592 0.3198356807511737
0 0.4102980731611893 0.671076225873761 0.125 0.3257042253521126
0 0.5537833773474178 0.6786982698661103 0.12411971830985927 0.318075117370892
0 0.6884438575899844 0.6616925317336116 0.0915492957746479 0.3321596244131456
0 0.7901026383998435 0.669891105894627 0.07174295774647876 0.3133802816901408
