0 0.005819028755868544 0.012567379586158929 0.13996478873239435 0.2629107981220657
0 0.5652255110524256 0.009626043296817946 0.1219190140845071 0.2552816901408451
0 0.7078403144561816 0.01374869587897757 0.1351232394366198 0.2711267605633802
0 0.865406457844288 0.01258857155277343 0.12896126760563378 0.28579812206572763
0 0.5339721488654147 0.36754912189184485 0.11707746478873236 0.19248826291079815
0 0.691977210485133 0.37937260911145887 0.1091549295774648 0.2857981220657277
0 0.8270967820813773 0.4368310945922448 0.10387323943661958 0.2282863849765258
0 0.9467781078834115 0.46204681794470526 0.0506161971830985 0.2077464788732394
0 0.20210442341549298 0.365854307946444 0.11487676056338031 0.2634976525821597
0 0.008858445813771518 0.6862116371065901 0.0801056338028169 0.19307511737089209
0 0.11273107394366198 0.7061304555729438 0.07922535211267605 0.15610328638497648
0 0.20518265845070421 0.7091109154929578 0.11091549295774648 0.20598591549295775
0 0.3271016725352113 0.7091196096331072 0.11091549295774644 0.2153755868544602
0 0.4424167400234742 0.733158363762824 0.108274647887324 0.19131455399061037
0 0.5709317537167448 0.7765491870978961 0.09947183098591555 0.15199530516431917
0 0.6849267043231613 0.7361214354025387 0.09727112676056329 0.22241784037558684
0 0.809043366099374 0.7378765649452268 0.0928697183098592 0.21654929577464793
