0 0.010164808294209704 0.02590527734307077 0.05985915492957747 0.0903755868544601
0 0.0629777362089202 0.019449878282037904 0.054137323943661976 0.0903755868544601
0 0.13999841060250393 0.0030402321335419925 0.04841549295774647 0.11443661971830986
0 0.19061460778560252 0.005967440445139975 0.04841549295774645 0.10680751173708922
0 0.2518036605046948 0.010661189358372458 0.06205985915492956 0.10563380281690139
0 0.33630672926447575 0.004799165362545645 0.056338028169014086 0.11267605633802817
0 0.4084913561228482 0.00302773430707703 0.058538732394366216 0.10093896713615023
0 0.4806744547143975 0.013586767518692403 0.058538732394366216 0.09624413145539905
0 0.5418415003912362 0.01534461398017736 0.04049295774647885 0.09330985915492958
0 0.5902618838028169 0.010651408450704225 0.047535211267605605 0.09507042253521127
0 0.6906155247456964 0.001860545992001391 0.049735915492957694 0.107981220657277
0 0.7390466060250389 0.0018632629107981221 0.07218309859154949 0.11091549295774648
0 0.8204576853482002 0.009482589984350549 0.050616197183098656 0.10035211267605633
0 0.030456829518779344 0.22894822639540952 0.1254401408450704 0.0809859154929577
0 0.02606306240219092 0.3087479351417145 0.13644366197183097 0.06748826291079811
0 0.31169490903755864 0.2348868675013041 0.108274647887324 0.1566901408450704
0 0.48509420236697964 0.20028038601982265 0.08494718309859156 0.176056338028169
0 0.5744284282081377 0.16569346635367763 0.06426056338028177 0.21654929577464788
0 0.6386889915884194 0.16569346635367763 0.0642605633802816 0.21654929577464788
0 0.7517807365023476 0.16862121804903496 0.029049295774647828 0.20950704225352115
0 0.7843606342918622 0.16275647713441138 0.042693661971831096 0.21361502347417843
0 0.8486441216744913 0.2848167709963484 0.07570422535211271 0.2077464788732394
0 0.9230270075312988 0.3299763084680925 0.0743838028169015 0.1772300469483568
0 0.8746219067879498 0.006050034776560598 0.08934859154929582 0.1960093896713615
0 0.03396359057120501 0.4348999087115284 0.10475352112676056 0.044014084507042306
0 0.034853653169014086 0.47423274213180316 0.11883802816901409 0.05868544600938964
0 0.1567702220266041 0.4607519344461833 0.11531690140845068 0.07687793427230044
0 0.16028645833333335 0.4184745044340115 0.10827464788732391 0.05105633802816901
0 0.26988703051643187 0.469550404277517 0.11619718309859156 0.07218309859154928
0 0.38698344581377153 0.46369598765432096 0.1434859154929577 0.08744131455399064
0 0.5392752347417841 0.46368729351417143 0.14788732394366197 0.0780516431924883
0 0.6906717649647887 0.464866979655712 0.13072183098591555 0.08450704225352124
0 0.002257861404538341 0.644435750304295 0.08230633802816902 0.07511737089201873
0 0.08369858910406885 0.6561690358198574 0.10343309859154928 0.07100938967136154
0 0.18713138204225352 0.6684842853416798 0.10299295774647889 0.06161971830985909
0 0.19416874510954618 0.5886747956877064 0.0959507042253521 0.06455399061032865
0 0.2901359546165884 0.5839843070770301 0.11971830985915494 0.06924882629107983
0 0.28793677865805944 0.6550002173535038 0.12191901408450706 0.07629107981220647
0 0.40981330692488266 0.6274425099982612 0.06073943661971831 0.10269953051643188
0 0.4740747872652582 0.6186505607720396 0.0620598591549296 0.11443661971830991
0 0.5462554406298905 0.6426865979829595 0.058538732394366216 0.08744131455399064
0 0.6069936546361502 0.6456252173535038 0.05677816901408453 0.0921361502347417
0 0.6725798366588419 0.6004890453834116 0.06426056338028169 0.14788732394366189
0 0.7504792644757433 0.6022088549817424 0.05633802816901405 0.10387323943661973
0 0.8385395270931142 0.5600319509650495 0.10255281690140852 0.18661971830985918
0 0.9243483470266041 0.5823269866110241 0.07570422535211271 0.18075117370892027
0 0.0035758387128325513 0.8128684141888368 0.07878521126760564 0.08098591549295775
0 0.17834415346244128 0.8169644409667883 0.12544014084507044 0.06807511737089197
0 0.32047908108372464 0.8158754999130586 0.0814260563380281 0.15962441314554002
0 0.40277594385758997 0.8205616414536603 0.06778169014084506 0.15023474178403737
0 0.4762886345852895 0.8234540732046601 0.0809859154929577 0.10504694835680747
0 0.5541929528560251 0.824664188836724 0.08010563380281681 0.14436619718309857
0 0.6351993471244132 0.8205562076160668 0.10959507042253512 0.14436619718309865
0 0.7346390845070423 0.8516459094070596 0.06338028169014065 0.12969483568075116
0 0.803340179968701 0.797719418362024 0.11971830985915485 0.198943661971831
0 0.9278651946400626 0.8276212832550861 0.06954225352112675 0.16901408450704214
