0 0.43182860181924887 0.6428593940184315 0.07262323943661973 0.2740610328638498
0 0.335428892801252 0.202787558685446 0.05985915492957747 0.3485915492957746
0 0.6175613140649452 0.2115909189706138 0.06294014084507041 0.34917840375586856
0 0.26500635758998436 0.19342016605807685 0.05985915492957747 0.3726525821596244
0 0.055060702758215965 0.21802023561119804 0.06205985915492958 0.32100938967136144
0 0.41509071791862284 0.18579975221700576 0.05457746478873244 0.38204225352112675
0 0.1175533670774648 0.6428420057381324 0.051496478873239424 0.2552816901408451
0 0.17873752934272302 0.653405929403582 0.05809859154929578 0.255868544600939
0 0.1919383925078247 0.21333681098939317 0.05325704225352111 0.3333333333333333
0 0.032166043133802814 0.6299447922100504 0.05149647887323943 0.26995305164319244
0 0.551977271615806 0.20808229003651538 0.05853873239436614 0.3626760563380282
0 0.655847760172144 0.6651457355242566 0.05457746478873244 0.2588028169014085
0 0.1311977332746479 0.20277614762649973 0.051496478873239424 0.33626760563380276
0 0.6941409306533646 0.21861361067640409 0.05589788732394364 0.3280516431924883
0 0.48946901897496087 0.20925219527038777 0.046654929577464796 0.3585680751173709
0 0.9252148743153363 0.6410944835680752 0.0558978873239438 0.26936619718309857
0 0.00046551007433489835 0.6469722656929229 0.03653169014084507 0.27934272300469487
0 0.6791773645344289 0.006550491218918449 0.057658450704225254 0.10269953051643192
0 0.8481954225352112 0.004805685967657799 0.06338028169014097 0.11971830985915494
0 0.08719251271517997 0.0024430533820205187 0.06426056338028167 0.10328638497652583
0 0.3310357369913928 0.0012704312293514172 0.07174295774647889 0.10446009389671361
0 0.18093181484741783 0.004199813075986786 0.048855633802816927 0.09917840375586855
0 0.764567133705008 0.20568488089027995 0.06117957746478864 0.30868544600938963
0 0.8349884463028169 0.1781119587897757 0.059419014084507185 0.31866197183098594
0 0.768091622652582 0.005964723526343244 0.06602112676056338 0.10387323943661972
0 0.7130627078442878 0.7255259954790472 0.049735915492957854 0.18779342723004683
0 0.25223799393583723 0.651660580768562 0.053697183098591554 0.272300469483568
0 0.5154428305946791 0.6516638410711181 0.05457746478873244 0.27582159624413133
0 0.31561491343896714 0.6504792644757433 0.048855633802816927 0.2640845070422536
0 0.5783924466940532 0.665146278908016 0.06822183098591547 0.2593896713615024
0 0.8706297681924884 0.7349047991653624 0.04489436619718311 0.1760563380281691
0 0.7720449432707355 0.6709979786124153 0.05457746478873244 0.24119718309859153
0 0.5823549369131455 0.009484220135628586 0.06998239436619724 0.10211267605633802
0 0.4965234986306729 0.0077171361502347425 0.0642605633802816 0.09507042253521128
0 0.4120244033646322 0.007718222917753435 0.07570422535211271 0.09624413145539906
0 0.24256375929186227 0.004783950617283951 0.06646126760563383 0.09624413145539906
0 0.0035727821791862284 0.004783950617283951 0.0743838028169014 0.09624413145539906
0 0.00047131748826291086 0.20396289775691184 0.0448943661971831 0.3503521126760563
0 0.941488470755086 0.3898403538515041 0.03917253521126756 0.18251173708920185
0 0.3737187010954616 0.6446221309337508 0.05633802816901413 0.2764084507042253
