0 0.5838276427469136 0.3242169638774577 0.15625000000000008 0.15432098765432095
0 0.060297442986968444 0.599387479042829 0.16165123456790126 0.1162551440329218
0 0.23004704646776403 0.3262602880658437 0.1566358024691358 0.1388888888888889
0 0.5290348508230452 0.01710581466239902 0.1435185185185185 0.14094650205761314
0 0.8989899477023321 0.34169333942996494 0.10108024691358015 0.139917695473251
0 0.8742776920438958 0.8077217649748514 0.07098765432098762 0.11728395061728403
0 0.4167577589163237 0.3396300106691053 0.13117283950617287 0.1337448559670782
0 0.513982392403978 0.5865007239750039 0.13464506172839508 0.0874485596707818
0 0.8009982638888888 0.03715087258039933 0.10416666666666667 0.12294238683127572
0 0.3731746720679013 0.009909407864654777 0.14930555555555555 0.14660493827160495
0 0.38087357467421123 0.5766937204694406 0.12461419753086413 0.05144032921810709
0 0.0074358067558299035 0.0006587219935985368 0.15200617283950618 0.1558641975308642
0 0.0714723186728395 0.3401291723822588 0.1423611111111111 0.11728395061728397
0 0.7790171682098767 0.5844250114311842 0.1180555555555554 0.06790123456790127
0 0.7481618119855966 0.34734653635116597 0.13078703703703698 0.13425925925925927
0 0.6598042052469135 0.5828765622618504 0.11805555555555555 0.06224279835390942
0 0.47115028077846366 0.8159669829294316 0.12307098765432095 0.13323045267489703
0 0.34499448088134427 0.8139112749580857 0.12538580246913586 0.13528806584362138
0 0.7338579175240055 0.812890565462582 0.08873456790123445 0.14403292181069946
0 0.07069776663237311 0.8113668838591678 0.1381172839506173 0.16512345679012339
0 0.21922180426954732 0.8139184194482548 0.12384259259259257 0.14300411522633735
0 0.6018909679355281 0.8133959190672153 0.05632716049382714 0.13425925925925936
0 0.8244944380144033 0.8087634316415181 0.04976851851851857 0.1311728395061728
0 0.6609235682441701 0.8098055746075293 0.06327160493827158 0.14557613168724284
0 0.22308759859396432 0.005247389879591525 0.13503086419753088 0.11162551440329217
0 0.6848719885973936 0.009389765279682974 0.10455246913580254 0.14094650205761317
0 0.7426697530864198 0.1867283950617284 0.0 0.0
0 0.8982151277434842 0.02943720469440634 0.09645061728395063 0.12551440329218108
0 0.23041704175240058 0.6040023433927756 0.13387345679012344 0.10030864197530857
0 0.9236521026234569 0.8252024272214602 0.059027777777777776 0.1075102880658436
