0 0.05870815114883402 0.23370008382868462 0.09529320987654322 0.17386831275720166
0 0.16631328232167353 0.2624857110196616 0.046682098765432126 0.1512345679012346
0 0.21608260459533607 0.26967497332723667 0.047839506172839524 0.13786008230452676
0 0.26508407278806584 0.2593992912665752 0.05439814814814813 0.15123456790123455
0 0.32951174554183815 0.24861396890717877 0.052469135802469126 0.16975308641975312
0 0.3920138888888889 0.25323645404663925 0.05555555555555555 0.16203703703703703
0 0.44872845936213984 0.2547782350251486 0.0578703703703704 0.16049382716049387
0 0.5089238254458162 0.25786703627495805 0.07253086419753087 0.1630658436213992
0 0.5849159272119342 0.254786332114007 0.05671296296296294 0.169238683127572
0 0.6485701195987654 0.27431698673982624 0.05208333333333341 0.15123456790123455
0 0.3036643197016461 0.49245208428593207 0.05439814814814813 0.18158436213991758
0 0.1979560506687243 0.4878319806431946 0.05671296296296298 0.19187242798353904
0 0.08337834362139918 0.5011917009602195 0.0648148148148148 0.17592592592592593
0 0.37271679955418374 0.5089029873494895 0.04552469135802476 0.17078189300411514
0 0.4205648791152263 0.4924549420819998 0.0578703703703704 0.184670781893004
0 0.4830544302983539 0.4970883821063862 0.042824074074074125 0.1887860082304527
0 0.5293643904320988 0.4816648567291572 0.0625 0.19804526748971185
0 0.5976385673868313 0.49708266651425087 0.04398148148148151 0.1826131687242798
0 0.6497087727194788 0.5089006058527663 0.025077160493827143 0.16820987654320985
0 0.6801927940672154 0.49709123990245385 0.03317901234567889 0.19187242798353915
0 0.6543697487997256 0.7645490397805212 0.07021604938271611 0.1574074074074074
0 0.5193254886831277 0.7434932746532541 0.05092592592592595 0.1949588477366254
0 0.348023566100823 0.7676102156683433 0.04282407407407405 0.1301440329218106
0 0.3024951238854595 0.7660698635878677 0.03742283950617282 0.13323045267489714
0 0.24347216863854595 0.7660670057918 0.0443672839506173 0.13014403292181068
0 0.7484851894718794 0.5526134545038865 0.04089506172839508 0.15586419753086422
0 0.7970893347050756 0.5587791495198903 0.030864197530864126 0.14814814814814814
0 0.7619939021776405 0.27589115607376924 0.048996913580246985 0.18467078189300407
0 0.8129166130829902 0.28360006096631607 0.0443672839506173 0.1769547325102881
0 0.8696518132716049 0.2985039437585733 0.0763888888888889 0.1620370370370371
0 0.7122197573731139 0.2743408017070569 0.04089506172839508 0.17695473251028804
0 0.9479421189128944 0.31237282807498856 0.03665123456790127 0.14043209876543206
0 0.8846938228737997 0.5649562757201646 0.07021604938271603 0.1527777777777778
0 0.9560461141117969 0.5603280749885687 0.039737654320987775 0.15432098765432095
0 0.9062767918381345 0.8057051135497638 0.03858024691358016 0.1615226337448561
0 0.8595979080932785 0.8082776063100138 0.04320987654320984 0.16203703703703703
0 0.8198530199759944 0.8036594078646547 0.032793209876543335 0.17438271604938274
0 0.7550556198559671 0.8010969173906417 0.057870370370370315 0.184670781893004
0 0.7199232145919068 0.5227918762383782 0.02276234567901238 0.17078189300411534
0 0.006224815672153635 0.5153644642584972 0.07484567901234568 0.4825102880658436
0 0.18791714891975309 0.766057003505563 0.04513888888888889 0.11934156378600826
0 0.08683958118998629 0.7542719288218259 0.0489969135802469 0.16923868312757206
