0 0.5328492048182443 0.3345826665142509 0.0806327160493827 0.2381687242798354
0 0.6188614540466393 0.7435170896204848 0.0493827160493827 0.22067901234567894
0 0.6863934970850479 0.33101566072245087 0.07330246913580254 0.27469135802469125
0 0.19680373371056245 0.7409465020576131 0.06404320987654318 0.2222222222222222
0 0.8592311278292182 0.43482653177869224 0.0706018518518519 0.16820987654320985
0 0.44720614711934153 0.05819615912208505 0.08796296296296294 0.07407407407407407
0 0.6022840042009602 0.010977747294619722 0.06674382716049389 0.18930041152263374
0 0.3337424447016461 0.0032645557079713458 0.03356481481481484 0.19238683127572015
0 0.32141953875171464 0.36287913427831126 0.06635802469135797 0.24279835390946491
0 0.04017061042524005 0.30171039094650204 0.06790123456790123 0.2916666666666667
0 0.1582127700617284 0.39935556698673985 0.04861111111111109 0.19290123456790123
0 0.4603070880486969 0.3515536884621247 0.06442901234567897 0.2335390946502058
0 0.21378681198559668 0.3772543247980491 0.07523148148148147 0.21244855967078186
0 0.5447884516460906 0.021246284865112024 0.050925925925925875 0.1682098765432099
0 0.4024289480452675 0.3541357072092669 0.053240740740740713 0.24434156378600821
0 0.16207508144718794 0.027923049077884468 0.05478395061728395 0.15689300411522636
0 0.03359241040809328 0.6761635992988874 0.039737654320987664 0.25668724279835387
0 0.22228786222565158 0.11221993598536809 0.09452160493827158 0.08641975308641976
0 0.7793785901063099 0.3087391403749429 0.08294753086419746 0.10493827160493831
0 0.614228341478052 0.3767356348117665 0.0443672839506173 0.20781893004115223
0 0.04983335476680384 0.023299135040390186 0.09336419753086421 0.16306584362139917
0 0.11731074245541837 0.40139460448102426 0.03858024691358024 0.17283950617283952
0 0.46685394161522636 0.7270676154549611 0.04745370370370373 0.23302469135802475
0 0.8052019032921811 0.0454108558146624 0.04629629629629619 0.15483539094650206
0 0.7188019761659807 0.010459533607681756 0.07484567901234572 0.18518518518518517
0 0.776671542781207 0.4033850594421582 0.07368827160493825 0.10030864197530867
0 0.7867005315500687 0.5098570149367474 0.07098765432098762 0.0900205761316872
0 0.31563732424554186 0.7183270461819844 0.07330246913580246 0.2376543209876543
0 0.3935664759087792 0.7193596631611034 0.06905864197530857 0.24176954732510297
0 0.09803642618312756 0.7676740397805213 0.0613425925925926 0.19907407407407407
0 0.5185490612139918 0.7532750342935528 0.04398148148148151 0.2037037037037036
0 0.2735602066186557 0.7203884697454657 0.03780864197530865 0.24176954732510286
0 0.6755752207647463 0.7234825102880659 0.05054012345679 0.25
0 0.2288360553840878 0.01086867474470355 0.07947530864197531 0.07150205761316872
0 0.3866000621570644 0.006852518670934308 0.03742283950617286 0.17849794238683128
0 0.4487450703017833 0.13790533074226494 0.08179012345679015 0.04886831275720161
0 0.676719768089849 0.0366698102423411 0.032021604938271664 0.15895061728395063
0 0.969539823388203 0.012522386069196768 0.026234567901234605 0.19084362139917696
0 0.5783414780521262 0.728605109739369 0.03395061728395055 0.22685185185185194
