0 0.45683165080589844 0.7223760669105319 0.05979938271604945 0.1661522633744856
0 0.03398946544924554 0.5433661027282426 0.05594135802469135 0.168724279835391
0 0.12348197445130314 0.1446554450541076 0.03626543209876542 0.11676954732510283
0 0.31296296296296294 0.23825350556317634 0.1111111111111111 0.09156378600823042
0 0.4533993484224966 0.14153473174820913 0.11728395061728397 0.07973251028806581
0 0.07795487182784636 0.3740678821825941 0.032793209876543224 0.1044238683127572
0 0.31874008701989026 0.13587248513946043 0.09683641975308635 0.07561728395061727
0 0.48075729809670786 0.4158040885535741 0.06828703703703698 0.1795267489711935
0 0.4514695323216736 0.24647586114921502 0.1161265432098765 0.08281893004115227
0 0.5934172453703704 0.45281635802469133 0.0763888888888889 0.15277777777777773
0 0.6925716949588476 0.434831771071483 0.08101851851851857 0.17386831275720158
0 0.20492541152263374 0.12817453513183968 0.09259259259259262 0.09516460905349794
0 0.21340743955761318 0.2413294467306813 0.08449074074074071 0.08024691358024694
0 0.7728183406207134 0.6528458885840573 0.0806327160493827 0.07355967078189302
0 0.31951544281550065 0.056632468373723516 0.10223765432098773 0.05195473251028807
0 0.03166018304183814 0.37509192577351014 0.03510802469135803 0.09927983539094645
0 0.08374110510973937 0.17550582990397803 0.031635802469135804 0.10185185185185183
0 0.30869582690329217 0.40139698597774726 0.07754629629629631 0.17541152263374482
0 0.04400532621742113 0.19195625666819083 0.034336419753086427 0.0905349794238683
0 0.009669174382716047 0.18734234491693338 0.034722222222222224 0.1075102880658436
0 0.34997535150891634 0.6579732510288065 0.07561728395061722 0.05555555555555555
0 0.0015641075102880658 0.38641070339887207 0.030092592592592594 0.10133744855967079
0 0.6077042609739368 0.2747480376467002 0.09413580246913596 0.0612139917695473
0 0.6042055148319616 0.6878686556927298 0.05594135802469135 0.12037037037037036
0 0.00040937928669410154 0.5454194292028655 0.033950617283950615 0.16409465020576128
0 0.40744598765432094 0.49904501981405275 0.05555555555555555 0.07973251028806581
0 0.7497427983539096 0.22388879362901995 0.1851851851851851 0.1332304526748971
0 0.858456039951989 0.4599989521414418 0.0655864197530865 0.13220164609053503
0 0.7855404449588477 0.51036951303155 0.06712962962962968 0.08796296296296297
0 0.9267484353566529 0.4471541114159427 0.07330246913580254 0.14866255144032917
0 0.052882265946502055 0.7634745084590763 0.039351851851851846 0.10802469135802466
0 0.6740427276234567 0.7146647805212619 0.06597222222222231 0.1712962962962964
0 0.5228086955589849 0.7187714334705076 0.06674382716049373 0.16203703703703692
0 0.29633889531893004 0.7151715630239293 0.06134259259259262 0.16306584362139925
0 0.3719593942901234 0.7192872656607224 0.06597222222222222 0.1635802469135803
0 0.09531678669410151 0.7557717954580094 0.033950617283950595 0.1224279835390947
0 0.07680014360425239 0.9301035474775187 0.03665123456790125 0.06738683127572011
0 0.020480216906721537 0.9280464106081391 0.047067901234567895 0.06790123456790127
0 0.005428026406035665 0.7526806127114769 0.038580246913580245 0.11728395061728403
0 0.8820277670610425 0.6740836000609663 0.1199845679012346 0.2325102880658436
0 0.7751371742112483 0.7424597050754458 0.08641975308641985 0.1898148148148149
0 0.5618224344135803 0.3709457399786618 0.13541666666666666 0.06584362139917693
