0 0.03485120794209703 0.0006977047470005217 0.11531690140845072 0.11971830985915494
0 0.14884279636150236 0.0030391453660233 0.10827464788732394 0.11326291079812206
0 0.2808945251369327 0.0018676099808728917 0.12191901408450706 0.11561032863849766
0 0.4071978310837246 0.0006852069205355591 0.09727112676056338 0.1062206572769953
0 0.5383689725156494 0.0006852069205355591 0.11047535211267609 0.1062206572769953
0 0.6682747090179968 0.0006922709094070597 0.20290492957746487 0.11384976525821597
0 0.4098414270344288 0.16275376021561463 0.10123239436619724 0.21068075117370896
0 0.5088780076291081 0.16277060511215438 0.10827464788732384 0.22887323943661972
0 0.6171801643192488 0.1645463832376978 0.14788732394366197 0.2453051643192488
0 0.7663588737284821 0.16453660233002956 0.10607394366197175 0.2347417840375587
0 0.22367040786384979 0.4889823508954964 0.11355633802816902 0.1431924882629108
0 0.3464394439553991 0.49542362197878625 0.06998239436619708 0.12793427230046944
0 0.44369712196791866 0.4831165232133542 0.05061619718309858 0.14612676056338028
0 0.4907979998043819 0.4790248435054773 0.058978873239436624 0.1637323943661971
0 0.5506553208137716 0.48311924013215096 0.05633802816901397 0.14906103286384972
0 0.6012739632237871 0.4878015779864372 0.0598591549295775 0.13556338028169007
0 0.13429002836463222 0.6773816510172144 0.06778169014084509 0.16373239436619721
0 0.20076688429186226 0.6668253347243958 0.09022887323943667 0.17136150234741784
0 0.3081511639280125 0.6861725134759171 0.07570422535211271 0.15082159624413155
0 0.5528599985328639 0.7283782168318554 0.062059859154929516 0.09917840375586856
0 0.6140481342918622 0.7195770300817249 0.0743838028169015 0.10093896713615028
0 0.0036109888497652585 0.6820558381151105 0.12940140845070422 0.1414319248826291
0 0.0004905736502347418 0.5135949182750826 0.07262323943661972 0.10504694835680747
