0 0.48557835729655713 0.008416471048513303 0.14832746478873243 0.21654929577464788
0 0.6383096757629108 0.014868609806990089 0.1518485915492959 0.21302816901408453
0 0.07309730780516432 0.010162363067292644 0.0488556338028169 0.2007042253521127
0 0.26418353873239436 0.003714571378890628 0.14260563380281688 0.20892018779342725
0 0.7980117248630673 0.007244392279603548 0.05237676056338043 0.2183098591549296
0 0.12999682120500783 0.4532603025560772 0.22359154929577466 0.22535211267605634
0 0.12201560054773082 0.0025386889236654496 0.13908450704225353 0.20657276995305165
0 0.42873661238262917 0.011343679360111285 0.05677816901408453 0.20892018779342725
0 0.002689138302034429 0.0007841027647365675 0.06954225352112677 0.2130281690140845
0 0.3940425102699531 0.35686239349678317 0.16769366197183094 0.059272300469483556
0 0.8680494424882629 0.005490349504434011 0.13204225352112675 0.22535211267605632
0 0.1475935910602504 0.6803458094244479 0.21082746478873235 0.19600938967136153
0 0.1612330668035994 0.8639644192314381 0.20378521126760568 0.12382629107981205
0 0.0005452856025039124 0.6709534211441489 0.15140845070422534 0.19307511737089209
0 0.0036088492762128325 0.4391844896539732 0.12632042253521128 0.2347417840375587
0 0.0005517043231611894 0.862190814640932 0.16065140845070425 0.10974178403755874
0 0.8007537411971831 0.3576790992870805 0.19806338028169013 0.3075117370892018
0 0.8020732467723004 0.6697851460615545 0.19674295774647893 0.198943661971831
0 0.7950368006651017 0.883908776734481 0.20510563380281688 0.1144366197183097
0 0.5793815409820031 0.48262313075986796 0.22491197183098602 0.24706572769953045
0 0.5784985084115807 0.7220026951834464 0.220950704225352 0.18544600938967135
0 0.5749676007433491 0.9026723613284646 0.2068661971830985 0.09741784037558684
0 0.35710368984741786 0.4315613588941053 0.21522887323943654 0.24119718309859153
0 0.3548980951682316 0.6756656451051991 0.20818661971830982 0.21185446009389677
0 0.36985982736697964 0.8827345244305338 0.20378521126760568 0.11384976525821594
