0 0.2650060519366197 0.5289161667536082 0.05941901408450707 0.17312206572769945
0 0.11138803305946793 0.5183430055642496 0.04665492957746478 0.16255868544600957
0 0.6039068613067292 0.25482524778299426 0.04841549295774649 0.14084507042253522
0 0.7421055848982786 0.24544861763171621 0.04049295774647877 0.15492957746478875
0 0.5189541764475742 0.2712441314553991 0.04049295774647892 0.12676056338028166
0 0.9234530883215962 0.2513068379412276 0.05413732394366204 0.1437793427230047
0 0.3908817488262911 0.4972521083289863 0.05281690140845075 0.20129107981220656
0 0.44368764671361505 0.27829290558163805 0.03697183098591547 0.1338028169014084
0 0.649239534428795 0.25189532255259955 0.04577464788732392 0.1455399061032864
0 0.5444918207159624 0.5013448748043817 0.05413732394366204 0.18485915492957747
0 0.44721396958137716 0.48728318988002084 0.04445422535211271 0.20950704225352118
0 0.8811913145539906 0.2360616631890106 0.042253521126760535 0.15786384976525822
0 0.4775787974374022 0.2853242914275778 0.03741197183098595 0.12206572769953049
0 0.33498477846244135 0.5224607676925753 0.054137323943661955 0.17312206572769956
0 0.6932511737089202 0.25365751608415926 0.04225352112676046 0.14730046948356806
0 0.4934302865805947 0.49373152495218214 0.04665492957746488 0.20187793427230055
0 0.058571742957746475 0.5288884541818815 0.047535211267605626 0.1431924882629107
0 0.15671367615414714 0.28121957050947655 0.03389084507042253 0.125586854460094
0 0.2139484912949922 0.5300828116849243 0.05765845070422534 0.16549295774647893
0 0.4031953002738654 0.27242979481829244 0.03785211267605636 0.13967136150234744
0 0.8477360255281691 0.23196237610850284 0.035651408450704185 0.1672535211267606
0 0.16200698112284823 0.524215353851504 0.05061619718309858 0.16666666666666666
0 0.11270111991392802 0.2864963701964876 0.03609154929577464 0.12030516431924883
0 0.8710812182120501 0.7496006129368806 0.06117957746478864 0.20246478873239443
0 0.007076486697965572 0.5300610763345505 0.049295774647887335 0.14201877934272297
0 0.3191262592918623 0.27535211267605636 0.034771126760563376 0.12676056338028166
0 0.7711661898474178 0.5048687184837419 0.05677816901408445 0.18779342723004694
0 0.359621050958529 0.26714538775865065 0.03741197183098595 0.13673708920187794
0 0.1906060494913928 0.28181131542340465 0.03609154929577463 0.1308685446009389
0 0.5669280002934273 0.27417242653451573 0.03829225352112676 0.12030516431924877
0 0.04227675078247261 0.29177208311597985 0.03345070422535211 0.11384976525821594
0 0.5972989412167449 0.5113127064858285 0.04005281690140852 0.17546948356807515
0 0.27731287901017215 0.27827986437141367 0.034771126760563376 0.11971830985915491
0 0.07968627738654148 0.2952942966440619 0.029929577464788734 0.11502347417840379
0 0.00926557609546166 0.29354568770648587 0.032570422535211266 0.12793427230046944
0 0.2434156152190923 0.2782956225004347 0.025528169014084532 0.13673708920187794
0 0.7900827709311425 0.24017290471222394 0.043133802816901344 0.16138497652582162
0 0.9212542180164318 0.4943069683533299 0.05677816901408461 0.18955399061032854
0 0.8037375293427229 0.7519502043122935 0.058098591549295815 0.20481220657277
0 0.8319007360133021 0.5001755129542688 0.049735915492957694 0.18955399061032865
0 0.7399149672339593 0.7642583898452443 0.05501760563380284 0.18779342723004705
0 0.6523425273865415 0.743739132324813 0.07746478873239447 0.21009389671361506
0 0.4938896835876369 0.7566363458528952 0.07438380281690142 0.19542253521126768
0 0.575745488556338 0.7554381846635368 0.0594190140845071 0.16901408450704225
0 0.001361991392801252 0.7460659015823335 0.05985915492957747 0.18779342723004694
0 0.9357645001956182 0.7278826508433316 0.036091549295774746 0.19776995305164324
0 0.9709708773474179 0.72905581637976 0.029049295774647828 0.19718309859154928
