0 0.8213752567488263 0.6053278777603894 0.10431338028169014 0.3034037558685447
0 0.9243483470266041 0.6223341592766476 0.07570422535211271 0.28990610328638494
0 0.4661675347222222 0.1405652277864719 0.08406690140845068 0.3315727699530516
0 0.3882555751173709 0.1258960398191619 0.07394366197183094 0.3339201877934272
0 0.6360600669992176 0.5807017257868197 0.08142605633802817 0.32687793427230044
0 0.714855364827856 0.5930229525299948 0.09595070422535201 0.323943661971831
0 0.5638699383802817 0.12236513215093028 0.07130281690140844 0.3233568075117371
0 0.3988241515062598 0.5355139323595896 0.08142605633802817 0.32687793427230044
0 0.7170545407863849 0.14527962528255955 0.09375 0.3526995305164319
0 0.14706114289906105 0.11063619370544253 0.07790492957746478 0.33215962441314556
0 0.22937145442097032 0.543710876369327 0.08362676056338027 0.3063380281690142
0 0.4754019341744914 0.5507639975656408 0.07174295774647893 0.318075117370892
0 0.5515524134389671 0.5754135150408625 0.08054577464788737 0.3198356807511738
0 0.22188875440140848 0.1282353069031473 0.08318661971830983 0.32511737089201875
0 0.6422183709898278 0.1311712093548948 0.07614436619718311 0.3268779342723005
0 0.15101813135758999 0.5296312597809077 0.07174295774647889 0.3116197183098591
0 0.07267672877543037 0.09187423926273691 0.07702464788732394 0.35093896713615025
0 0.8020093652190923 0.16052806033733266 0.10475352112676053 0.3421361502347418
0 0.3270646884780908 0.11589288819335769 0.05765845070422537 0.30516431924882625
0 0.09071241686228482 0.5155407755173014 0.06249999999999998 0.3051643192488263
0 0.0013784966744913927 0.5290161493653278 0.08362676056338028 0.2811032863849765
0 0.0009297975352112677 0.10359013649800035 0.07130281690140845 0.32805164319248825
0 0.9063092967527386 0.19961256737958616 0.08538732394366204 0.0886150234741784
0 0.8931172975352112 0.3005564249695705 0.10299295774647893 0.09389671361502341
0 0.8874000513497653 0.40560772039645276 0.10959507042253512 0.0985915492957747
