0 0.24696363947574335 0.332320466005912 0.06426056338028173 0.17370892018779346
0 0.5621090693466354 0.3270349721787516 0.07086267605633804 0.16960093896713618
0 0.6096393901604069 0.08052729960006955 0.06382042253521121 0.13849765258215965
0 0.30549534184272303 0.363385172143975 0.054137323943661955 0.13204225352112675
0 0.18665211756651018 0.33288993218570684 0.046654929577464796 0.15492957746478875
0 0.10566467380672927 0.6122092896887498 0.044454225352112686 0.12969483568075127
0 0.15716115267996872 0.6239349678316816 0.044454225352112665 0.11737089201877927
0 0.5453699628325508 0.11159309250565119 0.05105633802816898 0.09800469483568075
0 0.6228387250586855 0.605787037037037 0.05677816901408445 0.16549295774647893
0 0.15891927083333332 0.10631085898104678 0.04093309859154929 0.09741784037558684
0 0.6950193784233177 0.6450677056164146 0.05325704225352108 0.12382629107981226
0 0.05241068808685446 0.12097569987828205 0.0488556338028169 0.0903755868544601
0 0.05944743984741784 0.6004781777082248 0.04093309859154929 0.13615023474178395
0 0.8156094116784037 0.4108779994783516 0.04093309859154933 0.08626760563380284
0 0.25223096390845073 0.629801338897583 0.04357394366197182 0.11502347417840368
0 0.11138589348591552 0.11100189097548253 0.0435739436619718 0.09330985915492958
0 0.25046887226134584 0.10397213528082072 0.04137323943661969 0.1068075117370892
0 0.19897331034820034 0.10748837158754998 0.042693661971830936 0.10152582159624414
0 0.294483873728482 0.1086658841940532 0.04269366197183102 0.10563380281690143
0 0.36975315434272304 0.6010291688402017 0.05017605633802818 0.09741784037558684
0 0.701181044600939 0.40559902625630323 0.05281690140845067 0.08920187793427235
0 0.05505031054381847 0.3317053555903321 0.047095070422535204 0.1431924882629108
0 0.8112180897887324 0.6532760606850982 0.05545774647887324 0.11561032863849777
0 0.869311790884194 0.10575226047643888 0.04841549295774649 0.1279342723004695
0 0.8679889231220658 0.41381390193009915 0.04489436619718311 0.0880281690140845
0 0.6862165615219092 0.13212104416623194 0.05325704225352115 0.08509389671361502
0 0.2958232467723005 0.5969695487741262 0.0699823943661972 0.1496478873239437
0 0.8728381137519561 0.6579747000521649 0.05589788732394364 0.11971830985915496
0 0.20205490757042252 0.6221803816727526 0.04357394366197182 0.12382629107981215
0 0.11140239876760565 0.3252695183446357 0.06734154929577464 0.16431924882629118
0 0.927857247652582 0.1397534124500087 0.058098591549295815 0.0886150234741784
0 0.5629691779147105 0.6585490566857939 0.04181338028169021 0.10622065727699521
0 0.00046948356807511736 0.3059092983828899 0.04225352112676056 0.17077464788732397
0 0.5105927230046948 0.34167862110937225 0.04225352112676062 0.13967136150234744
0 0.6386859350547731 0.386837615197357 0.0598591549295775 0.1085680751173709
0 0.3622710656298905 0.35986730568596764 0.05061619718309858 0.13556338028169013
0 0.3398211316510172 0.10807359589636586 0.04665492957746484 0.09976525821596242
0 0.001353127445226917 0.5787759737436967 0.04709507042253521 0.14847417840375585
0 0.816933196400626 0.13975667275256476 0.04577464788732392 0.09213615023474178
0 0.7539955007824726 0.6485823117718658 0.04929577464788729 0.11678403755868551
0 0.7566375684663538 0.3997408059467919 0.051056338028169064 0.1003521126760563
0 0.9278670285602503 0.6022756911841418 0.07218309859154932 0.176056338028169
0 0.7619192586071988 0.1450269518344636 0.051056338028169064 0.07981220657276993
0 0.23947024158841937 0.841668840201704 0.04841549295774649 0.1291079812206572
0 0.18401524598982785 0.8434212528255957 0.05237676056338027 0.12030516431924873
0 0.06693869816118936 0.8369702008346375 0.053697183098591554 0.125
0 0.12327642067683882 0.844002673448096 0.05325704225352113 0.11443661971830982
0 0.6303260098787168 0.8504591592766476 0.06382042253521121 0.11561032863849766
0 0.7179128154342723 0.8475433620239958 0.0620598591549296 0.13556338028169007
0 0.3442378227699531 0.83110872022257 0.06866197183098591 0.13262910798122063
0 0.2931619229264476 0.84048372022257 0.04049295774647889 0.11678403755868551
0 0.5686986502347418 0.8651169361850113 0.05281690140845075 0.10093896713615028
0 0.009280247456964007 0.828745000869414 0.05369718309859155 0.11502347417840368
0 0.7724804993153364 0.8739398582855156 0.04797535211267608 0.12265258215962431
0 0.8310198430164318 0.8721765779864372 0.04885563380281689 0.11971830985915485
0 0.8829610475352112 0.8856693401147625 0.05545774647887324 0.11443661971830991
0 0.955575117370892 0.920258433315945 0.042253521126760535 0.07629107981220658
0 0.9186304895344288 0.4032657363936707 0.0814260563380281 0.10446009389671355
0 0.00707220755086072 0.10690477743001216 0.043133802816901406 0.10504694835680752
