0 0.35580284422153635 0.15352747294619723 0.1338734567901234 0.2541152263374486
0 0.6304974172668038 0.7553669410150892 0.1385030864197531 0.24074074074074084
0 0.10963005829903977 0.14889784331656764 0.0895061728395062 0.2541152263374486
0 0.13701881858710563 0.4538680269775949 0.08487654320987655 0.1774691358024692
0 0.23577728480795612 0.45282350251486053 0.07484567901234568 0.16049382716049382
0 0.002002957818930041 0.15043009830818474 0.10648148148148148 0.24228395061728397
0 0.501251178840878 0.14427107148300564 0.1350308641975308 0.2572016460905349
0 0.45229204175240056 0.4611387364730986 0.18942901234567905 0.25205761316872416
0 0.2014898941186557 0.15198283417162017 0.14544753086419754 0.2525720164609054
0 0.05983957047325103 0.4590268251790886 0.05787037037037036 0.19341563786008228
0 0.7369759516460905 0.3303245503734187 0.13425925925925936 0.0838477366255144
0 0.0004235789609053498 0.4636583600060966 0.05439814814814815 0.19547325102880667
0 0.31369839891975304 0.45282350251486053 0.059027777777777776 0.16049382716049382
0 0.6586312585733882 0.23522090763603107 0.09567901234567905 0.1496913580246914
0 0.18563877100480108 0.0006206180460295687 0.09760802469135801 0.11471193415637859
0 0.5703090170610425 0.0006191891479957323 0.1338734567901234 0.11316872427983539
0 0.2933100780178327 0.0006153787532388355 0.14429012345679007 0.10905349794238682
0 0.7041990847908094 0.00369608291418991 0.15779320987654316 0.102880658436214
0 0.804085219478738 0.49549849489407105 0.10493827160493825 0.13837448559670784
0 0.8754645704732509 0.18847879515317786 0.11342592592592603 0.22376543209876543
0 0.8769973315329218 0.0006191891479957323 0.09837962962962953 0.11316872427983539
0 0.18687173139574756 0.7404463877457704 0.20640432098765432 0.2376543209876543
0 0.4464980388374486 0.7512593354671544 0.17939814814814808 0.2489711934156379
0 0.03597072187928669 0.7255244055784179 0.13117283950617284 0.23302469135802464
0 0.7724812992969822 0.7630772748056699 0.15084876543209874 0.23456790123456783
0 0.9198088134430725 0.7661246380124981 0.08024691358024698 0.1923868312757202
0 0.767802104766804 0.23671362978204544 0.07947530864197525 0.09516460905349791
0 0.005133048268175582 0.006778215973174821 0.1693672839506173 0.09825102880658435
0 0.919807473851166 0.4667876467001981 0.07831790123456793 0.24176954732510286
