0 0.9229967478482002 0.1832833420274735 0.030809859154929755 0.19953051643192488
0 0.7944743984741784 0.17158157276995303 0.029049295774647987 0.23767605633802816
0 0.6382598542644757 0.8147055946791862 0.08010563380281698 0.16373239436619733
0 0.31738006161971827 0.19976145452964703 0.055457746478873284 0.24941314553990612
0 0.30726324090375584 0.5431006564075814 0.0647007042253521 0.2811032863849765
0 0.24167889280125196 0.5460327551730134 0.05985915492957747 0.2787558685446009
0 0.5933425640649452 0.5131161971830986 0.04709507042253512 0.22183098591549286
0 0.21526707991001565 0.1862909711354547 0.0550176056338028 0.2787558685446009
0 0.6320783206181534 0.17452508259433142 0.051936619718309866 0.2476525821596244
0 0.07926569835680752 0.2167916449313163 0.05809859154929578 0.261737089201878
0 0.45691724129499217 0.18392996870109543 0.07350352112676053 0.2640845070422535
0 0.3728381137519562 0.5313478090766823 0.05589788732394364 0.2640845070422535
0 0.10215118838028169 0.5630564249695706 0.05545774647887326 0.28403755868544595
0 0.6430848982785603 0.5043204442705617 0.05633802816901397 0.2294600938967136
0 0.7073457673122066 0.49786450182576947 0.05677816901408453 0.22887323943661972
0 0.7905256626564946 0.4649886976178056 0.04709507042253512 0.2159624413145541
0 0.6870965375586855 0.19679566597113546 0.05281690140845067 0.2153755868544601
0 0.8833972148865413 0.4626331290210398 0.049735915492957854 0.20715962441314548
0 0.018986270050860718 0.5906402147452616 0.08670774647887323 0.28579812206572763
0 0.5242468701095462 0.5078470048687185 0.05633802816901413 0.23532863849765262
0 0.533926912167449 0.17511954442705616 0.051936619718309866 0.25586854460093894
0 0.7504722344483568 0.1803751521474526 0.04621478873239432 0.2276995305164319
0 0.15276677425665103 0.2121022430881586 0.05457746478873236 0.2676056338028169
0 0.478021077856025 0.5149196878803686 0.04049295774647892 0.2681924882629108
0 0.00048018143583724573 0.2027332203095114 0.05765845070422536 0.2899061032863849
0 0.5823359864045383 0.17686924013215094 0.04269366197183102 0.24413145539906098
0 0.39924717576291086 0.18861828377673445 0.05677816901408453 0.25704225352112675
0 0.43136737089201876 0.5178577638671534 0.04225352112676062 0.2723004694835681
0 0.910679834213615 0.7507645409494 0.04093309859154933 0.19190140845070425
0 0.1800585631846635 0.5454355764214919 0.058978873239436624 0.26760563380281704
0 0.9295988605242567 0.45735306903147277 0.0308098591549296 0.20892018779342725
0 0.8926365047926448 0.007120500782472614 0.04445422535211271 0.08450704225352114
0 0.7077852968505477 0.0006651017214397496 0.055897887323943726 0.08450704225352114
0 0.5858613923122066 0.011225221700573813 0.04885563380281689 0.08098591549295775
0 0.8675527557707354 0.18328388541123286 0.0506161971830985 0.20011737089201875
0 0.8345376075899844 0.47318998869761786 0.044014084507042306 0.20011737089201878
0 0.8587453540688575 0.7660108024691358 0.044014084507042306 0.17899061032863856
0 0.79052535700313 0.7853818901060685 0.04665492957746472 0.1842723004694835
0 0.7482733641431923 0.7959588549817423 0.04885563380281705 0.198943661971831
0 0.4529419136345853 0.8428686315423405 0.05325704225352108 0.1572769953051643
0 0.5119229264475742 0.8293834767866458 0.05633802816901413 0.17077464788732397
0 0.3217863605242567 0.8815695096504956 0.06249999999999996 0.12323943661971828
0 0.38780106856416274 0.8639763736741437 0.05325704225352115 0.13673708920187802
0 0.5726638913341158 0.8188298774126238 0.05853873239436614 0.18133802816901415
0 0.273795725743349 0.19684728742827337 0.04049295774647889 0.27112676056338025
0 0.9586496845657276 0.18445705094766127 0.03301056338028177 0.19953051643192485
0 0.8266077366979655 0.16805881585811164 0.03345070422535217 0.2359154929577465
0 0.9656919380868544 0.4491458007303078 0.03301056338028177 0.21830985915492965
0 0.9564425616197182 0.7349341418883671 0.02376760563380284 0.20774647887323947
0 0.7632326511150235 0.0006689054077551731 0.04093309859154933 0.0886150234741784
0 0.8098884976525821 0.0006737958615892889 0.042253521126760535 0.09389671361502348
0 0.8547795016627545 0.0006705355590332116 0.037411971830985796 0.0903755868544601
0 0.6571602357198748 0.0018485915492957748 0.043133802816901344 0.09507042253521127
