0 0.0009594459115805948 0.2696465832029212 0.11399647887323944 0.30281690140845074
0 0.14010355535993743 0.26849460963310734 0.19982394366197181 0.32629107981220656
0 0.3565617664319249 0.3195063901930099 0.06866197183098595 0.278169014084507
0 0.4278544967723005 0.32068716310206924 0.05413732394366204 0.2857981220657276
0 0.5339574775039123 0.21399430533820205 0.09595070422535217 0.40962441314553993
0 0.6351822305359938 0.2063793253347244 0.08494718309859148 0.42488262910798125
0 0.7223377591940532 0.22044101025908538 0.09595070422535217 0.40023474178403756
0 0.8169775161384976 0.21867609980872893 0.10959507042253512 0.3955399061032865
0 0.5370268485915493 0.6939456181533645 0.079225352112676 0.3063380281690142
0 0.6466384242957747 0.7015676621457138 0.10299295774647885 0.29870892018779344
0 0.7672296801643192 0.6957023778473309 0.09242957746478879 0.30223004694835665
0 0.8561219312402192 0.6968711963136847 0.06910211267605619 0.2969483568075118
0 0.925226794796557 0.6986361067640411 0.07306338028169014 0.3016431924882629
0 0.17974649109937405 0.6563776951834462 0.24339788732394368 0.2963615023474179
0 0.11839788732394367 0.7975352112676056 0.0 0.0
0 0.0009979582355242567 0.6429050382542165 0.1694542253521127 0.32335680751173723
