0 0.8897347072187928 0.2733319996951684 0.1068672839506173 0.19855967078189302
0 0.04016632373113854 0.2049082647462277 0.06172839506172839 0.1898148148148148
0 0.613866383744856 0.2661036808413352 0.07870370370370365 0.16975308641975306
0 0.7886316872427983 0.25330694634964185 0.07407407407407413 0.23816872427983535
0 0.11694932055898491 0.6343730948026215 0.07368827160493828 0.12294238683127577
0 0.2743647655178327 0.12720717116293245 0.08526234567901227 0.161522633744856
0 0.186784122085048 0.511399748513946 0.08024691358024695 0.08950617283950624
0 0.349601605366941 0.30768461362597166 0.09297839506172838 0.07716049382716053
0 0.5895428776577503 0.5670362749580856 0.052854938271605076 0.17695473251028804
0 0.36081398962620026 0.5221969783569579 0.12770061728395063 0.0838477366255144
0 0.3488321437757202 0.057703665599756135 0.0960648148148148 0.09773662551440328
0 0.1836923439643347 0.1749952370065539 0.07253086419753087 0.10596707818930044
0 0.7245715985082305 0.277974013107758 0.04976851851851841 0.21193415637860086
0 0.7678117498285324 0.5588382106386222 0.09336419753086413 0.21193415637860086
0 0.21455305855624146 0.8715111073007163 0.06751543209876544 0.12088477366255153
0 0.5274576153120714 0.8951422229843011 0.09452160493827158 0.08693415637860075
0 0.3045229981138546 0.7979004724889498 0.179783950617284 0.06584362139917703
0 0.012018282750342935 0.587657178783722 0.08410493827160492 0.22530864197530867
