0 0.3622949065923318 0.5008922361328465 0.08494718309859156 0.32981220657277
0 0.2747111575704226 0.05369337941227613 0.09110915492957747 0.312793427230047
0 0.1514753887910798 0.030239306207616067 0.09639084507042253 0.3345070422535211
0 0.8825401628521127 0.12230970700747695 0.08318661971830986 0.2634976525821596
0 0.38738110084115807 0.04431837941227613 0.08230633802816906 0.3286384976525822
0 0.5044655956572771 0.05723569813945401 0.09242957746478872 0.33568075117370894
0 0.2641379963810641 0.48270137802121377 0.07702464788732391 0.3315727699530516
0 0.6140603604264475 0.06250434707007477 0.0919894366197184 0.3215962441314554
0 0.1497194102112676 0.49563010780733785 0.1029929577464789 0.3509389671361502
0 0.0335188649256651 0.0202731046774474 0.09815140845070422 0.34565727699530513
0 0.04363782521517997 0.4762861893583725 0.09198943661971833 0.375
0 0.7139494082550862 0.13693596765779864 0.058978873239436624 0.21478873239436622
0 0.46660798122065733 0.4815287558685446 0.08450704225352107 0.33274647887323944
0 0.7843783621870111 0.13522376543209877 0.06822183098591555 0.26701877934272295
0 0.6620033132824726 0.5096048513302034 0.04533450704225351 0.23239436619718315
0 0.5216173342136151 0.9126244348808903 0.07262323943661965 0.07100938967136143
0 0.28614656690140844 0.9085300382542167 0.07922535211267605 0.08568075117370892
0 0.20559040003912366 0.8985632933402886 0.06426056338028165 0.0962441314553991
0 0.09908579078638499 0.9079399234915667 0.07790492957746475 0.08215962441314559
0 0.4129080472417841 0.9096972265692923 0.08054577464788729 0.07863849765258227
