0 0.45877298739711936 0.6236201607986587 0.07754629629629627 0.17644032921810698
0 0.05716440543552811 0.16681622466087487 0.09452160493827162 0.16152263374485593
0 0.3121787658607682 0.08093850022862367 0.09297839506172842 0.19135802469135804
0 0.7114995927640605 0.12005029721079102 0.11496913580246905 0.20987654320987653
0 0.4518263996056241 0.8864226108824874 0.07445987654320992 0.11419753086419768
0 0.510472125771605 0.10411570263679316 0.0798611111111111 0.22273662551440335
0 0.8036683384773663 0.6107662703856119 0.06018518518518524 0.18312757201646096
0 0.5964908050411523 0.6189891022709952 0.0578703703703704 0.1748971193415639
0 0.5942143025548697 0.11388984148757811 0.11304012345679015 0.22325102880658435
0 0.3862338177297668 0.6313300182898949 0.06558641975308643 0.169753086419753
0 0.41017741555212617 0.08458076131687244 0.09992283950617285 0.23611111111111108
0 0.0004557291666666667 0.5459114464258498 0.10069444444444446 0.139917695473251
0 0.49889617626886146 0.5221707818930041 0.07716049382716048 0.05555555555555555
0 0.5887795781893004 0.40751171696387745 0.06481481481481476 0.11265432098765428
0 0.3495847265089163 0.47536579789666217 0.0686728395061729 0.06172839506172847
0 0.6728823731138547 0.6123094802621551 0.06172839506172841 0.18312757201646096
0 0.7361446009087792 0.37209457399786616 0.0482253086419754 0.19547325102880667
0 0.8341483410493827 0.39162808641975305 0.0625 0.1805555555555555
0 0.8692595807613167 0.6061423563481176 0.06712962962962968 0.18930041152263374
0 0.7862946352023319 0.38751000228623683 0.04205246913580254 0.17746913580246915
0 0.9425432956104252 0.4034441205608901 0.04012345679012349 0.1640946502057614
0 0.9047563550240055 0.1442101051668953 0.07137345679012333 0.19135802469135801
0 0.5964886616941015 0.877685375704923 0.054783950617283965 0.1224279835390947
0 0.11077514146090536 0.7732762726718488 0.07175925925925924 0.13837448559670784
0 0.3735047475137174 0.8859024919981711 0.06905864197530866 0.10802469135802455
0 0.045183631258573394 0.777379591525682 0.06442901234567901 0.12551440329218105
0 0.9001192236796982 0.8406826322206982 0.06057098765432095 0.15946502057613163
0 0.700668456361454 0.8622661370217954 0.07368827160493825 0.1363168724279835
0 0.8071327910665294 0.8617536389269929 0.048996913580246985 0.13837448559670784
0 0.7376998671124828 0.6117955532693187 0.06558641975308635 0.183641975308642
0 0.15283671982167354 0.5649234110653865 0.08487654320987653 0.11728395061728403
0 0.17175175754458163 0.14471307727480567 0.10030864197530866 0.17901234567901236
0 0.057925561556927296 0.42085381420515167 0.0794753086419753 0.07767489711934158
0 0.17134077074759946 0.4059513603109282 0.06404320987654318 0.09413580246913576
0 0.39081790123456783 0.11625514403292181 0.0 0.0
0 0.3379918981481482 0.6369932174973328 0.041666666666666706 0.17489711934156382
0 0.6786755722736626 0.5134235444292028 0.07060185185185183 0.05298353909465016
0 0.75 0.5648148148148148 0.0 0.0
0 0.9012635030864199 0.40293019356805365 0.041666666666666664 0.16460905349794244
0 0.4877057613168724 0.41208038027739674 0.07407407407407413 0.04681069958847741
0 0.4911817343964335 0.4660970126505106 0.07947530864197531 0.051440329218106984
0 0.42404353137860085 0.482556489102271 0.06712962962962961 0.04989711934156381
0 0.4263612932956104 0.5309065881725347 0.07137345679012341 0.045781893004115136
0 0.3422603737997256 0.5427335771985978 0.07716049382716052 0.04115226337448551
