0 0.023211376886145402 0.18375962124676118 0.09104938271604937 0.12705761316872427
0 0.11310067301097393 0.17759821292485903 0.08719135802469134 0.13940329218106995
0 0.2014355066872428 0.18838496418228928 0.06712962962962964 0.12242798353909463
0 0.1061532814643347 0.4028816110349032 0.08294753086419754 0.11213991769547323
0 0.23540032364540464 0.37722146014327085 0.08757716049382719 0.1769547325102881
0 0.0008431391460905351 0.6180126886145405 0.10300925925925927 0.2314814814814816
0 0.10271401320301783 0.5969259640298734 0.13040123456790123 0.23559670781893005
0 0.24813555598422496 0.5999733272367017 0.09297839506172842 0.19341563786008234
0 0.3692523469650205 0.0777982586495961 0.056712962962963014 0.13323045267489714
0 0.43291538065843616 0.07625361987501905 0.06481481481481484 0.1316872427983539
0 0.498885727451989 0.07317672610882488 0.062114197530864126 0.14197530864197533
0 0.5621640303497942 0.07472279378143575 0.0717592592592592 0.14506172839506173
0 0.638158275462963 0.0777982586495961 0.059027777777777776 0.13323045267489714
0 0.6983482831790124 0.07626028806584362 0.06597222222222222 0.1388888888888889
0 0.7677908521947875 0.08088705989940556 0.06327160493827143 0.1358024691358025
0 0.8345325360082304 0.0808884887974394 0.06018518518518524 0.1373456790123457
0 0.8947177211934156 0.08088991769547324 0.06018518518518524 0.1388888888888889
0 0.4259661136831276 0.2881834895595184 0.057870370370370315 0.1270576131687243
0 0.4259655778463649 0.4183289513793629 0.05709876543209873 0.12860082304526746
0 0.4861553176440329 0.2789328036884621 0.06365740740740738 0.1363168724279836
0 0.4830694337277092 0.42243608062795307 0.06442901234567905 0.11985596707818925
0 0.5532825360082304 0.2835648148148148 0.06018518518518524 0.13888888888888895
0 0.5509661136831275 0.42397500381039477 0.057870370370370315 0.11522633744855963
0 0.6169383359053497 0.2881887288523092 0.057870370370370315 0.13271604938271603
0 0.6111521026234569 0.4301449855204999 0.05902777777777762 0.11213991769547323
0 0.6748116533779149 0.28819015775034296 0.06211419753086421 0.13425925925925927
0 0.67133889531893 0.4239792905044963 0.06134259259259262 0.11985596707818937
0 0.7392401298868312 0.2938476413656455 0.0613425925925927 0.13323045267489714
0 0.733836484053498 0.433225689681451 0.057870370370370315 0.10596707818930037
0 0.800582722479424 0.2953865645480872 0.06134259259259254 0.12860082304526746
0 0.8630787037037038 0.2923072892851699 0.05555555555555555 0.13631687242798354
0 0.9197980967078189 0.29128229309556464 0.06481481481481492 0.1404320987654321
0 0.7982630851337447 0.4270585657674135 0.05439814814814825 0.11213991769547317
0 0.8526628407921811 0.42706285246151504 0.056712962962963014 0.1167695473251029
0 0.9140102559156378 0.4286032045419905 0.06365740740740745 0.11368312757201646
0 0.43871018732853223 0.600928307422649 0.07600308641975309 0.1136831275720164
0 0.38737970464677646 0.7269399672306052 0.0489969135802469 0.09516460905349788
0 0.44217999828532245 0.7192210600518213 0.0725308641975308 0.09207818930041153
0 0.5351616083676268 0.5952470088401158 0.07716049382716048 0.08899176954732498
0 0.6065366726680385 0.6997104099984758 0.07947530864197525 0.13168724279835387
0 0.6883251886145404 0.6981629134278312 0.07716049382716048 0.12705761316872424
0 0.7755157428840878 0.6040204427678708 0.07600308641975317 0.11985596707818921
0 0.7666446973593964 0.7207714144185337 0.07947530864197525 0.09979423868312773
0 0.8495943715706449 0.6055622237463801 0.08256172839506158 0.11831275720164613
0 0.851514274691358 0.7238506896814509 0.06944444444444445 0.09207818930041164
0 0.9232748735425239 0.7130567939338515 0.0713734567901235 0.1013374485596709
0 0.48307184499314126 0.881273338667886 0.06790123456790127 0.10853909465020571
0 0.5509792416838134 0.9069792142966011 0.07677469135802469 0.09310699588477366
0 0.6620796360596708 0.8977285284255448 0.06134259259259262 0.10236625514403301
0 0.7268990054869685 0.9203403635116598 0.0679012345679011 0.0787037037037037
0 0.797112375685871 0.9141741921963115 0.06404320987654318 0.08590534979423874
