0 0.28632169495884774 0.2336005372656607 0.08101851851851853 0.06635802469135801
0 0.9201568394204389 0.1884240207285475 0.02584876543209873 0.16460905349794236
0 0.5263264639060358 0.5391799077884468 0.13233024691358017 0.09207818930041164
0 0.09578001757544581 0.4527534865112025 0.14544753086419754 0.08487654320987656
0 0.444498563957476 0.12363587867703092 0.07793209876543214 0.19341563786008234
0 0.09692965534979425 0.5417443034598385 0.13425925925925924 0.0838477366255144
0 0.3723470721879286 0.1261955113549764 0.06867283950617285 0.18004115226337447
0 0.6829553004972565 0.5509987997256516 0.12229938271604952 0.0787037037037037
0 0.018188978909465022 0.12463991769547325 0.08101851851851852 0.1666666666666666
0 0.04362756129972565 0.5536303536046333 0.045910493827160496 0.14300411522633757
0 0.24661860210905348 0.5422606119493979 0.13078703703703706 0.08590534979423874
0 0.5235845871913579 0.13082085429050447 0.07291666666666674 0.17541152263374488
0 0.26976246356310013 0.4424649443682365 0.12461419753086417 0.0843621399176955
0 0.3993888781721537 0.406462429507697 0.1199845679012346 0.09053497942386825
0 0.20953843021262 0.22229080932784637 0.06867283950617285 0.07407407407407407
0 0.6146288794581619 0.18634449778997103 0.0655864197530865 0.1409465020576132
0 0.6910255379801097 0.19353947568968144 0.07677469135802475 0.13374485596707822
0 0.530170824759945 0.4013269699740893 0.11265432098765436 0.09979423868312756
0 0.10653935185185187 0.22074045496113398 0.08333333333333336 0.06635802469135801
0 0.4024675282921811 0.503681317634507 0.10879629629629627 0.08693415637860084
0 0.11271567429698218 0.14820673296753545 0.08834876543209877 0.06327160493827158
0 0.022426108110425242 0.37922668038408774 0.07137345679012345 0.12037037037037042
0 0.2141685956790124 0.10140270156988264 0.06944444444444445 0.07047325102880657
0 0.20876762902949245 0.160035627190977 0.06983024691358028 0.06069958847736627
0 0.6524752979252401 0.37094526367931724 0.11998456790123452 0.06532921810699588
0 0.00040643218449931413 0.5567139155616522 0.029706790123456787 0.1399176954732511
0 0.8372706618655693 0.38793152720621854 0.11419753086419746 0.07716049382716053
0 0.8249201603223595 0.4656197607072093 0.10725308641975302 0.09156378600823054
0 0.6868130572702332 0.45893061271147695 0.12191358024691365 0.0895061728395062
0 0.8206784765089163 0.5628291228471269 0.11033950617283952 0.07767489711934149
0 0.8588370198902606 0.18480986130163085 0.0586419753086419 0.15020576131687238
0 0.7747470850480109 0.20331123304374335 0.08024691358024683 0.13168724279835387
0 0.6524318951474624 0.719200579180003 0.0574845679012346 0.0699588477366255
0 0.9464101616083677 0.5345731405273586 0.05285493827160492 0.11676954732510296
0 0.49625021433470506 0.7630282159731748 0.15586419753086414 0.18158436213991766
0 0.32688936042524 0.7625057155921354 0.1651234567901235 0.17283950617283947
0 0.13207143775720165 0.7270085543362292 0.1828703703703704 0.16923868312757195
0 0.010441315157750344 0.754263355433623 0.03549382716049383 0.1599794238683127
0 0.7295883701989027 0.7891532350251486 0.05169753086419746 0.06327160493827175
0 0.7222554441015089 0.7120046486816034 0.047839506172839524 0.07613168724279831
0 0.6559134945130316 0.7917409693644262 0.07098765432098769 0.08024691358024688
0 0.7261209705075444 0.8647676611796983 0.05864197530864206 0.06018518518518518
0 0.8503458826303155 0.7943482319768329 0.05362654320987666 0.11831275720164604
0 0.9113029406721536 0.7902382449321749 0.05401234567901238 0.12397119341563788
0 0.9429387431412894 0.6919481595793324 0.054012345679012225 0.08179012345679015
0 0.6559094757373114 0.8771033379058072 0.06520061728395056 0.04938271604938275
0 0.7816821523491083 0.8642494474927602 0.06674382716049397 0.05606995884773672
0 0.126595186042524 0.10497589925316261 0.07484567901234568 0.04063786008230451
0 0.2890209726508916 0.16260573845450388 0.07908950617283952 0.05864197530864196
0 0.29904888974622773 0.11372551821368694 0.07484567901234568 0.04578189300411524
0 0.9514164844821674 0.19407435985368082 0.03973765432098762 0.1558641975308642
0 0.16057581018518516 0.34522795686633134 0.1180555555555556 0.06841563786008233
0 0.29019338348765433 0.3529311461667428 0.1006944444444444 0.05452674897119344
0 0.05057789994855968 0.7584014441396129 0.05439814814814815 0.18467078189300412
0 0.785914994855967 0.7932646509678403 0.050925925925925875 0.05915637860082317
0 0.8210310570987654 0.6934980376467001 0.0625 0.08899176954732509
