0 0.08570414308984911 0.06706342402072855 0.0806327160493827 0.20627572016460904
0 0.16555560913923184 0.0655197378448407 0.06674382716049383 0.205761316872428
0 0.8912551440329218 0.2747709000152416 0.07407407407407413 0.08590534979423868
0 0.4410193758573388 0.032598879743941475 0.06790123456790119 0.2067901234567901
0 0.334521283436214 0.5696049573235787 0.04398148148148147 0.17335390946502052
0 0.13158516589506175 0.528488416399939 0.03819444444444445 0.21193415637860075
0 0.4633798439643347 0.3149477023319616 0.0447530864197531 0.14351851851851852
0 0.5266509130658436 0.038236835086114924 0.04398148148148151 0.1846707818930041
0 0.36924591692386827 0.3164966278006402 0.04745370370370373 0.14969135802469138
0 0.07488077632030178 0.5284912741960068 0.05054012345679014 0.2150205761316872
0 0.3873740783607682 0.5269461591220851 0.04089506172839508 0.21296296296296297
0 0.3206326624657065 0.3257473136716964 0.04436728395061726 0.1404320987654321
0 0.3727221579218107 0.02951674668495656 0.0532407407407408 0.21141975308641975
0 0.21144815243484227 0.5315719783569577 0.04089506172839508 0.2088477366255145
0 0.24002111196844994 0.032626981405273585 0.07484567901234572 0.23713991769547324
0 0.2762669860253772 0.5284927030940406 0.046682098765432105 0.21656378600823037
0 0.19485328789437584 0.3606948254839201 0.03317901234567905 0.10596707818930043
0 0.17517736196844994 0.5336310204237158 0.03317901234567901 0.21039094650205756
0 0.2681584362139917 0.3473279606767261 0.03703703703703706 0.11419753086419751
0 0.23690173825445815 0.34733367626886147 0.027391975308641982 0.12037037037037036
0 0.315235178755144 0.03826446044810242 0.04976851851851853 0.21450617283950615
0 0.01160247342249657 0.35658769623532993 0.04089506172839506 0.11471193415637868
0 0.42556370027434837 0.31854709647919527 0.03395061728395071 0.1419753086419753
0 0.1365955075445816 0.06752638698369151 0.030864197530864206 0.15072016460905352
0 0.7909357853223593 0.0006896814509983235 0.05864197530864206 0.18930041152263374
0 0.43521599579903975 0.5213005829903977 0.0443672839506173 0.22685185185185186
0 0.0953178583676269 0.37508621018137484 0.03549382716049383 0.09310699588477366
0 0.060205011145404656 0.372518480414571 0.028549382716049395 0.09773662551440328
0 0.000431616512345679 0.053705132601737544 0.06597222222222222 0.2237654320987654
0 0.682141632373114 0.009436442615454961 0.061728395061728336 0.19135802469135801
0 0.15589045353223593 0.3755896585886298 0.03780864197530867 0.08127572016460904
0 0.25349526320301785 0.5238449740893156 0.03317901234567905 0.19701646090534974
0 0.7970960326646092 0.6908945854290505 0.0405092592592592 0.055041152263374395
0 0.7253327546296295 0.2737373304374333 0.034722222222222224 0.08076131687242799
0 0.7801255465534979 0.27527625361987507 0.04745370370370381 0.07613168724279835
0 0.8634513781721536 0.6893466125590612 0.03665123456790127 0.049897119341563705
0 0.9128351658950616 0.6862678135954885 0.03819444444444445 0.05812757201646095
0 0.8067392189643345 0.48566005563176345 0.03780864197530873 0.06841563786008233
0 0.7588975694444444 0.4856610082304527 0.034722222222222224 0.06944444444444445
0 0.8538210519547325 0.0052993065081542445 0.057870370370370475 0.16769547325102882
0 0.8642264660493827 0.4779392432556012 0.041666666666666824 0.06327160493827164
0 0.9722423161008231 0.2845302735863436 0.028935185185185237 0.07047325102880661
0 0.23961200060013715 0.7918486130163085 0.041280864197530874 0.1965020576131687
0 0.08876859353566531 0.7856667238225881 0.048996913580246916 0.18672839506172836
0 0.290926944015775 0.7995441815272063 0.04591049382716052 0.17438271604938274
0 0.1427734375 0.7872099336991314 0.03819444444444445 0.18672839506172836
0 0.19022901663237313 0.7964620484682213 0.04089506172839504 0.17901234567901228
0 0.8294991533779149 0.8560656721536352 0.03433641975308651 0.1064814814814816
0 0.39393995413237304 0.798009545038866 0.05131172839506175 0.183641975308642
0 0.4510408629115226 0.8026244093888126 0.0543981481481481 0.16769547325102888
0 0.359595228909465 0.8118817634506935 0.0393518518518519 0.16563786008230455
0 0.0027389296124828533 0.7856567215363512 0.055169753086419755 0.17592592592592604
0 0.48151229209533597 0.5331318587105623 0.044367283950617384 0.22685185185185186
0 0.7862887409979423 0.8642846936442615 0.03356481481481476 0.09413580246913587
0 0.05982161994170096 0.7933627686328303 0.03202160493827161 0.1651234567901235
0 0.3264143411351166 0.7979843011736015 0.03665123456790119 0.1563786008230452
0 0.8638358410493827 0.8545119836915104 0.034722222222222224 0.09516460905349809
0 0.6327444487311387 0.00532312147538485 0.04089506172839508 0.19341563786008234
0 0.7473293895747599 0.021767356348117665 0.04320987654321 0.17541152263374485
0 0.9174674747085048 0.014044638774577047 0.04205246913580238 0.16820987654320987
0 0.9660729595336077 0.01713439262307575 0.033950617283950636 0.17181069958847736
0 0.6871377743484225 0.26962448559670776 0.03395061728395055 0.08333333333333333
0 0.6971798911179699 0.4800016194177717 0.05015432098765429 0.06841563786008233
0 0.9140016825274349 0.47538008687700045 0.05131172839506175 0.07716049382716042
0 0.9741678455075445 0.48154054260021334 0.023919753086419682 0.0637860082304527
0 0.6929240076303155 0.6842011507392165 0.03279320987654325 0.048353909465020634
0 0.7369079003772291 0.6841959114464258 0.0362654320987654 0.04269547325102889
0 0.967229563185871 0.6826803269318701 0.032793209876543175 0.0725308641975309
0 0.7315128279320989 0.8478052126200274 0.04513888888888873 0.07407407407407407
0 0.6971664951989026 0.8477980681298583 0.030864197530864286 0.06635802469135799
0 0.9344411758401919 0.8462705761316873 0.039737654320987775 0.08333333333333323
0 0.5077436449759946 0.8128934232586497 0.03973765432098762 0.14711934156378603
