0 0.4820660944835681 0.528335289514867 0.16109154929577466 0.17957746478873232
0 0.6493119742762128 0.6586522996000695 0.15008802816901404 0.21772300469483558
0 0.3328106660798122 0.2800512954268823 0.09242957746478875 0.13145539906103287
0 0.4807416984546166 0.7131721657103113 0.15536971830985918 0.1555164319248826
0 0.43007476281298906 0.2870897452616936 0.08230633802816906 0.1273474178403756
0 0.8033597417840375 0.6592299165362546 0.14788732394366202 0.20774647887323947
0 0.24082000684663535 0.2794709615719005 0.09066901408450706 0.13849765258215965
0 0.000529391627543036 0.5829638323769778 0.1285211267605634 0.23474178403755874
0 0.3341277264280125 0.12806685793774997 0.08758802816901413 0.14319248826291084
0 0.8015817561619717 0.4995446444096679 0.12279929577464799 0.14201877934272297
0 0.5277817512715179 0.28416416710137365 0.07614436619718311 0.13673708920187794
0 0.43052009976525824 0.13335343853242912 0.08978873239436615 0.1484741784037559
0 0.2443386883802817 0.13568998869761784 0.08714788732394368 0.1367370892018779
0 0.005344043427230046 0.2501494305338202 0.0897887323943662 0.16138497652582162
0 0.5255847148865415 0.1356943357676926 0.0814260563380281 0.14143192488262907
0 0.9507384585289514 0.6609845026951835 0.04929577464788729 0.20129107981220648
0 0.9164313135758999 0.18742283950617286 0.08362676056338027 0.23356807511737085
0 0.6871264915884194 0.9577856025039123 0.09595070422535217 0.042253521126760535
0 0.7588783132824727 0.16746815771170231 0.10871478873239432 0.23180751173708922
