0 0.29142122701486695 0.3575302121370197 0.0691021126760564 0.1467136150234742
0 0.9428253985719875 0.5453442879499216 0.06294014084507041 0.16901408450704225
0 0.7240833455594681 0.8545812684750478 0.07438380281690134 0.13086854460093902
0 0.4784752787558686 0.6309799382716049 0.06073943661971831 0.12030516431924873
0 0.8125458480046948 0.25954833941923144 0.06602112676056338 0.1713615023474178
0 0.7399183294209704 0.26484198400278214 0.05985915492957743 0.18427230046948356
0 0.674769843016432 0.32054479655712054 0.04885563380281681 0.13204225352112675
0 0.4947559052230047 0.35985209094070597 0.054137323943661955 0.11913145539906103
0 0.19592044454225355 0.3657423708920187 0.08318661971830983 0.14260563380281688
0 0.8451171875 0.5576584507042254 0.06734154929577474 0.15845070422535207
0 0.09994437108763693 0.4085626412797774 0.046654929577464796 0.12089201877934275
0 0.015874413145539907 0.4156016344983481 0.04225352112676057 0.11737089201877932
0 0.6127860915492958 0.0400028255955486 0.15845070422535218 0.10446009389671362
0 0.2408508778364632 0.056401604068857594 0.13512323943661977 0.06866197183098591
0 0.7667653927034427 0.6045780081724917 0.057658450704225414 0.1273474178403757
0 0.44061124559859155 0.3598586115458181 0.04357394366197182 0.12617370892018778
0 0.6215112724960876 0.33109459224482696 0.04665492957746472 0.11737089201877932
0 0.4287910186815337 0.07462452182229176 0.13512323943661972 0.10152582159624414
0 0.08459659868935837 0.13507053121196314 0.1289612676056338 0.10152582159624414
0 0.09689547877543035 0.6996087636932707 0.09286971830985917 0.08450704225352118
0 0.3631547095070422 0.3580915275604242 0.05545774647887324 0.11913145539906103
0 0.2456927327856025 0.14208181185880714 0.13556338028169018 0.06807511737089203
0 0.5559330374608764 0.6186380629455747 0.05061619718309858 0.10093896713615028
0 0.14571779636150234 0.3944884585289515 0.04489436619718313 0.13204225352112686
0 0.10615188526995305 0.038792709963484606 0.11223591549295774 0.06514084507042255
0 0.5585744938380282 0.34576269344461835 0.05149647887323938 0.11384976525821594
0 0.19282631553208138 0.6678963441140672 0.06426056338028169 0.06044600938967135
0 0.20338449970657277 0.7412379368805425 0.056778169014084494 0.04401408450704225
0 0.2711756651017215 0.7365501651886629 0.07042253521126757 0.05164319248826288
0 0.36978983274647886 0.676123717614328 0.10299295774647885 0.07276995305164326
0 0.8952828516236306 0.2736241523213354 0.05237676056338043 0.1619718309859155
0 0.9529361062206573 0.2777103981916188 0.04489436619718311 0.13849765258215965
0 0.8055430237676057 0.02823530690314728 0.12279929577464783 0.0715962441314554
0 0.9208247750391237 0.8481318466353677 0.07218309859154917 0.1373239436619719
0 0.8226761174687012 0.8674817423056861 0.07614436619718311 0.11971830985915485
0 0.00048262666275430364 0.1269040166927491 0.061179577464788734 0.15492957746478878
0 0.6928223420383413 0.6204236219787863 0.058538732394366064 0.12793427230046944
0 0.6149112993935837 0.6380129542688229 0.049735915492957694 0.11032863849765251
0 0.3609977137128325 0.583996804903495 0.11839788732394364 0.08274647887323947
0 0.00884897055946792 0.7089881107633454 0.06646126760563378 0.07335680751173712
0 0.23773657570422538 0.8609921100678143 0.08714788732394364 0.08274647887323935
