0 0.017809338563100137 0.8046677335771986 0.08989197530864199 0.1522633744855967
0 0.22190072016460907 0.8102913999390337 0.09259259259259257 0.11471193415637862
0 0.387385598851166 0.35762126581313824 0.057484567901234525 0.11985596707818931
0 0.5833705739883402 0.6348341525682061 0.05362654320987651 0.06532921810699588
0 0.44679623199588475 0.3334628867550678 0.0532407407407408 0.13991769547325106
0 0.32488050840192045 0.35504353376009756 0.05015432098765433 0.1136831275720164
0 0.6231452010459534 0.37868036503581776 0.10686728395061722 0.08590534979423868
0 0.33149246613511657 0.8400924973327236 0.12692901234567902 0.0776748971193417
0 0.12659009559327847 0.8133911560737692 0.06751543209876544 0.12911522633744868
0 0.22032000171467764 0.6348393918609968 0.03858024691358024 0.07098765432098762
0 0.4830737204218107 0.8411060623380582 0.0706018518518519 0.06121399176954741
0 0.3075118955761317 0.631753448407255 0.03935185185185187 0.07150205761316879
0 0.583000042866941 0.8143542333485749 0.0756172839506173 0.05812757201646095
0 0.004713220164609053 0.5978395061728394 0.12037037037037038 0.1111111111111111
0 0.1362458740569273 0.5854923982624599 0.08294753086419752 0.10956790123456793
0 0.7754918981481481 0.6404854442920286 0.041666666666666824 0.05761316872427989
0 0.3530320323216735 0.6410084209724127 0.03279320987654322 0.06687242798353915
0 0.2743294002914952 0.6286655997561348 0.03433641975308635 0.0699588477366254
0 0.4275243269890261 0.6322711857948483 0.07947530864197531 0.07510288065843608
0 0.6466421789266118 0.6492260135650053 0.05362654320987659 0.05298353909465026
0 0.6763996056241427 0.0772829027587258 0.12654320987654316 0.13220164609053497
0 0.8021586183984911 0.10658817253467459 0.10841049382716048 0.11522633744855969
0 0.5698894568758572 0.10812661941777169 0.08526234567901238 0.110082304526749
0 0.48076533564814816 0.10042438271604938 0.0798611111111111 0.125
0 0.39626361025377227 0.11377314814814815 0.06404320987654326 0.09722222222222225
0 0.2354370284636488 0.15953503657978965 0.1404320987654321 0.07561728395061727
0 0.257423482510288 0.07104195244627343 0.13425925925925927 0.058641975308641986
0 0.06258171510631001 0.14206056622466087 0.11766975308641976 0.09207818930041153
0 0.07373488940329218 0.3735625285779607 0.06712962962962964 0.11419753086419751
0 0.17829512817215362 0.39307889422344156 0.07831790123456793 0.08076131687242799
0 0.2700917352537723 0.3930712734339278 0.04320987654320992 0.07253086419753085
0 0.5062023105281207 0.35915542600213385 0.042438271604938335 0.11008230452674894
0 0.554050122170782 0.3355181184270691 0.0543981481481481 0.1373456790123457
0 0.7462100265775036 0.3822811880810852 0.09799382716049365 0.08590534979423868
0 0.7083716456618655 0.6481943491845755 0.055169753086419686 0.04989711934156381
0 0.8268124678497942 0.6538451646090534 0.0543981481481481 0.041666666666666775
0 0.3970111025377229 0.6225103833257126 0.02932098765432095 0.08899176954732509
