0 0.24077744555898487 0.46821987882944677 0.05285493827160496 0.12191358024691354
0 0.18869330847050755 0.47593783340954127 0.05169753086419754 0.12397119341563778
0 0.35806996956447185 0.7073921658283798 0.06520061728395063 0.09465020576131693
0 0.11384012774348423 0.27478090230147845 0.04089506172839506 0.09670781893004111
0 0.10303819444444444 0.03866836229233348 0.041666666666666664 0.09516460905349797
0 0.04593996484910837 0.0463910798658741 0.04243827160493827 0.10236625514403294
0 0.7299709576474623 0.2938104900167658 0.04706790123456794 0.09310699588477366
0 0.40781919795953364 0.4445077922572779 0.03742283950617278 0.06841563786008233
0 0.018548525377229078 0.2753005448864502 0.043209876543209874 0.10236625514403291
0 0.16322177211934155 0.2757982777015699 0.03935185185185187 0.08436213991769545
0 0.06561133616255144 0.2747813786008231 0.035879629629629636 0.09722222222222217
0 0.33991769547325096 0.3004843964334705 0.03703703703703702 0.07870370370370365
0 0.39586092892661184 0.5319573045267489 0.0397376543209877 0.06944444444444445
0 0.4772663215877915 0.3081909198292943 0.041280864197530874 0.06841563786008233
0 0.15897740912208505 0.0386650281969212 0.03858024691358024 0.09156378600823048
0 0.8372152027606311 0.28918562338058224 0.03433641975308635 0.09825102880658435
0 0.39778994127229084 0.2989268975765889 0.03973765432098762 0.06327160493827164
0 0.5274217142489712 0.23308089468068896 0.042824074074074125 0.06069958847736624
0 0.4822814857681756 0.5371022900472491 0.04089506172839508 0.07047325102880646
0 0.7226369598765432 0.5473851165980795 0.041666666666666824 0.06481481481481481
0 0.19524016203703706 0.046885478585581467 0.03472222222222218 0.08076131687242798
0 0.47803926611796976 0.4640541647614693 0.04320987654320992 0.06738683127572005
0 0.27935286994170094 0.06693244170096022 0.045910493827160476 0.06481481481481481
0 0.6801957411694102 0.31487911522633744 0.0374228395061727 0.06944444444444445
0 0.6165474429869685 0.06847660417619265 0.05054012345679016 0.06584362139917699
0 0.40589125728737996 0.06591030330742265 0.038966049382716035 0.07201646090534981
0 0.30442761917009603 0.5273238645023625 0.042438271604938294 0.06532921810699588
0 0.4568182548868312 0.07412694330132602 0.040509259259259287 0.057098765432098755
0 0.33953484010631 0.7063400205761317 0.041280864197530874 0.06944444444444445
0 0.11074674211248287 0.5319639727175736 0.030864197530864185 0.07664609053497937
0 0.5258766289437585 0.4645638050602042 0.04012345679012341 0.06224279835390947
0 0.4394512495713305 0.3143580437433318 0.032021604938271664 0.06224279835390947
0 0.2793534057784636 0.3056131877762536 0.04668209876543206 0.06224279835390947
0 0.34146545996227706 0.23410874866636183 0.04359567901234571 0.05967078189300413
0 0.22958515517832648 0.3102451989026063 0.047067901234567895 0.06481481481481481
0 0.2866756151406036 0.23257125438195397 0.03510802469135798 0.0658436213991769
0 0.06214072145061728 0.4640498780673678 0.038194444444444454 0.06275720164609053
0 0.8727143882887518 0.28661265432098765 0.04205246913580238 0.09722222222222222
0 0.9166953339334705 0.2912360920591373 0.04128086419753079 0.09053497942386836
0 0.796319337277092 0.2876409846060052 0.03317901234567889 0.09670781893004117
0 0.9271128043552811 0.05512355204999238 0.04243827160493825 0.08899176954732511
0 0.6651518561385459 0.5257944673068129 0.04089506172839508 0.08024691358024698
0 0.7797413515946502 0.07414075598231977 0.04976851851851841 0.07201646090534979
0 0.8703963584533607 0.47589210867245846 0.03742283950617286 0.07458847736625514
0 0.6755658436213993 0.23000590611187316 0.037037037037036986 0.07304526748971196
0 0.8244877400548696 0.47434365950312446 0.04012345679012349 0.06893004115226338
0 0.8460956254286693 0.07568920515165371 0.0443672839506173 0.07767489711934154
0 0.8700068051268862 0.5561314014631915 0.03202160493827159 0.0663580246913581
0 0.7342080868484225 0.07465230147843314 0.03742283950617286 0.06893004115226338
0 0.8156169624485597 0.5602423411065387 0.04398148148148143 0.06172839506172836
0 0.7720191400891632 0.4748556812985826 0.04089506172839508 0.06635802469135799
0 0.6196266289437585 0.5252929240969365 0.04012345679012341 0.09413580246913576
0 0.6790431562928669 0.07310623380582229 0.0443672839506173 0.06584362139917696
0 0.5679805384087792 0.7722465134887975 0.11419753086419762 0.1373456790123456
0 0.3410976080246914 0.8123237692424935 0.0694444444444444 0.08744855967078191
0 0.2963244277263374 0.7058332380734643 0.04050925925925933 0.07767489711934158
0 0.43366983882030175 0.6852418648071941 0.04012345679012341 0.0612139917695473
0 0.4768783757716049 0.6867855509830819 0.03819444444444445 0.06172839506172836
0 0.14704352066186555 0.8179631534827008 0.07600308641975308 0.06687242798353915
0 0.1721011231138546 0.7053283607681756 0.047839506172839524 0.08796296296296285
0 0.2427260159465021 0.8138517375400092 0.08101851851851853 0.07098765432098762
0 0.05249512388545954 0.7891727632982777 0.037422839506172825 0.08436213991769556
0 0.23421130186899863 0.05666533302850175 0.04205246913580246 0.08744855967078191
0 0.502344553755144 0.0597488949855205 0.04282407407407405 0.08436213991769549
0 0.5544327096193415 0.06231186175887822 0.04976851851851849 0.07458847736625514
0 0.7732097693758573 0.7598479652491998 0.0887345679012346 0.08024691358024688
0 0.7882582090192044 0.8447259373571103 0.09182098765432095 0.08179012345679015
