0 0.8449660815329219 0.011913675506782503 0.08449074074074063 0.0889917695473251
0 0.3256931048525377 0.27239178478890413 0.10918209876543207 0.29423868312757195
0 0.4348615397805212 0.27185023243408013 0.0895061728395062 0.26491769547325106
0 0.5301268861454046 0.28831256668190824 0.0493827160493827 0.2664609053497941
0 0.6354664994855967 0.2939752895900015 0.07175925925925929 0.27109053497942387
0 0.7589294517318245 0.24772328913275415 0.0806327160493827 0.3189300411522633
0 0.262001135973937 0.26004372427983546 0.05941358024691353 0.29166666666666674
0 0.18059708290466392 0.2841987692424935 0.059799382716049405 0.26800411522633744
0 0.028596536351165977 0.24155044962658132 0.06790123456790123 0.31893004115226337
0 0.10923005615569274 0.2888250647767109 0.06905864197530862 0.26440329218107
0 0.7612233689128943 0.6992950769699741 0.05054012345679016 0.2386831275720165
0 0.8206433792009602 0.2852218602347203 0.059799382716049364 0.2618312757201646
0 0.8329957561728394 0.7188519280597471 0.0694444444444446 0.24897119341563778
0 0.888949706361454 0.29501266956256667 0.08757716049382715 0.2803497942386831
0 0.6952725801611798 0.24771614464258496 0.08140432098765421 0.31121399176954734
0 0.9379254543895746 0.006266670477061424 0.05709876543209889 0.10133744855967078
0 0.2442603845164609 0.7296658283798201 0.06828703703703702 0.26131687242798357
0 0.3171853566529493 0.7322340344459686 0.08024691358024687 0.2572016460905349
0 0.16054901834705074 0.7296715439719554 0.07947530864197531 0.2674897119341565
0 0.6080544302983539 0.7527996875476298 0.04282407407407405 0.24588477366255143
0 0.08685351294581618 0.7399486549306509 0.06905864197530863 0.25565843621399176
0 0.46378413280178327 0.6741507582685565 0.07137345679012341 0.30504115226337447
0 0.686401266718107 0.7306870141746684 0.0844907407407408 0.25308641975308643
0 0.40976348165294924 0.6730876581313824 0.059413580246913573 0.26800411522633755
0 0.6493366340877915 0.7286365454961133 0.0447530864197531 0.26080246913580246
0 0.9035938571673524 0.633958714372809 0.06404320987654318 0.23096707818930043
