0 0.05368655692729767 0.5361011088248743 0.08641975308641976 0.10030864197530857
0 0.03980490183470508 0.412657178783722 0.0968364197530864 0.11419753086419757
0 0.009323559670781892 0.22129867779301934 0.09259259259259257 0.11368312757201643
0 0.5533487118484225 0.4667066758116141 0.15547839506172842 0.15432098765432095
0 0.814460090877915 0.41328589391861 0.044753086419753015 0.23765432098765424
0 0.008554365997942386 0.09680355509830818 0.09606481481481483 0.10339506172839506
0 0.26627443415637864 0.26402749199817105 0.10185185185185183 0.14969135802469138
0 0.276278506515775 0.4636097774729462 0.06327160493827162 0.14300411522633746
0 0.4545377336248286 0.4559156378600823 0.08989197530864199 0.1666666666666667
0 0.34224295910493824 0.4697749961896052 0.052083333333333294 0.13477366255144027
0 0.2593200767318244 0.06543305136412131 0.08757716049382719 0.11213991769547328
0 0.49892082475994515 0.25321978356957786 0.11265432098765428 0.14403292181069957
0 0.40088279106652946 0.46977785398567296 0.048996913580246985 0.13786008230452673
0 0.4278844092935528 0.70021481100442 0.042438271604938335 0.12088477366255143
0 0.3727671682098765 0.2593878600823046 0.11805555555555564 0.1388888888888889
0 0.4962303883744856 0.05513926992836458 0.12731481481481477 0.10596707818930041
0 0.6339171274862826 0.0638812680993751 0.06288580246913587 0.102880658436214
0 0.16055062585733879 0.10192758344764517 0.08179012345679013 0.08179012345679013
0 0.8326233496227708 0.052205265965554026 0.0887345679012346 0.2705761316872428
0 0.9379233110425239 0.05272395595183661 0.05401234567901238 0.27520576131687235
0 0.8557506001371741 0.3947616598079561 0.05864197530864206 0.23148148148148148
0 0.9271243248456791 0.40555555555555556 0.059027777777777776 0.22222222222222218
0 0.0841681670096022 0.827746818320378 0.09104938271604938 0.07767489711934149
0 0.07066749185528119 0.7022724241731443 0.09452160493827162 0.12088477366255143
0 0.19023410708161867 0.7131320492303002 0.04822530864197528 0.18261316872428
0 0.43488002614883403 0.8354681069958848 0.11612654320987659 0.08333333333333344
0 0.3572852366255144 0.7326484148757811 0.04629629629629627 0.14917695473251028
0 0.30057843578532234 0.7902244322511811 0.05516975308641984 0.10905349794238688
0 0.24578725137174212 0.7835162322816643 0.044753086419753056 0.08641975308641979
0 0.8835425775891631 0.7332185451912819 0.07908950617283952 0.20936213991769545
0 0.8036568179869683 0.7269823578722756 0.04359567901234571 0.1409465020576131
0 0.35001902220507547 0.06388412589544276 0.1385030864197531 0.10596707818930043
0 0.17097908093278463 0.27275710638622164 0.09876543209876541 0.13323045267489714
0 0.5976867926954733 0.24397719478737992 0.11342592592592587 0.1620370370370371
0 0.0008029513888888889 0.5330213572626125 0.04513888888888889 0.1075102880658436
0 0.002728212877229081 0.39673115759792715 0.03973765432098766 0.13631687242798354
0 0.15594618055555554 0.46978880887059904 0.11805555555555558 0.14969135802469138
0 0.2365411201131687 0.672401787075141 0.06365740740740743 0.08281893004115227
0 0.48961494770233194 0.6724651348879744 0.045524691358024685 0.1512345679012345
0 0.5440626607510288 0.6755458390489254 0.11689814814814817 0.1450617283950618
0 0.9672282235939644 0.7542871704008536 0.030864197530864126 0.18569958847736626
0 0.8526408714849109 0.713101566072245 0.025077160493827143 0.14969135802469144
