0 0.9213509516460906 0.2964101318396586 0.07870370370370365 0.12294238683127572
0 0.7488688485939643 0.29691500914494745 0.03780864197530873 0.11265432098765428
0 0.6612967785493827 0.2917724051211706 0.04513888888888889 0.11419753086419757
0 0.594563936042524 0.21931012802926383 0.060956790123456825 0.1882716049382716
0 0.42984101723251034 0.20746789742417315 0.08217592592592587 0.176440329218107
0 0.7122178819444445 0.3005115454961134 0.03819444444444429 0.10802469135802466
0 0.835286190414952 0.2927997828074988 0.03433641975308635 0.11265432098765434
0 0.3488206232853224 0.20696349641822895 0.07947530864197536 0.18724279835390945
0 0.5162551440329218 0.21210133744855966 0.07407407407407404 0.18055555555555558
0 0.1913912465706447 0.00932737006553879 0.047839506172839524 0.073559670781893
0 0.26857129843964334 0.2090206332876086 0.07600308641975309 0.18672839506172842
0 0.17827369470164606 0.49248209114464264 0.04745370370370373 0.21399176954732496
0 0.4668753750857339 0.8761435947264137 0.07831790123456778 0.12397119341563788
0 0.19912229938271608 0.20026577503429355 0.06944444444444445 0.17592592592592596
0 0.2974987139917696 0.4600837334247828 0.06481481481481484 0.2237654320987655
0 0.13043445644718793 0.0005877533912513337 0.04783950617283948 0.07921810699588477
0 0.5363243741426612 0.46727347203170244 0.08487654320987659 0.21090534979423878
0 0.7928514017489713 0.2948559670781893 0.03935185185185175 0.11111111111111116
0 0.6331656164266117 0.504765374942844 0.09182098765432103 0.14660493827160498
0 0.8811942729766804 0.29589191815272065 0.030864197530864286 0.11882716049382715
0 0.8152517896947873 0.06391984834628867 0.07368827160493825 0.14454732510288065
0 0.5610133209019204 0.8869398719707362 0.08140432098765445 0.11728395061728403
0 0.24782798568244166 0.8571282959914647 0.20563271604938269 0.14300411522633746
0 0.740439064643347 0.8699750419143424 0.12114197530864207 0.1286008230452674
0 0.09072279020919066 0.44782045419905503 0.08526234567901236 0.31275720164609055
0 0.24466038665980794 0.0036808413351623226 0.08873456790123456 0.08641975308641976
0 0.3337807570301783 0.0005934689833866788 0.0887345679012346 0.0853909465020576
0 0.4946560999657064 0.0006039475689681451 0.08256172839506175 0.09670781893004116
0 0.5914780521262004 0.0006001371742112482 0.061728395061728336 0.09259259259259259
0 0.06334903335048012 0.2105595564700503 0.11149691358024691 0.18209876543209877
