0 0.18317989534428797 0.619410754651365 0.1170774647887324 0.301643192488263
0 0.048938465864632234 0.6668905407755172 0.11927816901408449 0.2417840375586855
0 0.338148290786385 0.3416411276299774 0.17297535211267612 0.09917840375586856
0 0.7716861062206573 0.787683663710659 0.17165492957746487 0.13497652582159622
0 0.3337050078247262 0.6481144583550686 0.11267605633802814 0.24530516431924873
0 0.7113296532668231 0.032924708746305 0.08934859154929582 0.06572769953051642
0 0.15460925273865417 0.22193205529473137 0.17253521126760565 0.10915492957746477
0 0.1515294894366197 0.33577095287776043 0.17429577464788734 0.09741784037558684
0 0.7038934125586854 0.24188130325160842 0.15580985915492968 0.10504694835680747
0 0.6057505624021908 0.6192781690140845 0.1681338028169015 0.15845070422535218
0 0.4833382237871674 0.014737654320987656 0.09154929577464799 0.07159624413145539
0 0.3755064676251956 0.0106193488089028 0.09551056338028169 0.06044600938967135
0 0.6021796141431924 0.025282559554860026 0.09639084507042266 0.05164319248826292
0 0.4710155027386541 0.6434397278734132 0.09330985915492968 0.26701877934272306
0 0.003177878032081377 0.3328252695183446 0.13952464788732397 0.085093896713615
0 0.3403489950117371 0.22487230481655363 0.172975352112676 0.11561032863849771
0 0.93314505086072 0.0006303251608415928 0.06690140845070418 0.046948356807511735
0 0.0005388668818466354 0.21723613284646148 0.1421654929577465 0.10798122065727696
0 0.7052208651212832 0.35162145713788906 0.16593309859154934 0.10328638497652581
0 0.5366395857785603 0.14679566597113547 0.15536971830985913 0.0886150234741784
0 0.8596289979460094 0.3310858981046775 0.04885563380281689 0.10798122065727699
0 0.5304818930946791 0.34340440792905574 0.16153169014084515 0.10211267605633807
0 0.1642351941510172 0.0006422796035472092 0.09022887323943667 0.05985915492957747
0 0.5296037509780906 0.24421350634672231 0.16461267605633811 0.08861502347417842
0 0.782253154342723 0.6251298687184837 0.17693661971830987 0.14025821596244137
0 0.9243483470266041 0.0563793253347244 0.07570422535211271 0.04460093896713615
0 0.9124590424491393 0.32580801165014783 0.067781690140845 0.11208920187793422
0 0.8253246038732395 0.04875836810989393 0.08714788732394364 0.0534037558685446
0 0.915538500097809 0.20491218918448964 0.06558098591549298 0.107981220657277
0 0.5925466427034428 0.7865066944879151 0.16857394366197198 0.13145539906103287
0 0.26767104362284816 0.005341462354373153 0.09419014084507041 0.06455399061032864
0 0.047602760661189354 0.0006368457659537472 0.09727112676056338 0.0539906103286385
