0 0.2823231489632238 0.6205697922100504 0.2777288732394366 0.28579812206572763
0 0.5710225327660406 0.6099727221352809 0.2301936619718311 0.24941314553990612
0 0.8139472686815336 0.6052181142410015 0.18265845070422543 0.18485915492957747
0 0.848696694053208 0.3147604764388802 0.15140845070422543 0.22300469483568072
0 0.3984912949921752 0.3177083333333333 0.2359154929577465 0.2376760563380281
0 0.25713883998435055 0.3194743305512085 0.13908450704225359 0.2435446009389672
0 0.17505196107198748 0.044231438010780735 0.4551056338028169 0.2347417840375587
0 0.6747774843505477 0.1415351677969049 0.0598591549295775 0.11150234741784042
0 0.7460909991197184 0.1491626456268475 0.0752640845070423 0.10974178403755867
0 0.834182132726917 0.12800817249174057 0.16593309859154934 0.07981220657276995
0 0.8913607076486698 0.025900386889236654 0.10871478873239432 0.08509389671361503
0 0.004485157472613459 0.7707110719874805 0.12059859154929578 0.18485915492957739
0 0.005789074726134585 0.5418394627021388 0.09683098591549295 0.18661971830985918
0 0.0005034110915492959 0.30474156668405494 0.09110915492957747 0.1772300469483568
0 0.8104310323748043 0.8006536906624935 0.18970070422535218 0.198943661971831
