0 0.06062859010631001 0.005344078646547782 0.08294753086419752 0.2160493827160494
0 0.15052753129286692 0.006864902453894223 0.09297839506172839 0.1918724279835391
0 0.24814091435185187 0.005328837067520195 0.10069444444444445 0.19958847736625515
0 0.3499788344478738 0.005330265965554031 0.0806327160493827 0.20113168724279837
0 0.4352318029835391 0.009434537418076512 0.06712962962962961 0.18930041152263374
0 0.5054762517146776 0.062377591068434705 0.10802469135802475 0.1455761316872428
0 0.6158130787037036 0.06545400853528424 0.10416666666666674 0.13477366255144035
0 0.7269180276920438 0.06236758878219784 0.09529320987654318 0.13477366255144033
0 0.11079684284979426 0.35611854138088705 0.10300925925925924 0.1635802469135803
0 0.21380020790466392 0.3530306927297668 0.09452160493827162 0.16203703703703703
0 0.24697332604595335 0.2547134583142814 0.08603395061728397 0.0905349794238683
0 0.3264872149348423 0.39105843240359706 0.14158950617283952 0.12088477366255149
0 0.39204469950274345 0.2804283836305441 0.09992283950617285 0.0848765432098765
0 0.4692392189643347 0.386423087181832 0.14891975308641975 0.11471193415637862
0 0.616957893947188 0.3756391937204694 0.08603395061728389 0.13477366255144033
0 0.7134149412722907 0.36947349870446583 0.09529320987654333 0.1424897119341564
0 0.25472340106310015 0.5752657750342935 0.13503086419753083 0.17592592592592593
0 0.20837512860082302 0.5922239368998629 0.060185185185185196 0.1574074074074074
0 0.07217506858710562 0.6420553269318701 0.04320987654320988 0.08641975308641979
0 0.12889338991769547 0.6708547668038409 0.050925925925925916 0.0787037037037037
0 0.39091328017832644 0.5752600594421582 0.1373456790123457 0.16975308641975312
0 0.5328877850651578 0.5752600594421582 0.13618827160493827 0.16975308641975312
0 0.6690814150377229 0.5665247294619722 0.1439043209876542 0.1800411522633745
0 0.05407450274348422 0.8796729728699894 0.08950617283950617 0.04681069958847746
0 0.0552359289266118 0.9295600899253162 0.09529320987654322 0.036008230452675025
0 0.2616340877914952 0.8220526596555403 0.08641975308641972 0.039094650205761375
0 0.3160485789609053 0.8673653978052126 0.10995370370370373 0.08796296296296306
0 0.4873212984396434 0.8267746913580246 0.07600308641975302 0.138888888888889
0 0.5714286479766804 0.8314086076817557 0.0794753086419754 0.14351851851851863
0 0.6609214248971195 0.8267818358481938 0.06018518518518508 0.14660493827160498
0 0.7427013674554185 0.8355185947264137 0.0455246913580246 0.13786008230452676
0 0.9267484353566529 0.05049773281511965 0.07330246913580254 0.09310699588477367
0 0.9244352280521262 0.2593483272367017 0.0756172839506173 0.0961934156378601
0 0.9425553519375857 0.42552583447645176 0.0574845679012346 0.12345679012345671
0 0.8970247663751713 0.621010516689529 0.048996913580246985 0.13580246913580243
0 0.8924004951131688 0.7614221345831428 0.056712962962963014 0.11368312757201651
0 0.9537337105624142 0.6225537265660723 0.04320987654320984 0.13580246913580232
0 0.952577106910151 0.7583414304221916 0.04436728395061714 0.11985596707818942
0 0.0015724129801097395 0.6009421201036428 0.04205246913580247 0.1286008230452674
