0 0.5784146197702332 0.12781159503124523 0.13927469135802462 0.25874485596707814
0 0.46573538237311385 0.12464944368236551 0.10339506172839508 0.17695473251028804
0 0.30025746956447186 0.13245646623990245 0.14853395061728392 0.2752057613168724
0 0.47615258487654316 0.3685242341106539 0.10416666666666667 0.22839506172839497
0 0.5872709297839507 0.404510078494132 0.11458333333333341 0.20421810699588472
0 0.780187167781207 0.1185132792257278 0.13618827160493827 0.21656378600823042
0 0.1551491233710562 0.07480138317329674 0.08140432098765432 0.2299382716049383
0 0.15400430812757201 0.3654206675811614 0.09953703703703705 0.20987654320987656
0 0.04483024691358025 0.36080389803383633 0.1111111111111111 0.2237654320987654
0 0.000867519718792867 0.0701984263069654 0.1381172839506173 0.2587448559670782
0 0.32648185656721534 0.40604900167657376 0.1338734567901235 0.19958847736625504
0 0.7304588370198903 0.3428488416399939 0.19405864197530856 0.2767489711934157
0 0.6123534486454046 0.6693715706447187 0.12229938271604944 0.14351851851851852
0 0.463826731824417 0.6632058756287151 0.13271604938271603 0.1512345679012346
0 0.34807634602194787 0.6601180269775949 0.11882716049382722 0.14969135802469133
0 0.14481068887174212 0.6498199588477366 0.19405864197530864 0.1388888888888889
0 0.003948045267489712 0.6390217764060356 0.12962962962962965 0.14351851851851852
0 0.0893164866255144 0.8463263031550069 0.28240740740740744 0.14351851851851852
0 0.3832090192043895 0.8612235177564396 0.15432098765432103 0.12139917695473249
0 0.5486853245027435 0.8689324226489864 0.10686728395061722 0.11368312757201651
0 0.6655936535493828 0.8751062147538485 0.12152777777777786 0.11471193415637862
0 0.7936902542009602 0.8781897767108673 0.13618827160493827 0.11162551440329217
0 0.7416588970336078 0.6739997713763146 0.21103395061728397 0.14197530864197544
