0 0.26940929430751176 0.5188961702312642 0.0620598591549296 0.12617370892018773
0 0.5260166030907668 0.520664884367936 0.06954225352112692 0.13497652582159622
0 0.5330435739436621 0.3804006911841419 0.047535211267605605 0.12852112676056343
0 0.6457346072965572 0.17910200399930448 0.06910211267605636 0.1203051643192488
0 0.7944921263693271 0.16267931664058422 0.05457746478873244 0.1302816901408451
0 0.08190012470657276 0.09405538167275257 0.04885563380281692 0.17136150234741784
0 0.5977448894757433 0.5259395105199097 0.04841549295774649 0.12734741784037548
0 0.26412393632629105 0.3704132976873587 0.056778169014084494 0.1167840375586854
0 0.46262470657276994 0.5183033385498174 0.05281690140845067 0.11971830985915506
0 0.6043439456181533 0.17323019909580942 0.04401408450704222 0.11678403755868548
0 0.266326474471831 0.15268322900365155 0.059419014084507026 0.10915492957746477
0 0.5959797412949922 0.3850808555033908 0.041813380281690134 0.11267605633802814
0 0.8054956474960876 0.021242501304121024 0.05457746478873244 0.125
0 0.09994253716744914 0.48663928012519564 0.04401408450704224 0.147887323943662
0 0.656284844483568 0.5183000782472613 0.050176056338028095 0.11619718309859163
0 0.6514393216940532 0.7119327073552426 0.04445422535211263 0.08450704225352107
0 0.41948203980829424 0.7371875543383759 0.040052816901408446 0.10622065727699542
0 0.45162454763302035 0.389188836724048 0.05765845070422534 0.1126760563380282
0 0.3393825190727699 0.3733530038254217 0.04885563380281697 0.12265258215962437
0 0.40232113165101724 0.16970309511389325 0.046654929577464796 0.11032863849765259
0 0.9621802865805946 0.41632596504955655 0.04665492957746488 0.2658450704225353
0 0.5933385905712051 0.721325639019301 0.04137323943661965 0.08802816901408461
0 0.45998630672926444 0.16442846896191968 0.05633802816901405 0.11795774647887325
0 0.5343682756259781 0.7154603547209181 0.053697183098591554 0.09154929577464793
0 0.14352014866979657 0.14505683794122762 0.049295774647887314 0.11208920187793425
0 0.8706337416862284 0.01948193792383933 0.0506161971830985 0.12500000000000003
0 0.19941895295383413 0.16088832376977916 0.05061619718309858 0.09741784037558687
0 0.656284844483568 0.38273832811684927 0.050176056338028095 0.1179577464788732
0 0.2205429626369327 0.5288585680751174 0.046654929577464796 0.11091549295774639
0 0.7302309516823161 0.020072052686489306 0.05369718309859163 0.12852112676056338
0 0.027320214690923317 0.0776381281516258 0.04533450704225353 0.18720657276995306
0 0.4595455545774648 0.025344505303425493 0.05545774647887324 0.11854460093896711
0 0.46437334947183095 0.7307245479047122 0.03565140845070426 0.09800469483568082
0 0.40847668476134585 0.38509280994609635 0.03741197183098587 0.12558685446009382
0 0.40804174002347415 0.528267909928708 0.04489436619718311 0.10680751173708919
0 0.15540028364632238 0.3809712441314554 0.044014084507042264 0.11091549295774643
0 0.20601923170970265 0.3897708007303078 0.04797535211267608 0.10739436619718311
0 0.6012675445031299 0.013030342549121892 0.05061619718309858 0.12910798122065728
0 0.23462441314553992 0.7131004390540775 0.042253521126760535 0.0780516431924883
0 0.659806276897496 0.015377760389497478 0.050616197183098656 0.1291079812206573
0 0.3323442390453834 0.15444596591897064 0.05457746478873244 0.11150234741784033
0 0.34950453589593117 0.5241566684054947 0.04709507042253516 0.10328638497652586
0 0.2799586145344288 0.7089799600069553 0.041813380281690134 0.06455399061032865
0 0.5255654587245697 0.015955377325682488 0.05369718309859148 0.11913145539906103
0 0.15144146126760563 0.5136079594853069 0.04753521126760568 0.11913145539906099
0 0.5347992468701095 0.1697096157190054 0.04049295774647885 0.11737089201877934
0 0.3737080032276995 0.7348173143801078 0.04093309859154925 0.08157276995305172
0 0.33366496723395933 0.024750043470700745 0.0550176056338028 0.11032863849765258
0 0.7372670921361503 0.7125038036863155 0.04489436619718311 0.06748826291079811
0 0.1769662680946792 0.7119196661450183 0.042693661971831 0.07042253521126757
0 0.8895720241588421 0.38936271952703877 0.06822183098591524 0.3004694835680751
0 0.8578702684859155 0.1685440575552078 0.051496478873239465 0.12617370892018775
0 0.7196712392410016 0.16033298556772735 0.058978873239436624 0.13145539906103285
0 0.9172950899843507 0.14447704747000525 0.05985915492957727 0.11971830985915491
0 0.7936051203051644 0.7095700747696052 0.04489436619718295 0.06807511737089209
0 0.8684550445031299 0.778953660233003 0.08230633802816906 0.21361502347417827
0 0.09730383167057902 0.7812668448965397 0.04709507042253522 0.176643192488263
0 0.2104230853873239 0.8504662232655191 0.051496478873239465 0.12323943661971817
0 0.1523241881846635 0.8328747174404451 0.05105633802816902 0.13849765258215974
0 0.7583953809663536 0.8228552643018606 0.04709507042253528 0.0921361502347417
0 0.6985362260367762 0.8310723135106938 0.047095070422535204 0.09330985915492965
0 0.27467814700704224 0.8516296078942792 0.04357394366197182 0.11208920187793422
0 0.804608641431925 0.8134786341505826 0.04489436619718311 0.10622065727699521
0 0.05152643290297339 0.7783369196661449 0.04313380281690141 0.18133802816901404
0 0.5057582037363066 0.8662835811163276 0.05237676056338027 0.09330985915492955
0 0.5664899990219092 0.8621870109546166 0.04137323943661973 0.10563380281690145
0 0.6259145148669797 0.8645333420274736 0.04929577464788722 0.1044600938967135
0 0.9529400797143973 0.7883188793253346 0.050616197183098816 0.18720657276995317
