0 0.04757647447183099 0.12687032689966962 0.05941901408450703 0.11854460093896714
0 0.008816876956181535 0.136837615197357 0.020246478873239437 0.1085680751173709
0 0.02906029929577465 0.12804566597113545 0.01584507042253521 0.12030516431924886
0 0.10699518290297338 0.12803860198226394 0.058978873239436624 0.11267605633802817
0 0.16245506895539907 0.11748500260824205 0.0620598591549296 0.12323943661971831
0 0.23375299540297337 0.13096635367762127 0.05501760563380284 0.10563380281690142
0 0.2971302205594679 0.12627423491566683 0.05061619718309862 0.1085680751173709
0 0.3486251711658842 0.12333996261519736 0.048415492957746525 0.10856807511737088
0 0.3970479998043819 0.1251032429142758 0.058978873239436624 0.11150234741784039
0 0.4591124437597809 0.1368332681272822 0.06558098591549298 0.10387323943661973
0 0.5317259022887324 0.1368321813597635 0.051496478873239465 0.10269953051643194
0 0.5937811766431924 0.14339299687010956 0.04489436619718311 0.21654929577464788
0 0.6668323307902974 0.1416297165710311 0.02728873239436622 0.21361502347417843
0 0.6981043378325509 0.13578073378542865 0.058978873239436624 0.23474178403755866
0 0.7570581474960877 0.14457811684924363 0.022887323943662035 0.22887323943661972
0 0.798897202660407 0.2530472961224135 0.05985915492957743 0.12206572769953049
0 0.8754801814358372 0.25773452443053385 0.057658450704225414 0.11384976525821594
0 0.9366548684467918 0.2530456659711355 0.0506161971830985 0.12030516431924883
0 0.9379777362089202 0.14915286471917927 0.05413732394366204 0.09917840375586859
0 0.8961524354460094 0.15383791949226222 0.03697183098591555 0.08861502347417838
0 0.8398208259976526 0.14740099547904711 0.04621478873239448 0.1085680751173709
0 0.7922831695031299 0.14328975395583377 0.04269366197183078 0.10504694835680753
0 0.03832984888497652 0.42327910363415056 0.054137323943661976 0.16960093896713618
0 0.09466573748043818 0.42035732916014606 0.051056338028169 0.1830985915492958
0 0.15234894610719873 0.46492131803164666 0.08670774647887325 0.14319248826291087
0 0.24696700166275426 0.49537906451051994 0.06910211267605636 0.0798122065727699
0 0.32178360964397495 0.5147621065901582 0.05853873239436618 0.09800469483568072
0 0.3825239632237871 0.4877972309163624 0.0598591549295775 0.1308685446009389
0 0.38252304626369327 0.4061771865762476 0.058538732394366216 0.07981220657277001
0 0.44370109546165887 0.49658754999130594 0.05633802816901405 0.11737089201877937
0 0.5123606220657279 0.45495837680403406 0.05281690140845059 0.15786384976525814
0 0.5959882995892019 0.4684560293861937 0.05413732394366204 0.1578638497652582
0 0.6589263008607198 0.4743175099982612 0.05105633802816898 0.15023474178403756
0 0.7368312304381847 0.4725612936880543 0.051056338028169064 0.1549295774647887
0 0.7909596904342724 0.4637345679012346 0.0382922535211266 0.1291079812206573
0 0.8327755159428794 0.46662428273343765 0.04181338028169029 0.0809859154929577
0 0.8913231122848201 0.4713875847678664 0.05457746478873228 0.1549295774647887
0 0.9489757555751174 0.45613643279429666 0.04621478873239448 0.16255868544600938
0 0.007975718896713615 0.6726341071118066 0.07658450704225352 0.10680751173708929
0 0.10613354606807511 0.6503640671187618 0.0858274647887324 0.1396713615023475
0 0.20293091011345854 0.653269540079986 0.037411971830985914 0.1085680751173709
0 0.24170303941705787 0.6427702790818988 0.09463028169014084 0.17781690140845083
0 0.34777545481220656 0.6620875717266562 0.09242957746478875 0.125
0 0.4706453565140845 0.7735339506172839 0.1941021126760563 0.06455399061032865
0 0.6713294087441315 0.6802175708572421 0.16505281690140844 0.057511737089201896
0 0.6761932707355242 0.7840918970613806 0.19718309859154926 0.05868544600938964
0 0.9063151041666667 0.7166172187445661 0.09375 0.07335680751173712
0 0.8992777410993741 0.7993452225699879 0.10079225352112675 0.05340375586854449
0 0.889148082942097 0.9208474613110764 0.09154929577464783 0.07863849765258216
0 0.8112330668035994 0.9149772865588592 0.07702464788732391 0.07687793427230044
0 0.7333226354655713 0.9179131890106069 0.06910211267605619 0.07863849765258206
0 0.6329885563380282 0.9073552425665102 0.09507042253521128 0.08450704225352107
0 0.3182719581377152 0.8850824856546687 0.07218309859154928 0.11443661971830991
0 0.23024898523082946 0.8657347635193879 0.07966549295774641 0.13438967136150234
0 0.13562298268779344 0.8610442749087116 0.08582746478873238 0.1390845070422535
0 0.05287314162754304 0.8639758302903844 0.08098591549295775 0.13615023474178395
0 0.006636651506259781 0.24834430968527219 0.04973591549295776 0.11326291079812202
0 0.05857418818466354 0.2512796687532603 0.05105633802816902 0.11443661971830982
0 0.10963419405320815 0.24424013215093027 0.05633802816901407 0.11737089201877932
0 0.1659737504890454 0.23485752477829944 0.058538732394366216 0.125
0 0.24695110768779344 0.23659852634324466 0.046214788732394395 0.10387323943661976
0 0.2958192732785603 0.23955507737784734 0.06426056338028165 0.12793427230046944
0 0.36578271713615024 0.24716462354373156 0.03697183098591547 0.10680751173708913
0 0.40188924344679183 0.24423578508085553 0.0585387323943663 0.11267605633802814
0 0.4560345143779343 0.24364512693444618 0.06998239436619708 0.1085680751173709
0 0.5268910773669796 0.24541384107111805 0.06117957746478879 0.11737089201877937
