0 0.22100144268388106 0.3623201399756564 0.07306338028169014 0.24941314553990612
0 0.1505758509389671 0.355854416623196 0.06866197183098595 0.23826291079812206
0 0.46482449383802815 0.0530038254216658 0.05149647887323938 0.20187793427230047
0 0.022933171948356805 0.35995750739001914 0.06602112676056338 0.23298122065727697
0 0.6664206157081377 0.04715701617110067 0.06822183098591555 0.22535211267605632
0 0.5898358030125196 0.08116251521474525 0.06778169014084506 0.19072769953051644
0 0.7474086707746478 0.05008368109893932 0.07130281690140852 0.2171361502347418
0 0.4001262348395931 0.054171557120500785 0.05501760563380284 0.19542253521126757
0 0.45206224325117367 0.3728411363241176 0.054137323943661955 0.20363849765258216
0 0.0924644219483568 0.36874836984872195 0.05017605633802818 0.22007042253521125
0 0.32441834164710487 0.7261014388801948 0.049735915492957694 0.17546948356807515
0 0.15540547975352112 0.033060011302382196 0.051496478873239424 0.21185446009389675
0 0.3772416617762128 0.36759313597635196 0.058978873239436624 0.24002347417840383
0 0.2161550029342723 0.038348765432098766 0.06602112676056342 0.2194835680751174
0 0.5414597393388106 0.35646354981742306 0.12455985915492952 0.2623239436619718
0 0.5273220486111111 0.07588354199269692 0.047975352112676006 0.1936619718309859
0 0.28524336120892024 0.03715821161537124 0.04621478873239436 0.20129107981220656
0 0.3415844459115806 0.043611980525126076 0.05061619718309862 0.19953051643192488
0 0.32617493153364635 0.3711071987480438 0.04401408450704222 0.23239436619718312
0 0.7963037338615022 0.37640627716918795 0.12808098591549297 0.2511737089201878
0 0.049345290492957744 0.045979503564597464 0.07130281690140845 0.2212441314553991
0 0.09421551007433489 0.7072900365153886 0.036531690140845084 0.14084507042253522
0 0.842924735915493 0.054786667536080684 0.07922535211267609 0.22593896713615022
0 0.12418421116979655 0.745506216310207 0.09286971830985916 0.2171361502347418
0 0.4705695544796557 0.7373217701269345 0.08494718309859156 0.251173708920188
0 0.5687090424491392 0.7473059033211616 0.06778169014084515 0.25938967136150226
0 0.25092612969483574 0.7349509867849069 0.06602112676056338 0.22593896713615017
0 0.6818906494522692 0.8123331811858806 0.16197183098591547 0.13673708920187802
