0 0.19259795096021948 0.08828684651729919 0.11882716049382719 0.3497942386831276
0 0.21072450488683125 0.5136883668648072 0.10995370370370373 0.3389917695473252
0 0.6111780907064472 0.3727852080475537 0.09645061728395056 0.3858024691358024
0 0.7153503836591221 0.3943410874866636 0.10455246913580238 0.33281893004115226
0 0.8742726015946503 0.18961857948483463 0.0636574074074073 0.3436213991769547
0 0.934459126371742 0.16847660417619265 0.0655864197530865 0.28806584362139914
0 0.646331929441015 0.7707861796982168 0.16242283950617292 0.22685185185185175
0 0.0015850051440329219 0.25019480643194636 0.06018518518518518 0.2103909465020576
0 0.003908661265432099 0.5254662970583753 0.07291666666666666 0.28137860082304517
0 0.4205884559327846 0.05852528196921201 0.09182098765432103 0.42952674897119336
