0 0.00046978922143974965 0.11296839680055643 0.042693661971830985 0.3157276995305165
0 0.04318056778169014 0.10710637280472961 0.06734154929577467 0.3227699530516432
0 0.12020582697574335 0.11180392540427751 0.06822183098591549 0.3257042253521127
0 0.19942659428794995 0.11767355677273518 0.061619718309859156 0.32687793427230044
0 0.2667757849178404 0.12354916536254566 0.07262323943661969 0.3345070422535212
0 0.34468010318857595 0.12649539210572075 0.07174295774647876 0.3474178403755869
0 0.4362214519757433 0.1317531733611546 0.06029929577464791 0.3215962441314554
0 0.5088462196791863 0.15112480438184664 0.0625 0.32746478873239443
0 0.584552890258216 0.16755509911319771 0.06602112676056338 0.3257042253521127
0 0.6659783352895149 0.16168655451225875 0.06514084507042266 0.3257042253521126
0 0.7408053354851329 0.1658026864893062 0.06954225352112675 0.3345070422535211
0 0.8301612627151799 0.18049578334202745 0.08010563380281689 0.35798122065727694
0 0.9137919967723005 0.18343005564249698 0.08582746478873243 0.35798122065727705
0 0.0004667326877934273 0.5108334420100851 0.03829225352112676 0.2916666666666667
0 0.03790162852112676 0.5120142149191446 0.07130281690140844 0.2992957746478873
0 0.11052333969092333 0.517896344114067 0.06910211267605633 0.3139671361502348
0 0.18754584800469484 0.5266953573291602 0.06602112676056338 0.3098591549295775
0 0.2579644097222223 0.5413786732742132 0.06029929577464787 0.32276995305164324
0 0.33279232687793425 0.5619120587723874 0.06602112676056342 0.3157276995305165
0 0.5009215448943662 0.5589913710659015 0.059419014084507026 0.33039906103286387
0 0.5704699114827856 0.5595842027473483 0.06822183098591547 0.33685446009389663
0 0.6439850474374021 0.5813173795861589 0.08494718309859163 0.35798122065727705
0 0.7355315923317682 0.5912955355590331 0.08098591549295785 0.35974178403755863
0 0.819155602014867 0.5989202964701791 0.07702464788732391 0.35504694835680756
0 0.9190669625391237 0.6147479786124153 0.07614436619718311 0.3362676056338027
