0 0.36625861942488264 0.2854052556077204 0.08846830985915494 0.20950704225352113
0 0.2610560935054773 0.29244044513997564 0.07570422535211267 0.20187793427230055
0 0.6334115805946792 0.317075291253695 0.07042253521126764 0.18779342723004694
0 0.78835185592723 0.3317357850808555 0.08582746478873243 0.176056338028169
0 0.08060109790688577 0.3182332420448617 0.07966549295774648 0.17077464788732397
0 0.13121515551643192 0.6198552425665101 0.07658450704225352 0.147887323943662
0 0.27912356954225354 0.04357720396452791 0.10695422535211267 0.1619718309859155
0 0.17830441852503912 0.30709767866458015 0.06822183098591551 0.1866197183098591
0 0.5576923782276996 0.33232589984350547 0.04885563380281689 0.17957746478873238
0 0.7174998777386542 0.021279994783515912 0.10123239436619716 0.16549295774647887
0 0.5207547804186229 0.18372782994261866 0.09815140845070426 0.045774647887323966
0 0.47671074188184664 0.3053561337158755 0.055017605633802764 0.2071596244131456
0 0.23728940483176836 0.5957730177360459 0.07702464788732395 0.125
0 0.33103634829812206 0.591698726308468 0.07262323943661969 0.16138497652582162
0 0.5656439505086072 0.6022784081029385 0.09066901408450702 0.17899061032863847
0 0.43095382188967135 0.6116718831507564 0.08054577464788737 0.18309859154929575
0 0.8380727944053207 0.030081724917405666 0.06426056338028177 0.1643192488262911
0 0.0643070226917058 0.01597385237350026 0.06690140845070422 0.1390845070422535
0 0.14091537069640064 0.18666753608068162 0.10123239436619717 0.05164319248826291
0 0.6294402264280126 0.06409265779864372 0.05589788732394364 0.13556338028169013
0 0.04890178746087637 0.5952247435228656 0.06646126760563381 0.16666666666666666
0 0.5259967356220656 0.6075188010780734 0.04093309859154941 0.13438967136150234
0 0.8812276873043818 0.32294166231959665 0.0946302816901408 0.1854460093896713
0 0.20601800909624413 0.098070987654321 0.046214788732394395 0.07159624413145539
0 0.8094776995305164 0.6086990306033734 0.08450704225352107 0.1414319248826291
0 0.9283065580985915 0.023626325856372803 0.07130281690140852 0.1643192488262911
0 0.640479508998435 0.879802969048861 0.10739436619718311 0.1167840375586854
0 0.13959372554773083 0.8498902364806121 0.09947183098591549 0.134976525821596
0 0.5106321522887324 0.8422687358720223 0.09903169014084515 0.1431924882629108
0 0.29055408841940533 0.8322965571205008 0.08802816901408449 0.14788732394366208
0 0.08057695129107982 0.8575090201704052 0.04489436619718311 0.12382629107981215
0 0.02556026261737089 0.8821444096678839 0.046214788732394374 0.11032863849765251
0 0.7632888913341159 0.8452008346374543 0.12191901408450702 0.14084507042253522
0 0.9159841427034429 0.8921133281168492 0.07350352112676053 0.10211267605633813
0 0.00047162314162754303 0.018341918796731 0.04533450704225352 0.16138497652582162
0 0.0017917400234741785 0.4583990827682142 0.0448943661971831 0.07100938967136154
0 0.9305029831768388 0.6221879890453834 0.06514084507042257 0.13204225352112675
0 0.7016251589397496 0.6004819813945402 0.058538732394366216 0.14025821596244126
0 0.5422993691314555 0.008373543731524954 0.06602112676056338 0.17018779342723003
