0 0.4767547559663537 0.15979557902973396 0.11839788732394364 0.18485915492957747
0 0.7249993886932707 0.4907494348808903 0.12588028169014082 0.15023474178403756
0 0.8442454641040688 0.18386313249869587 0.07966549295774648 0.19190140845070422
0 0.42001785015649457 0.4619142323074248 0.17781690140845066 0.06455399061032871
0 0.7025457868740219 0.13517757781255435 0.11663732394366196 0.21713615023474178
0 0.23646750293427227 0.45426664927838645 0.16109154929577466 0.04460093896713607
0 0.248780748728482 0.5176453008172491 0.14568661971830987 0.04284037558685451
0 0.12417198503521126 0.28772441749260996 0.07526408450704226 0.17899061032863853
0 0.17701425567292642 0.8028696096331073 0.11179577464788736 0.05692488262910792
0 0.4182569811228482 0.5446645148669796 0.17737676056338034 0.06866197183098595
0 0.051539575997652576 0.2918160972004869 0.062059859154929585 0.16138497652582157
0 0.24746216011345853 0.615050643366371 0.1483274647887324 0.02934272300469487
0 0.6131660186815336 0.17329160146061554 0.07174295774647885 0.18309859154929578
0 0.33325508607198745 0.2155157798643714 0.09859154929577467 0.15140845070422537
0 0.025625978090766822 0.04532363936706659 0.1408450704225352 0.14671361502347416
0 0.6061454665492958 0.7864795252999478 0.10299295774647885 0.10211267605633802
0 0.6004383069248826 0.4274251217179621 0.1241197183098592 0.21068075117370896
0 0.3205044503129891 0.7664759389671362 0.11795774647887325 0.04753521126760568
0 0.6131907766040688 0.6972613458528951 0.10739436619718311 0.08450704225352107
0 0.33634004548122065 0.11157353069031473 0.10431338028169017 0.07687793427230045
0 0.21397416617762124 0.20203877586506697 0.09463028169014084 0.1737089201877934
0 0.7372976574726133 0.7137334811337158 0.08890845070422541 0.12793427230046944
0 0.0005379499217527387 0.7835316684054947 0.1408450704225352 0.08744131455399053
0 0.46484741784037564 0.7131835767692575 0.08450704225352115 0.16784037558685452
0 0.18580698601330203 0.8832599765258216 0.09727112676056338 0.047535211267605786
0 0.30862523229655714 0.842175817249174 0.12455985915492956 0.042840375586854405
0 0.1814074114827856 0.7518100113023822 0.09991197183098591 0.05340375586854449
0 0.9001473249217528 0.8146599504434011 0.08538732394366187 0.11443661971830982
0 0.19420664612676058 0.007670948530690315 0.15052816901408453 0.04518779342723005
0 0.36231324579420976 0.008841940532081378 0.11135563380281689 0.04225352112676056
0 0.535275149158842 0.0006363023821944011 0.09198943661971831 0.05340375586854461
0 0.6321498435054773 0.008821835332985568 0.1549295774647888 0.020539906103286387
0 0.03216543182707355 0.5459034298382891 0.05061619718309859 0.1390845070422535
0 0.0026683538732394365 0.31410026517127454 0.03961267605633803 0.14377934272300474
