0 0.6508511766975309 0.5133773433927755 0.003472222222222222 0.0030864197530864547
0 0.8006148726851853 0.06084390717878372 0.1076388888888889 0.15586419753086417
0 0.7732183427640603 0.80669819768328 0.10108024691358032 0.12294238683127566
0 0.7859519675925927 0.7161236854138088 0.10416666666666667 0.08024691358024698
0 0.7917373971193417 0.6420338934613625 0.10185185185185175 0.06327160493827175
0 0.7948281035665293 0.5407259754610578 0.10802469135802475 0.095164609053498
0 0.783651352451989 0.41368503276939494 0.12461419753086428 0.1131687242798354
0 0.7959884580761316 0.3169591144642585 0.11226851851851857 0.09362139917695471
0 0.7894375857338821 0.22281378600823046 0.12345679012345667 0.08333333333333333
0 0.6767773705418381 0.08652072854747751 0.1149691358024692 0.10905349794238683
0 0.6690594457304526 0.2048444406340497 0.11226851851851849 0.12088477366255146
0 0.6609624164094651 0.3303140717878372 0.11921296296296285 0.07253086419753085
0 0.6655928497942387 0.4167433508611492 0.12037037037037039 0.08281893004115227
0 0.6713726530349794 0.5073083371437281 0.10995370370370373 0.11522633744855969
0 0.672532471707819 0.6389717649748514 0.11342592592592596 0.08950617283950614
0 0.675992101766118 0.738757430269776 0.09529320987654326 0.08024691358024688
0 0.6713576496056242 0.8298401539399481 0.08834876543209881 0.1162551440329218
0 0.5567933384773662 0.8323997866178935 0.1157407407407408 0.10288065843621408
0 0.44528865526406036 0.8236744589239444 0.10455246913580246 0.12397119341563799
0 0.3307029106652949 0.8221226756591983 0.10108024691358024 0.11471193415637873
0 0.19376714677640605 0.8236520728547476 0.13580246913580246 0.09979423868312773
0 0.29021856781550065 0.7192239178478891 0.13695987654320987 0.095164609053498
0 0.18679457090192042 0.7253938995579943 0.09529320987654326 0.09207818930041153
0 0.1821815522119342 0.6225203856119494 0.11921296296296294 0.09979423868312752
0 0.3071917331104252 0.6358782007315958 0.1338734567901235 0.08179012345679006
0 0.551002282664609 0.72230462200884 0.10995370370370373 0.08899176954732509
0 0.4464420438957476 0.6266427564395671 0.09876543209876532 0.1075102880658437
0 0.43526556069958844 0.7433741998171011 0.1157407407407408 0.06635802469135799
0 0.41944444444444445 0.3031054717268709 0.1111111111111111 0.13168724279835392
0 0.41135920353223593 0.43476175506782505 0.13503086419753088 0.09825102880658435
0 0.42716692386831273 0.536086819844536 0.12037037037037039 0.0848765432098765
0 0.31257823216735253 0.5453527472946198 0.11265432098765428 0.09207818930041153
0 0.2902030285493827 0.41521585886297824 0.11458333333333329 0.09979423868312752
0 0.17870450745884775 0.3941715249199817 0.11226851851851853 0.14969135802469144
0 0.19027536651234572 0.5437942958390489 0.10763888888888885 0.07561728395061725
0 0.2844159915123457 0.2336314967230605 0.11458333333333333 0.09979423868312759
0 0.15402172282235937 0.21818987197073617 0.12461419753086422 0.08950617283950617
0 0.25047314386145403 0.11223946425849718 0.12577160493827158 0.10751028806584362
0 0.38203178583676267 0.08962143728090229 0.12577160493827166 0.12448559670781895
0 0.5544683427640604 0.19561756973022404 0.10108024691358024 0.1558641975308642
0 0.5351916152263374 0.3653073083371437 0.12037037037037039 0.08744855967078191
0 0.5193892532578875 0.10964077503429355 0.1427469135802469 0.07870370370370372
0 0.5486882716049384 0.4620546601127877 0.11111111111111104 0.13014403292181073
0 0.5510038901748971 0.5968197492760249 0.11226851851851849 0.12088477366255153
0 0.033638760288065846 0.04894975994513032 0.10648148148148148 0.08796296296296297
0 0.057554494598765424 0.1626266956256668 0.10069444444444446 0.08127572016460902
0 0.003931434327846365 0.7495498971193416 0.10570987654320987 0.06944444444444445
0 0.0027748306755829904 0.8282802735863435 0.10686728395061729 0.09825102880658444
0 0.005078660836762687 0.6055665104404815 0.09104938271604937 0.12294238683127577
0 0.5270897633744855 0.01088677411979881 0.12037037037037047 0.09104938271604938
0 0.4024761016803841 0.013961762688614541 0.1211419753086419 0.0787037037037037
0 0.25164876971879285 0.021663999390336836 0.15200617283950615 0.06378600823045269
0 0.13780569487311387 0.026331256668190823 0.10686728395061729 0.10442386831275718
0 0.08686315800754459 0.34114464258497185 0.08294753086419754 0.10288065843621397
