0 0.2415948645404664 0.47189167047706143 0.11882716049382719 0.19855967078189302
0 0.05996522419410151 0.17250990702636795 0.23881172839506173 0.1995884773662551
0 0.6490596064814815 0.5382401691815272 0.20138888888888873 0.18827160493827164
0 0.03367868012688614 0.47193120332266425 0.16396604938271606 0.2412551440329217
0 0.6309686856995884 0.05721784026825179 0.26157407407407407 0.1286008230452675
0 0.3527863511659808 0.06130401234567902 0.2345679012345679 0.09722222222222222
0 0.43298236025377224 0.4944830246913581 0.16126543209876548 0.1527777777777778
0 0.6043743034122085 0.19054402911141594 0.2989969135802468 0.2319958847736626
0 0.331591595936214 0.20232862749580857 0.2696759259259258 0.1815843621399177
0 0.12126414609053497 0.8920753315043437 0.17592592592592593 0.10802469135802475
0 0.3450057334533608 0.8781931108062796 0.14158950617283952 0.11522633744855969
0 0.5155408736282578 0.8853885650053345 0.15663580246913586 0.10853909465020571
0 0.3434627914951989 0.7994393956713917 0.14197530864197533 0.0612139917695473
0 0.6953312542866942 0.8627633935375705 0.165895061728395 0.11779835390946508
