0 0.483829518175583 0.49703360768175586 0.047839506172839524 0.12962962962962962
0 0.4329019847393689 0.46203798963572623 0.04552469135802476 0.11213991769547328
0 0.3873772933813443 0.440941739064167 0.0455246913580246 0.10596707818930043
0 0.6338994448731138 0.42857938957475994 0.03742283950617286 0.08796296296296302
0 0.22768802512002742 0.7100627762536199 0.09297839506172842 0.2011316872427983
0 0.32414024991426615 0.7450422001219326 0.09529320987654322 0.2011316872427983
0 0.4259661136831276 0.7855652720621856 0.057870370370370315 0.07716049382716042
0 0.429443962191358 0.8719793095564701 0.06597222222222214 0.07098765432098762
0 0.5000329539609053 0.7840920781893005 0.04745370370370373 0.1527777777777778
0 0.555590117026749 0.8252076665142508 0.04976851851851849 0.11316872427983535
0 0.6134811171124829 0.8041271338210639 0.07947530864197525 0.12397119341563788
0 0.2048972800925926 0.505763698369151 0.052083333333333294 0.11368312757201651
0 0.16283704132373117 0.5103918991007468 0.04089506172839504 0.11213991769547334
0 0.08454110939643347 0.4877524386526444 0.07253086419753087 0.10596707818930053
0 0.045983099708504796 0.22284998475842097 0.10455246913580246 0.12242798353909466
0 0.15941920653292183 0.2382749390336839 0.11921296296296298 0.11471193415637858
0 0.1424463091563786 0.11533874409388813 0.12268518518518516 0.12139917695473254
0 0.2844066143689986 0.19098412970583753 0.10108024691358024 0.15174897119341563
0 0.3920540766460906 0.20024148376771833 0.11342592592592587 0.14969135802469136
0 0.5112630208333333 0.2398152911141594 0.1076388888888889 0.11162551440329223
0 0.6540045760459534 0.1379596288675507 0.0999228395061727 0.1075102880658436
0 0.7732199502743484 0.12613787913427832 0.10339506172839508 0.117798353909465
0 0.8719939557613168 0.1581037570492303 0.1157407407407408 0.19650205761316872
0 0.7315082733196161 0.4316767642127724 0.03858024691358016 0.09979423868312752
0 0.8175532085905348 0.468223212924859 0.0543981481481481 0.12551440329218116
0 0.9479458697702332 0.46978880887059904 0.04205246913580254 0.14969135802469138
0 0.8742653677983538 0.4605171658283798 0.0532407407407408 0.13631687242798343
0 0.0008605538408779149 0.6103752286236854 0.1280864197530864 0.3163580246913581
0 0.7064254865397805 0.8323874028349336 0.030478395061728412 0.08950617283950624
0 0.74500359010631 0.8370084590763603 0.027391975308641906 0.08024691358024688
0 0.7789485811042525 0.8236449283645785 0.01929012345679 0.09207818930041164
0 0.8040343149862825 0.822113149672306 0.031635802469135714 0.10442386831275735
0 0.8426083997770918 0.8190210143270843 0.02276234567901238 0.09825102880658435
0 0.8707768025548698 0.8221031473860692 0.02970679012345667 0.09362139917695482
0 0.9267235189471879 0.8159360234720318 0.03742283950617286 0.09979423868312752
0 0.9660729595336077 0.8082304526748971 0.033950617283950636 0.1111111111111111
