0 0.6061341573748045 0.15384987393496785 0.08670774647887325 0.1015258215962441
0 0.7275858274647888 0.1721184359241871 0.04753521126760552 0.18368544600938969
0 0.8886886859350548 0.19381085898104675 0.06382042253521121 0.16079812206572772
0 0.5185577440336463 0.6796872283081203 0.10343309859154926 0.11854460093896722
0 0.057731196205007836 0.673238893235959 0.10475352112676056 0.12617370892018784
0 0.7738000048904539 0.17094146670144322 0.04665492957746472 0.18016431924882628
0 0.14309865267996869 0.16675197791688404 0.07614436619718314 0.09213615023474175
0 0.0467175885172144 0.5012649973917579 0.09022887323943662 0.0985915492957748
0 0.49874131944444444 0.4983182272648235 0.08890845070422541 0.08509389671361504
0 0.2861688795970266 0.6738279212310903 0.11135563380281693 0.12852112676056332
0 0.4142446694053209 0.6849662015301686 0.10387323943661973 0.11561032863849766
0 0.6505932731807512 0.6638503086419753 0.09374999999999992 0.1273474178403757
0 0.18800066021126763 0.6749864154060163 0.0871478873239436 0.11208920187793422
0 0.1497209384780908 0.49364023648061206 0.10519366197183096 0.10328638497652586
0 0.839834580399061 0.4449579420970266 0.06602112676056338 0.13204225352112675
0 0.9511801276408451 0.19146398452443056 0.051496478873239465 0.1613849765258216
0 0.5282368691314554 0.2724080594679186 0.09771126760563385 0.11619718309859157
0 0.24125861942488264 0.16616240653799338 0.08846830985915494 0.08920187793427227
0 0.6153810886150235 0.4959670057381325 0.09242957746478864 0.08098591549295775
0 0.1351895662167449 0.31229297078768914 0.09551056338028172 0.09330985915492955
0 0.9141982100938967 0.46899234915666843 0.03697183098591555 0.10328638497652576
0 0.24346451975743347 0.2788612849939141 0.0959507042253521 0.11384976525821594
0 0.2712016456377152 0.5012595635541643 0.10783450704225347 0.09272300469483578
0 0.8213520270931143 0.21257281342375242 0.07086267605633796 0.14201877934272297
0 0.7483048464397495 0.7189809380977222 0.09419014084507056 0.09096244131455396
0 0.1347485084115806 0.8839104068857591 0.09419014084507044 0.11619718309859153
0 0.5264903658059468 0.8622185272126586 0.11795774647887332 0.1396713615023476
0 0.39621020393192496 0.8739398582855156 0.12015845070422526 0.12265258215962431
0 0.951177682413928 0.895043253347244 0.04797535211267608 0.09741784037558673
0 0.8486563478090766 0.8979802425665102 0.09330985915492959 0.10035211267605619
0 0.6259499706572771 0.8698345939836549 0.10035211267605627 0.125586854460094
0 0.027358421361502346 0.8798062293514172 0.10035211267605633 0.12030516431924883
0 0.08234912949921752 0.20019561815336465 0.06161971830985914 0.08450704225352107
0 0.35129016285211273 0.17381053295079119 0.08318661971830983 0.10974178403755867
0 0.34909434908059467 0.3017361111111111 0.09022887323943662 0.1003521126760563
0 0.6281381430946792 0.26008520257346546 0.08230633802816906 0.11737089201877932
0 0.3931114901212832 0.4977373500260824 0.09463028169014089 0.09154929577464783
0 0.7821801031885758 0.6508873456790125 0.07174295774647893 0.07100938967136143
0 0.8865023474178404 0.6292726264997393 0.08450704225352124 0.17781690140845072
0 0.7368660749217527 0.8751157407407407 0.10123239436619716 0.125
0 0.2364155418622848 0.8903598287254391 0.0862676056338028 0.10974178403755865
