0 0.0005798244327073552 0.15440575552077898 0.20114436619718307 0.068075117370892
0 0.024785431338028168 0.088077616936185 0.19806338028169018 0.053403755868544595
0 0.2219156518974961 0.084051686663189 0.12191901408450702 0.14201877934272303
0 0.3592041397691706 0.0793682620413841 0.07086267605633804 0.15434272300469484
0 0.5419209702660407 0.04642942531733612 0.15492957746478872 0.0733568075117371
0 0.5731550762910799 0.13215201704051469 0.13204225352112675 0.11854460093896711
0 0.7179944248826291 0.013599265345157366 0.1795774647887323 0.10974178403755869
0 0.7114027044209703 0.13331757520431228 0.19454225352112675 0.1097417840375587
0 0.9225859497261346 0.03413047730829421 0.07306338028169014 0.10035211267605633
0 0.9252280174100156 0.1491561250217353 0.0748239436619719 0.10269953051643191
0 0.893120048415493 0.48131955312119634 0.10695422535211271 0.10680751173708919
0 0.6180907056924883 0.45609350547730826 0.19146126760563378 0.11619718309859153
0 0.6977100449921753 0.3322536298035124 0.125 0.10152582159624414
0 0.8455958406690142 0.3345956138062946 0.12279929577464783 0.09565727699530518
0 0.6814526481807512 0.6467929490523388 0.16505281690140844 0.08568075117370902
0 0.6814474520735524 0.7383612632585638 0.15757042253521128 0.10622065727699531
0 0.8517229680164319 0.7031793383759347 0.07262323943661973 0.13791079812206566
0 0.9278639720266041 0.6797258085550338 0.06778169014084515 0.1602112676056339
0 0.5638968358763693 0.7043079464440967 0.1100352112676056 0.08920187793427235
0 0.5784113972026604 0.636796861415406 0.0955105633802816 0.06455399061032865
0 0.33851965962441316 0.6719940010432969 0.07394366197183101 0.04929577464788729
0 0.16516682560641627 0.6696498435054773 0.1641725352112676 0.052816901408450724
0 0.12951083235524255 0.7618207703008172 0.15757042253521128 0.0903755868544601
0 0.0071110255281690155 0.7001744261867501 0.09903169014084506 0.0616197183098592
0 0.005350462147887323 0.77001336724048 0.09903169014084506 0.06514084507042252
0 0.017234876271518 0.6232905146930968 0.09991197183098591 0.05516431924882631
0 0.5392483372456964 0.9413667188315076 0.10915492957746473 0.05633802816901395
0 0.019490903755868542 0.9067765388628064 0.17957746478873243 0.09330985915492965
0 0.25492438135758994 0.3040960267779517 0.11927816901408449 0.11384976525821594
0 0.21928489338810644 0.42675186924013214 0.13644366197183097 0.11737089201877932
0 0.3767957135172144 0.4032901886628413 0.050616197183098656 0.13086854460093897
0 0.07888271469092333 0.4067673013388976 0.1404049295774648 0.08333333333333333
0 0.11627756993348984 0.2776805120848548 0.11575704225352111 0.10622065727699531
0 0.006214238556338028 0.34575943314206226 0.07526408450704225 0.11032863849765256
