0 0.7800283035015649 0.3963756303251609 0.1421654929577465 0.26877934272300463
0 0.7997848200312988 0.734982503042949 0.07042253521126772 0.2599765258215963
0 0.931394574041471 0.7531603199443575 0.08142605633802825 0.24413145539906098
0 0.8024281103286384 0.005488719353155973 0.07394366197183094 0.22359154929577466
0 0.0638604631259781 0.312501630151278 0.05765845070422536 0.31866197183098594
0 0.9344581377151799 0.33421307163971486 0.05633802816901405 0.3163145539906102
0 0.7218798904538342 0.007246022430881586 0.07042253521126772 0.22007042253521128
0 0.46703375635759 0.329517149191445 0.06382042253521128 0.31514084507042256
0 0.3261889915884194 0.35470407320466 0.06426056338028169 0.2634976525821596
0 0.6316470437206573 0.0007944270561641454 0.06470070422535217 0.22417840375586853
0 0.40320569248826293 0.34648974091462353 0.05281690140845075 0.2652582159624413
0 0.10127212930359938 0.7032689966962268 0.05721830985915495 0.23474178403755874
0 0.8979350058685447 0.0008025778125543384 0.0686619718309858 0.232981220657277
0 0.2628001516040689 0.34299089288819334 0.051936619718309866 0.28931924882629106
0 0.2540046703834116 0.00549197965571205 0.0625 0.227112676056338
0 0.03921043622848201 0.00430794644409668 0.05457746478873239 0.215962441314554
0 0.28965302230046946 0.7461071987480438 0.058098591549295815 0.23239436619718326
0 0.407176741001565 0.7320341027647367 0.06690140845070418 0.24471830985915485
0 0.6162405858763692 0.3699671796209355 0.0625 0.2687793427230047
0 0.5471412240805947 0.004912189184489654 0.0664612676056337 0.2347417840375587
0 0.17521273474178403 0.014866979655712051 0.05281690140845073 0.21126760563380284
0 0.600397349374022 0.7320427969048862 0.06514084507042249 0.2541079812206572
0 0.2060225938967136 0.35705149104503564 0.05281690140845071 0.2634976525821596
0 0.5400974422926448 0.3588185750304295 0.0642605633802816 0.2705399061032864
0 0.3226703100547731 0.0025571639714832206 0.0677816901408451 0.22652582159624415
0 0.47187408303990613 0.005494153190749435 0.062059859154929516 0.22946009389671362
0 0.010598224765258216 0.30017225265171277 0.050176056338028165 0.3127934272300468
0 0.16640472173317683 0.3734752651712746 0.04533450704225353 0.25469483568075113
0 0.5392104362284821 0.7226335637280473 0.05457746478873236 0.23298122065727692
0 0.397052890258216 0.006072313510693792 0.06602112676056338 0.22007042253521128
0 0.7407842454029734 0.4455991349330551 0.03917253521126772 0.19072769953051633
0 0.8719593603286384 0.7478704790471222 0.058098591549295815 0.2353286384976525
0 0.11842875831377153 0.37522224395757264 0.044454225352112665 0.24002347417840378
0 0.6897318808685445 0.44794709615719003 0.04489436619718319 0.19131455399061031
0 0.11095431093505478 0.014868066423230745 0.055897887323943664 0.21244131455399062
0 0.6791782814945228 0.7437440227786472 0.058978873239436624 0.2153755868544601
0 0.16377090669014085 0.7179398148148148 0.05545774647887326 0.23415492957746487
0 0.036570508118153364 0.714433902799513 0.055897887323943664 0.2505868544600941
0 0.4885884316314554 0.7285075421665798 0.046214788732394395 0.23884976525821594
0 0.3600721953247261 0.7203138584593984 0.05325704225352115 0.2629107981220657
0 0.23638528217918622 0.7384655929403582 0.04269366197183098 0.21889671361502352
0 0.7381568490805946 0.7302556077203964 0.058538732394366064 0.2253521126760563
