0 0.5000501271517996 0.14346254999130587 0.07218309859154926 0.29166666666666663
0 0.42874119718309855 0.1358367023126413 0.0633802816901408 0.29518779342723
0 0.1501326535602504 0.5102362632585636 0.06426056338028169 0.28051643192488274
0 0.4872768730438185 0.507306338028169 0.058978873239436624 0.28521126760563387
0 0.22803513791079813 0.5090592940358198 0.06073943661971831 0.2769953051643193
0 0.28570061864241003 0.5125755303425492 0.07086267605633796 0.27171361502347413
0 0.346440360915493 0.1340761389323596 0.07130281690140844 0.2951877934272301
0 0.020292938184663538 0.5032124847852547 0.06690140845070422 0.3004694835680751
0 0.6906234717331768 0.1645724656581464 0.06117957746478879 0.2734741784037559
0 0.41861704078638495 0.5032168318553294 0.0620598591549296 0.3051643192488263
0 0.3657931093505477 0.5084507042253521 0.051936619718309866 0.25352112676056343
0 0.7447629352503912 0.513764997391758 0.06426056338028177 0.28873239436619713
0 0.09070538683489829 0.5061456703182056 0.05237676056338027 0.2992957746478872
0 0.6259221562010955 0.16750130412102243 0.06029929577464783 0.2676056338028168
0 0.5691387910798122 0.15518388106416273 0.05281690140845067 0.2746478873239437
0 0.5563811252934273 0.5114365979829594 0.062059859154929516 0.30927230046948373
0 0.6197565165297338 0.5143469613980177 0.05501760563380292 0.28345070422535207
0 0.8244177303403755 0.5178501564945227 0.04885563380281689 0.2640845070422535
0 0.8349847784624412 0.14640497304816552 0.05413732394366204 0.30046948356807507
0 0.7610487578247263 0.14054240566857937 0.06514084507042242 0.306924882629108
0 0.8794301398669796 0.1522686271952704 0.04137323943661989 0.2951877934272301
0 0.7918662583137716 0.8639758302903844 0.07614436619718311 0.13615023474178395
0 0.14793745109546166 0.8551876847504781 0.07218309859154931 0.15199530516431917
0 0.08278682511737089 0.8516584072335246 0.05809859154929579 0.1431924882629108
0 0.22099227308294214 0.8581197835159102 0.05985915492957743 0.1496478873239437
0 0.016764475743348984 0.844631911841419 0.056338028169014086 0.16021126760563378
0 0.7223133069248827 0.8639807207442185 0.06073943661971839 0.14143192488262898
0 0.6017217454029734 0.8669014084507042 0.07086267605633796 0.12676056338028172
0 0.28437499999999993 0.8610442749087116 0.06338028169014089 0.1390845070422535
0 0.6862055580007825 0.8622136367588246 0.03741197183098587 0.13438967136150234
0 0.45207752591940525 0.877460985046079 0.07614436619718311 0.12265258215962442
0 0.3451058783255086 0.88918720657277 0.0510563380281691 0.11091549295774648
0 0.5541727797339594 0.8639682229177534 0.05105633802816898 0.12793427230046936
0 0.9639335142801253 0.16282929055816378 0.036091549295774586 0.29225352112676056
0 0.8767831817292645 0.522576508433316 0.03257042253521121 0.29812206572769956
0 0.18980554332942098 0.3404576378021214 0.15096830985915494 0.08861502347417838
