0 0.6514362651604069 0.510136280646844 0.040052816901408446 0.17253521126760568
0 0.6373697916666667 0.33815260389497476 0.06602112676056338 0.1343896713615024
0 0.3393822134194053 0.3868664145366023 0.04841549295774649 0.1396713615023475
0 0.331016480829421 0.6527017040514693 0.044014084507042264 0.1291079812206572
0 0.27204983372456965 0.39449334898278554 0.0616197183098592 0.1373239436619718
0 0.3899953540688576 0.6403663493305513 0.04401408450704222 0.1167840375586854
0 0.5378811497456965 0.3586653408102939 0.041813380281690134 0.10504694835680747
0 0.2790826119913928 0.6661917492609981 0.04797535211267608 0.1208920187793427
0 0.4423684467918623 0.6350993305512084 0.03873239436619716 0.13262910798122063
0 0.5858580301251956 0.3528060337332638 0.044014084507042306 0.11502347417840374
0 0.48417999315336463 0.6233562641279777 0.036091549295774586 0.12617370892018784
0 0.30372866539514864 0.11337213093375065 0.04533450704225351 0.11795774647887326
0 0.7830252347417842 0.7008107285689444 0.021126760563380267 0.11502347417840379
0 0.2561934541275431 0.10868327247435228 0.045334507042253475 0.12441314553990614
0 0.3904361062206573 0.38216614501825774 0.04489436619718311 0.13380281690140847
0 0.4916688062402192 0.36807294383585465 0.04533450704225343 0.12441314553990603
0 0.5303966158059468 0.6145431229351418 0.038732394366197236 0.11502347417840368
0 0.6641982100938967 0.1286249130585985 0.03697183098591547 0.11208920187793428
0 0.945000733568075 0.7688526995305165 0.026408450704225414 0.07922535211267592
0 0.844650149158842 0.6649973917579551 0.028609154929577427 0.0985915492957747
0 0.8552178085876369 0.3211207833420274 0.034771126760563376 0.12030516431924883
0 0.5691280932120502 0.5564890888541123 0.03741197183098587 0.16314553990610323
0 0.6228268045774648 0.12980025213006435 0.03961267605633796 0.11384976525821591
0 0.055063147985133024 0.07408494174926099 0.06558098591549295 0.15258215962441316
0 0.7011703467331769 0.5024539210572074 0.03741197183098595 0.11502347417840379
0 0.00046520442097026607 0.38741740566857935 0.03609154929577465 0.10093896713615028
0 0.7680668647300469 0.4907304164493132 0.030369718309859194 0.12969483568075116
0 0.3882409037558686 0.12216679707876892 0.05281690140845067 0.1091549295774648
0 0.8195627322965572 0.31936891410189533 0.02948943661971839 0.12969483568075116
0 0.9274009071791861 0.6344695487741262 0.034771126760563376 0.08626760563380279
0 0.8992291422143975 0.7835289514866981 0.0308098591549296 0.08450704225352107
0 0.8160391603090766 0.6779092766475395 0.025968309859154853 0.09976525821596242
0 0.7909489925665102 0.3170252999478352 0.02288732394366188 0.13380281690140847
0 0.402317158157277 0.8029027560424273 0.04093309859154925 0.09272300469483567
0 0.45513375391236305 0.7952731046774474 0.04049295774647885 0.0921361502347419
0 0.6100682218309859 0.7741485176491045 0.04753521126760568 0.09448356807511739
0 0.7002830350156495 0.7283961484959138 0.0272887323943663 0.11854460093896711
0 0.7918298855633803 0.8445884411406712 0.02376760563380284 0.11326291079812208
0 0.2548718089788732 0.9038449834811337 0.04357394366197186 0.096244131455399
0 0.6813526995305165 0.9267111154581811 0.021126760563380267 0.07335680751173712
0 0.6593572721048514 0.7606530386019822 0.037852112676056274 0.09683098591549308
0 0.0070807658450704235 0.7665829855677273 0.05545774647887324 0.16314553990610323
0 0.5079500440140845 0.7723939314901757 0.03961267605633796 0.10093896713615017
0 0.7355004156885758 0.8862420665971135 0.036091549295774746 0.09917840375586867
0 0.07134438575899844 0.763036863154234 0.059859154929577454 0.13615023474178395
0 0.004872114632237871 0.0623706746652756 0.04401408450704226 0.1772300469483568
0 0.04404342723004694 0.3774479438358546 0.04225352112676056 0.1085680751173709
0 0.008830020050860721 0.27708224656581465 0.03917253521126761 0.09389671361502352
0 0.0568007873630673 0.2800284733089897 0.032570422535211266 0.10680751173708919
0 0.07044790444053209 0.5863583507216137 0.036531690140845056 0.09800469483568072
0 0.02511767654538341 0.6021969005390366 0.04269366197183099 0.09096244131455396
0 0.00045695178012519565 0.6033744131455399 0.02420774647887324 0.09507042253521127
0 0.7680674760367762 0.18960832898626323 0.03125 0.05868544600938971
0 0.8244103946596244 0.14266160233002956 0.03829225352112676 0.060446009389671325
0 0.8032787436424099 0.19605449052338725 0.03125 0.04870892018779345
0 0.8419998288341157 0.20661298035124326 0.014964788732394475 0.04342723004694836
0 0.8578445936032864 0.20544253173361154 0.014524647887323914 0.046948356807511735
0 0.8745699457159625 0.20309620066075465 0.014524647887323914 0.04812206572769955
0 0.8948155076291081 0.20661624065379935 0.013204225352112707 0.046948356807511735
0 0.8609255795187793 0.14558446357155277 0.014524647887323914 0.048122065727699524
0 0.8816112822769954 0.14793351156320636 0.013204225352112707 0.04988262910798124
0 0.8952587050078246 0.16141866631890106 0.017605633802817048 0.0363849765258216
0 0.7104019953051643 0.14441184141888366 0.021126760563380267 0.04929577464788729
0 0.7328458162167449 0.14793079464440967 0.01628521126760568 0.04694835680751176
0 0.7491328614045383 0.14969353155972873 0.0189260563380281 0.04929577464788735
0 0.7099603261932707 0.1948731742305686 0.018926056338028255 0.040492957746478875
0 0.7306466402582158 0.19370815945053033 0.018485915492957854 0.04988262910798121
0 0.7522107907863851 0.19898930620761607 0.014524647887323756 0.04929577464788735
0 0.597730218114241 0.0035689445313858465 0.02728873239436622 0.051643192488262914
0 0.6210524867957746 0.0029831768388106413 0.01980633802816906 0.0528169014084507
0 0.643936142899061 0.004751347591723179 0.014524647887323994 0.06103286384976527
0 0.6611046923904539 0.002993501130238219 0.01892605633802818 0.06396713615023474
0 0.6809140869522692 0.0018257694314032342 0.02332746478873236 0.07042253521126761
0 0.7011575092918623 0.00476112849939141 0.0189260563380281 0.0715962441314554
0 0.7209617077464789 0.010039014953921057 0.01584507042253512 0.06748826291079811
0 0.733728237480438 0.010043905407755174 0.01936619718309866 0.0727699530516432
0 0.7522144586267607 0.01766812293514172 0.019806338028168904 0.06748826291079814
0 0.7720204910015648 0.020597504781777083 0.01936619718309866 0.062206572769953054
0 0.7865439162754304 0.01767573030777256 0.017605633802816892 0.07570422535211269
0 0.801949762812989 0.028233133368109897 0.0189260563380281 0.06924882629107983
0 0.8833755134976524 0.005912015301686663 0.018485915492957854 0.046948356807511735
0 0.9040654954029733 0.008264323595896366 0.02332746478873244 0.052230046948356805
0 0.5466708235524256 0.0006292383933229005 0.022887323943662035 0.045774647887323945
0 0.5176239730046949 0.004731242392627369 0.026408450704225334 0.03931924882629108
0 0.47449903413536776 0.0006156537993392454 0.03917253521126764 0.031103286384976527
0 0.7627763106416275 0.39324791340636417 0.017605633802816892 0.05985915492957743
0 0.7530880159428794 0.3932495435576422 0.01012323943661973 0.06161971830985914
0 0.7346066852503913 0.3985296035472092 0.016725352112675927 0.05985915492957748
0 0.7170022740610327 0.4038102069205356 0.018485915492957694 0.058685446009389686
0 0.8912992713223788 0.3269790036515389 0.02024647887323946 0.10915492957746477
0 0.9604056631455399 0.3175882455225178 0.026408450704225258 0.10798122065727703
0 0.9656928550469482 0.44903821074595723 0.034330985915492974 0.10211267605633802
0 0.8684165321791861 0.47956714049730476 0.02684859154929566 0.11561032863849766
0 0.8138497652582158 0.49601047643888013 0.042253521126760694 0.12793427230046955
0 0.7376950068466352 0.49658972352634334 0.02728873239436622 0.11971830985915485
0 0.300650736013302 0.878633607198748 0.049735915492957736 0.12147887323943668
0 0.3433321718505477 0.822293948878456 0.032130281690140844 0.11971830985915496
0 0.7354891065140845 0.7166481916188489 0.01980633802816922 0.10680751173708929
0 0.7561809223395931 0.7154842636063293 0.02728873239436622 0.11737089201877927
0 0.7055647251564946 0.913812271778821 0.02728873239436614 0.0862676056338029
0 0.8217597686815337 0.8363632411754478 0.024207746478873245 0.10328638497652576
0 0.9753643388106416 0.7665014780038254 0.017605633802816892 0.07511737089201873
0 0.1976626687206573 0.9214294253173361 0.05677816901408453 0.07335680751173712
