0 0.6455305855624142 0.543438023929279 0.1195987654320989 0.2463991769547326
0 0.4730924211248286 0.575805422191739 0.14197530864197533 0.20318930041152264
0 0.40716654878257885 0.12467564014631918 0.20871913580246912 0.20524691358024688
0 0.14514960562414264 0.574243636640756 0.1265432098765432 0.18312757201646096
0 0.20076624657064474 0.10463105852766345 0.21450617283950618 0.2237654320987654
0 0.6355415166323731 0.1287784827008078 0.17978395061728397 0.19187242798353907
0 0.3114288623113855 0.6112863892699283 0.12422839506172842 0.18930041152263374
0 0.3272440843621399 0.3890555936595031 0.12037037037037036 0.1800411522633745
0 0.4892913022976681 0.3946706866331352 0.13503086419753088 0.13323045267489714
0 0.00663874957133059 0.05219145328456028 0.11535493827160492 0.2556584362139918
0 0.4225873949759945 0.026809461210181375 0.1925154320987654 0.06532921810699589
0 0.13353454003772292 0.056819177716811456 0.06751543209876544 0.2536008230452675
0 0.23234471450617286 0.029375762078951376 0.13194444444444445 0.05915637860082305
0 0.7990845228909466 0.5454761088248743 0.1261574074074073 0.22530864197530867
0 0.8507799104080932 0.2536655997561348 0.12307098765432095 0.0699588477366255
0 0.6632662465706447 0.37820073159579337 0.10339506172839508 0.12345679012345671
0 0.8530901706104254 0.16622466087486665 0.11651234567901222 0.07818930041152264
0 0.8488583997770919 0.07208600060966316 0.1338734567901235 0.0751028806584362
0 0.6273927790637859 0.7928150243865265 0.11226851851851857 0.12911522633744846
0 0.46729788237311376 0.8005229766803841 0.13117283950617292 0.12037037037037036
0 0.30332942172496574 0.8077179545800944 0.1277006172839506 0.11316872427983544
0 0.15170021004801099 0.773266270385612 0.1149691358024691 0.1275720164609053
0 0.010877486282578876 0.7228899939033683 0.1080246913580247 0.16563786008230455
0 0.7817124271262001 0.7881992074378905 0.11033950617283952 0.14403292181069968
