0 0.6832880551268861 0.9110906302392928 0.04591049382716055 0.08899176954732509
0 0.7600573881172838 0.9157216887669563 0.03819444444444445 0.09053497942386836
0 0.8507201646090534 0.8977237654320986 0.03703703703703714 0.09722222222222243
0 0.06948088134430727 0.3561685528120714 0.052469135802469126 0.21759259259259248
0 0.14277986754115224 0.3787841982929432 0.04745370370370373 0.19804526748971185
0 0.3159949952846365 0.6827932098765431 0.03279320987654322 0.19444444444444456
0 0.45259452160493824 0.49187528577960676 0.06944444444444445 0.11419753086419757
0 0.4186339913408779 0.9218830970888584 0.055169753086419686 0.07818930041152264
0 0.08182039823388203 0.18066891479957323 0.043595679012345685 0.12242798353909466
0 0.1670897097908093 0.15239864349946658 0.053626543209876545 0.14609053497942381
0 0.35188748499657063 0.761426897576589 0.051311728395061706 0.1188271604938272
0 0.949108903463649 0.24349565614997712 0.05015432098765429 0.19753086419753085
0 0.6987338177297668 0.22960105166895292 0.0655864197530865 0.19135802469135801
0 0.5359294624485597 0.23062652415790275 0.07175925925925913 0.18775720164609055
0 0.6169469092935528 0.21107872275567752 0.07021604938271603 0.18724279835390945
0 0.4337006494341564 0.26043952903520806 0.08449074074074071 0.16358024691358022
0 0.30288628472222223 0.4378819920743789 0.04513888888888889 0.13477366255144038
0 0.2284323023834019 0.15394042447797593 0.05362654320987659 0.1445473251028806
0 0.012382115912208504 0.44660970126505106 0.052469135802469126 0.11625514403292185
0 0.3526649841392318 0.42966297058375247 0.059799382716049405 0.14711934156378592
0 0.5282171639231824 0.4826212658131382 0.07716049382716048 0.11985596707818942
0 0.28321839634773666 0.14828722755677487 0.05671296296296294 0.15020576131687238
0 0.6127092442558298 0.48262841030330744 0.07908950617283961 0.1275720164609054
0 0.34571009087791493 0.16213944139612863 0.04475308641975313 0.11059670781893005
0 0.006966949588477366 0.17706856805365037 0.03240740740740741 0.12294238683127569
0 0.25736159336419756 0.4368579484834629 0.04513888888888889 0.13991769547325095
0 0.7789887688614542 0.23320711400701116 0.07716049382716048 0.1970164609053498
0 0.8677241405178328 0.24039494741655237 0.07831790123456778 0.18209876543209877
0 0.7782144847393689 0.654939700502972 0.07330246913580254 0.11265432098765439
0 0.8665667331104253 0.4831313824112178 0.07831790123456778 0.11522633744855969
0 0.8600094307270232 0.6559718411827465 0.08024691358024698 0.1162551440329218
0 0.6902544688786009 0.6600789704313368 0.07754629629629635 0.1075102880658436
0 0.7801483196159121 0.49340849336991305 0.08024691358024698 0.10339506172839502
0 0.1747985253772291 0.6786760783417162 0.04320987654320986 0.1923868312757202
0 0.1138441465192044 0.662759106843469 0.046682098765432084 0.22427983539094656
0 0.4394836676954732 0.656993979576284 0.07870370370370373 0.10905349794238678
0 0.2577345357510288 0.6617255372656607 0.0266203703703704 0.21913580246913578
0 0.6092330032578874 0.661103966620942 0.07330246913580254 0.10339506172839502
0 0.5906951946159121 0.91416990550221 0.045524691358024685 0.0812757201646091
0 0.2909116726680384 0.6714610958695321 0.023919753086419762 0.17798353909465026
0 0.6393028227880659 0.9126247904282884 0.04050925925925913 0.07921810699588476
0 0.527058952760631 0.6657321673525377 0.07600308641975317 0.10185185185185185
0 0.9394571437757203 0.8812785779606768 0.0405092592592592 0.11419753086419746
0 0.8923870991941015 0.8308832495046486 0.03742283950617286 0.13168724279835406
0 0.9429408864883402 0.6549411294010059 0.05709876543209873 0.11419753086419757
0 0.04130229766803842 0.1775853528425545 0.030864197530864192 0.12551440329218105
0 0.1311948088134431 0.17604214296601128 0.03163580246913581 0.12551440329218105
0 0.9514226466049382 0.48724279835390943 0.04861111111111111 0.1111111111111111
0 0.0019528570816186555 0.6858634354519128 0.03433641975308642 0.17695473251028804
0 0.04129988640260631 0.6796796410608138 0.02739197530864197 0.1651234567901236
0 0.07332283093278465 0.7131044238683127 0.029320987654320972 0.15277777777777787
