0 0.23995225694444444 0.655029016692749 0.10871478873239436 0.10739436619718316
0 0.6316620207355242 0.379223721961398 0.08626760563380284 0.12500000000000006
0 0.4987541568857589 0.6649908711528429 0.10739436619718319 0.09154929577464793
0 0.25313539221439746 0.32644866110241694 0.07834507042253525 0.1701877934272301
0 0.2716335338419405 0.10636085028690663 0.09595070422535217 0.15140845070422537
0 0.8358782032472614 0.6433218135976351 0.07306338028169014 0.1396713615023475
0 0.16554614143192486 0.33758857155277344 0.07658450704225353 0.15903755868544603
0 0.3393993300078247 0.32527549556598845 0.07306338028169021 0.17077464788732397
0 0.42566907521517994 0.33582148756737956 0.07614436619718319 0.15199530516431928
0 0.7452021591353678 0.10986404538341157 0.06294014084507041 0.13204225352112675
0 0.8244415713028169 0.10047817770822466 0.08318661971830986 0.13615023474178406
0 0.6404651432902972 0.10108568075117372 0.08670774647887325 0.15845070422535218
0 0.6180304919796558 0.6661221961398018 0.10475352112676053 0.045774647887323966
0 0.09291464935446009 0.33113425925925927 0.06470070422535214 0.16021126760563378
0 0.17787039074726133 0.11984437489132325 0.07702464788732391 0.13615023474178403
0 0.5752983176838811 0.38741523213354195 0.04929577464788737 0.0985915492957747
0 0.08235982736697965 0.1128080985915493 0.07702464788732397 0.14260563380281685
0 0.6259456915101722 0.7277408276821422 0.09419014084507032 0.044600938967136225
0 0.3763895001956181 0.6515111502347418 0.09947183098591547 0.11091549295774648
0 0.5084277802230046 0.7224678316814467 0.09375 0.05399061032863857
0 0.5128010685641627 0.3915199530516432 0.05325704225352115 0.09507042253521127
0 0.11670120549687012 0.716004825247783 0.09198943661971828 0.045774647887323966
0 0.525583492273083 0.10870066075465136 0.07966549295774648 0.14319248826291076
0 0.3745956205985915 0.14094559641801427 0.05149647887323938 0.10856807511737085
0 0.7130517043231611 0.3651381281516258 0.03389084507042257 0.1238262910798122
0 0.6215522300469484 0.6156527125717267 0.10563380281690134 0.045774647887323966
0 0.004894427327856024 0.10284950443401149 0.07614436619718311 0.1619718309859155
0 0.1255098298122066 0.630330051295427 0.10035211267605632 0.05223004694835675
0 0.008405161874021908 0.3158907146583203 0.061179577464788734 0.17605633802816895
0 0.5167889280125195 0.5951198704573117 0.09154929577464799 0.053403755868544595
0 0.00357706132629108 0.5957914927838636 0.08054577464788733 0.14495305164319253
0 0.7548809785798121 0.3633927795166058 0.05677816901408461 0.14025821596244126
0 0.9155452244718311 0.1151522561293688 0.07526408450704215 0.1390845070422535
0 0.7487287876564945 0.6262921665797252 0.07086267605633796 0.12793427230046955
0 0.8173742542057902 0.3633699573987133 0.04709507042253528 0.11561032863849766
0 0.8684367053012519 0.3868359850460789 0.05589788732394364 0.10680751173708919
0 0.9507332624217527 0.4097118979307946 0.041813380281690134 0.09448356807511744
0 0.2518268901604069 0.8715603808033386 0.09551056338028169 0.0880281690140844
0 0.7491884903169015 0.9067260041731872 0.099031690140845 0.03873239436619732
0 0.3605542106807512 0.8827127890801599 0.11355633802816899 0.0903755868544601
0 0.13166874510954615 0.8867892540427751 0.09595070422535211 0.05633802816901405
0 0.6096607858959312 0.9308000782472615 0.09463028169014073 0.052816901408450516
0 0.7513925567292644 0.9548464397496088 0.10387323943661973 0.0369718309859155
0 0.48553801105242567 0.903815640758129 0.09022887323943654 0.06455399061032854
0 0.02645888350938967 0.8973472004868719 0.07262323943661973 0.05046948356807514
0 0.7544603995500783 0.8445216049382717 0.08494718309859163 0.04107981220657269
0 0.919498850743349 0.003605894627021388 0.0642605633802816 0.09154929577464788
0 0.8794668182707355 0.8750950921578856 0.09419014084507041 0.10269953051643188
0 0.9489748386150235 0.6321753825421665 0.04489436619718311 0.1437793427230048
