0 0.20608228309327847 0.008496227709190672 0.09182098765432095 0.28703703703703703
0 0.3013937114197531 0.005411236854138088 0.1180555555555556 0.28858024691358025
0 0.43410654578189306 0.015687395214144185 0.11342592592592596 0.27572016460905346
0 0.5850011252572017 0.06244903597012651 0.17939814814814817 0.2227366255144033
0 0.7994963134430727 0.031103776101204083 0.16358024691358017 0.2587448559670782
0 0.0011949159807956103 0.030068777625361986 0.05401234567901234 0.25205761316872427
0 0.05754752872085048 0.014110368084133516 0.09066358024691357 0.23919753086419757
0 0.032455364797668036 0.42714525224813293 0.06905864197530866 0.205761316872428
0 0.10151105967078189 0.4333080894680689 0.0648148148148148 0.19495884773662556
0 0.2855340149176955 0.41993789056546255 0.0578703703703704 0.19958847736625518
0 0.34456956232853225 0.4183961095869532 0.06905864197530862 0.20113168724279837
0 0.4147960605281207 0.41069292028654164 0.084104938271605 0.21502057613168724
0 0.5012085798182443 0.4543724279835391 0.07368827160493825 0.16666666666666666
0 0.5814557613168724 0.4574602766346594 0.07407407407407413 0.16820987654320985
0 0.6644030242626886 0.4636340687395214 0.07368827160493834 0.16923868312757206
0 0.7326710390946503 0.4441034141137022 0.04629629629629635 0.18724279835390953
0 0.7789611732681757 0.4440824569425393 0.0374228395061727 0.16460905349794233
0 0.8233986518347052 0.4528306470050297 0.138503086419753 0.1682098765432099
0 0.27517093192729764 0.865828856119494 0.13503086419753088 0.095164609053498
0 0.41595802254801095 0.8540142508763908 0.09066358024691357 0.11316872427983544
0 0.5078106245713306 0.8190605471726872 0.13618827160493818 0.14094650205761322
0 0.6474759409293553 0.8221464906264289 0.14313271604938277 0.14043209876543228
0 0.7925494577331962 0.745047915714068 0.1601080246913581 0.20730452674897112
0 0.0008691272290809329 0.8355085924401767 0.14043209876543208 0.12705761316872444
0 0.25588804226680384 0.7341559023014784 0.14544753086419757 0.11059670781893005
0 0.4059421617798354 0.693567101051669 0.11226851851851849 0.16358024691358022
0 0.5205145104595336 0.6950622046944063 0.09645061728395071 0.11162551440329217
0 0.6201051311728395 0.7177030940405426 0.1736111111111111 0.11934156378600826
0 0.0016364454732510287 0.7932422648986435 0.13425925925925924 0.034979423868312806
0 0.1968136466906722 0.8930669867398262 0.07831790123456786 0.06790123456790127
