0 0.6171535724765258 0.34946531038080336 0.1095950704225352 0.3098591549295775
0 0.39135306631455397 0.3442069857416102 0.09771126760563385 0.33509389671361495
0 0.503155870989828 0.3441874239262737 0.10783450704225352 0.3139671361502347
0 0.26063551447574335 0.7314505086071987 0.10387323943661973 0.2482394366197185
0 0.16116154391627543 0.37349319683533305 0.10079225352112675 0.27406103286384975
0 0.7302712979264475 0.351224243609807 0.11179577464788729 0.3080985915492958
0 0.6171636590375587 0.0031923795861589286 0.12411971830985911 0.27875586854460094
0 0.749207135172144 0.0008476786645800731 0.12588028169014082 0.2816901408450704
0 0.019018669307511733 0.36763171622326546 0.133362676056338 0.2816901408450704
0 0.21795988605242564 0.007889388801947486 0.12984154929577466 0.28110328638497656
0 0.48291917302425663 0.0031961832724743517 0.1219190140845071 0.2828638497652582
0 0.3508808929968701 0.0008498521996174579 0.12764084507042256 0.28403755868544595
0 0.8543800127151799 0.3553452660406886 0.09595070422535217 0.3221830985915492
0 0.3002301569835681 0.3435484046252825 0.0779049295774648 0.25762910798122074
0 0.10482076486697965 0.004951312815162581 0.09683098591549295 0.2769953051643193
0 0.8781638179773082 0.006133715875499913 0.11927816901408445 0.28638497652582157
0 0.0005046337050078248 0.0026109589636584946 0.09286971830985916 0.28462441314553993
0 0.00048018143583724573 0.6985502521300644 0.05765845070422536 0.2089201877934272
0 0.3662696229460094 0.7091696009389671 0.10431338028169014 0.2693661971830988
0 0.16907368691314553 0.7032977960354722 0.08582746478873238 0.26584507042253513
0 0.5823839739827856 0.7150278212484785 0.11179577464788737 0.2582159624413145
0 0.47981923660015646 0.7068368544600939 0.0946302816901408 0.28521126760563376
0 0.06081462734741784 0.6997799295774648 0.10827464788732394 0.26936619718309857
0 0.6998866026017215 0.7156173926273691 0.09022887323943662 0.26115023474178406
0 0.7989176814358372 0.7161939227960354 0.08934859154929582 0.2500000000000001
