0 0.22342330032578872 0.43739902453894225 0.06288580246913583 0.16872427983539096
0 0.7473390346364883 0.22749914266117968 0.05709876543209873 0.14351851851851857
0 0.35114963777434843 0.2387988683127572 0.09992283950617285 0.12500000000000006
0 0.5112332818930041 0.4728752286236855 0.06481481481481484 0.14969135802469138
0 0.45566727752057606 0.2444501600365798 0.04976851851851849 0.11728395061728392
0 0.8175550840192044 0.7321168648071941 0.05709876543209889 0.13065843621399176
0 0.806745649005487 0.21772452751105015 0.04706790123456794 0.1424897119341564
0 0.8619290659293553 0.199747085048011 0.0667438271604938 0.17129629629629634
0 0.5988021369170096 0.712096098155769 0.05285493827160492 0.17489711934156382
0 0.3893365805041152 0.767082475994513 0.08912037037037039 0.11574074074074085
0 0.21998671124828534 0.17866655235482395 0.1141975308641975 0.18209876543209877
0 0.4861829132373114 0.7783898224356045 0.103395061728395 0.10545267489711926
0 0.6929408864883402 0.5355833714372809 0.05709876543209881 0.09670781893004117
0 0.3287382651748972 0.7398567291571406 0.04976851851851849 0.1563786008230452
0 0.1589819637345679 0.4569358710562414 0.045138888888888846 0.15740740740740736
0 0.32526577503429355 0.4456351928059747 0.04938271604938274 0.17489711934156382
0 0.380435260202332 0.4415285398567292 0.0489969135802469 0.184156378600823
0 0.1709402327674897 0.18431689147995733 0.04282407407407407 0.17335390946502055
0 0.5991796339163237 0.24599146471574457 0.04089506172839508 0.11522633744855969
0 0.6555113490226337 0.20128886602652032 0.04745370370370365 0.16975308641975315
0 0.13235811042524007 0.17506191891479955 0.040123456790123434 0.17798353909465017
0 0.055627625600137176 0.4990826474622771 0.10378086419753087 0.12037037037037036
0 0.7072005744170097 0.2131106157597927 0.03549382716049389 0.15946502057613168
0 0.5872135952503429 0.4821382982777015 0.03202160493827159 0.15380658436214
0 0.07295390732167352 0.17403978052126204 0.053626543209876545 0.18518518518518515
0 0.5112118484224966 0.2300663961286389 0.03395061728395055 0.13837448559670784
0 0.282821073388203 0.4492326817558299 0.040123456790123455 0.1712962962962963
0 0.43986036093964337 0.47288761240664534 0.06558641975308635 0.1630658436213992
0 0.6207912701474623 0.5273553002591068 0.05054012345679016 0.09927983539094645
0 0.5505695944787381 0.24959562185642434 0.04243827160493825 0.11882716049382715
0 0.9460192686899862 0.518061271147691 0.04552469135802476 0.06172839506172836
0 0.010460337362825789 0.18070987654320986 0.06288580246913582 0.16666666666666666
0 0.8302667395404664 0.5371199131229997 0.028549382716049364 0.08950617283950603
0 0.8970191400891632 0.48881649138850786 0.04089506172839508 0.14403292181069957
0 0.7959297839506173 0.537642413504039 0.027777777777777776 0.09825102880658444
0 0.18366367669753086 0.7480838477366255 0.03125 0.1527777777777778
0 0.14007549939986283 0.7439557613168724 0.04205246913580246 0.138888888888889
0 0.22225892704046638 0.7372689948178631 0.05285493827160492 0.13940329218106995
0 0.09763294110082305 0.8010016575217193 0.03587962962962962 0.08179012345679015
0 0.0575065372085048 0.7043790961743637 0.03163580246913579 0.1738683127572017
0 0.6385298782578875 0.663120141746685 0.03858024691358024 0.0586419753086419
0 0.27742332175925927 0.8220783798201493 0.04513888888888893 0.06687242798353915
0 0.7048946009087793 0.7645099832342631 0.048225308641975315 0.11522633744855969
0 0.8835206082818929 0.7249318891937204 0.04745370370370381 0.1486625514403293
0 0.6960147140775034 0.6744417771681146 0.038966049382716035 0.06378600823045259
0 0.6508787722908094 0.7537118007925621 0.04320987654320984 0.11985596707818931
0 0.7573540916495198 0.7968716659045877 0.03433641975308651 0.06584362139917693
0 0.9109048139574761 0.6538561194939795 0.0362654320987654 0.05349794238683122
0 0.8634529856824417 0.6482038751714678 0.03896604938271619 0.06018518518518518
0 0.9413880315500684 0.28969145328456025 0.04320987654321 0.08899176954732513
0 0.9437033822016462 0.5874904740131077 0.04398148148148143 0.04526748971193418
0 0.7473315329218106 0.5237578113092516 0.04629629629629635 0.10288065843621397
0 0.001577235510973937 0.7979166666666667 0.048996913580246916 0.08333333333333344
0 0.9332829646776406 0.7659998475842097 0.038580246913580314 0.05761316872427979
0 0.9425507973251028 0.8338772671848803 0.050925925925926034 0.03189300411522635
