0 0.5050845550411522 0.2450379134278311 0.09953703703703715 0.19650205761316872
0 0.9097653570816188 0.24913122999542758 0.062114197530864286 0.17283950617283952
0 0.30831163194444444 0.25893108901082157 0.0798611111111111 0.2011316872427983
0 0.21031244641632374 0.24196197226032617 0.07214506172839504 0.20781893004115223
0 0.4101650913065844 0.2594612101813748 0.08217592592592596 0.21810699588477364
0 0.618890121313443 0.23785293781435757 0.09066358024691357 0.21450617283950618
0 0.012786136831275718 0.2594169143423259 0.07870370370370372 0.17026748971193417
0 0.7276781121399177 0.23630877533912514 0.07870370370370365 0.21347736625514402
0 0.09688625257201647 0.28409398338667885 0.07175925925925924 0.15483539094650206
0 0.47775152177640606 0.6332771300106691 0.18441358024691357 0.05041152263374497
0 0.3260293424211248 0.5937500000000001 0.03780864197530869 0.13888888888888878
0 0.20065881129972568 0.592205361225423 0.059799382716049364 0.1373456790123456
0 0.6925644611625514 0.017084857491236092 0.0706018518518519 0.1183127572016461
0 0.3700086805555556 0.6009473593964335 0.03472222222222214 0.13425925925925927
0 0.4839157878943758 0.7022105052583447 0.17206790123456794 0.05401234567901238
0 0.3962678969478738 0.00577179545800945 0.07021604938271603 0.12242798353909466
0 0.4896307548868313 0.003200731595793324 0.06828703703703698 0.1234567901234568
0 0.5136030199759946 0.589539513793629 0.14390432098765438 0.03600823045267492
0 0.20607156635802473 0.015544981710105165 0.07638888888888885 0.1219135802469136
0 0.2998218342764061 0.01349451303155007 0.07677469135802473 0.1296296296296296
0 0.10190784679355282 0.5520938119189148 0.08063271604938271 0.1502057613168725
0 0.40241849922839507 0.5998928326474623 0.03819444444444445 0.10648148148148148
0 0.10538944615912207 0.005780368846212468 0.09413580246913582 0.13168724279835392
0 0.801357810356653 0.01502629172382259 0.0663580246913581 0.11728395061728394
0 0.820650880915638 0.22500238149672305 0.07060185185185175 0.22479423868312756
0 0.8893253279320988 0.0011388317329675355 0.07291666666666667 0.11882716049382715
0 0.28474767446844995 0.5963220164609054 0.03665123456790123 0.1388888888888889
0 0.8808588391632374 0.5366583790580705 0.10339506172839492 0.14660493827160498
0 0.7442518111282578 0.5454394337753392 0.055941358024691426 0.18569958847736626
0 0.576830150462963 0.008843449931412894 0.07986111111111104 0.10648148148148148
0 0.008165884344993142 0.008841068434689835 0.09220679012345681 0.10390946502057614
0 0.0004581404320987655 0.11886240664532847 0.10416666666666669 0.038065843621399156
