0 0.17331265003429355 0.003368388965096784 0.12577160493827164 0.3045267489711934
0 0.3179510673868313 0.40610806279530565 0.0717592592592592 0.26337448559670784
0 0.3241547175068587 0.0007892280140222528 0.11612654320987655 0.2968106995884774
0 0.39666629158093275 0.4163180155464105 0.08834876543209881 0.17901234567901245
0 0.22535043724279835 0.40460533836305446 0.06018518518518516 0.3070987654320988
0 0.6455271026234567 0.48274700884011584 0.11458333333333333 0.25565843621399176
0 0.7755358367626884 0.4370032197835696 0.10493827160493842 0.2968106995884773
0 0.19567285022290812 0.8021161979881116 0.10223765432098762 0.17438271604938266
0 0.5085256987311385 0.7872232700807804 0.054783950617283965 0.2011316872427982
0 0.4514564043209876 0.013672172687090383 0.09722222222222231 0.3215020576131687
0 0.5726214206104252 0.0033950617283950617 0.1304012345679012 0.3333333333333333
0 0.4923664694787381 0.4425925925925926 0.11882716049382722 0.22222222222222227
0 0.5625819830246913 0.7985401425087639 0.11805555555555555 0.2011316872427982
0 0.8888888888888888 0.4398148148148148 0.0 0.0
0 0.43870295353223593 0.7969221536351165 0.0655864197530865 0.12037037037037036
