0 0.6576239118740219 0.37572704747000524 0.077024647887324 0.15140845070422543
0 0.5616808489827856 0.6726819248826291 0.08802816901408453 0.15845070422535218
0 0.24214684810250392 0.3181870544253173 0.09991197183098591 0.12089201877934275
0 0.5198540199530517 0.4848841505825074 0.06866197183098587 0.153755868544601
0 0.4366719850352112 0.5359404886106764 0.07526408450704222 0.15375586854460088
0 0.7311182633998435 0.05110252564771344 0.06382042253521121 0.04988262910798122
0 0.35302657961658845 0.009542905581637976 0.04841549295774645 0.16549295774647887
0 0.9018776286189358 0.45840614675708574 0.041813380281690134 0.07863849765258216
0 0.48550561179577467 0.014205138236828379 0.04357394366197182 0.1302816901408451
0 0.3407121112089202 0.3087930359937402 0.06205985915492956 0.11619718309859157
0 0.2927285064553991 0.003101634498348113 0.050176056338028095 0.1807511737089202
0 0.8631467625195619 0.128013606329334 0.044014084507042146 0.08568075117370892
0 0.7403606098395931 0.40500619457485654 0.06294014084507041 0.08274647887323947
0 0.5616817659428794 0.17319433576769255 0.08934859154929574 0.07805164319248827
0 0.6056772055946791 0.2565206051121544 0.0625 0.07042253521126761
0 0.6228368911384977 0.060498174230568594 0.054137323943661955 0.056338028169014086
0 0.7988852821791862 0.3116746000695531 0.042693661971830936 0.05927230046948361
0 0.44720999608763695 0.007765497304816554 0.03873239436619716 0.14730046948356806
0 0.6800765967331769 0.549436511041558 0.08494718309859148 0.15199530516431917
0 0.5401032497065729 0.05582235698139454 0.07262323943661958 0.07687793427230047
0 0.20868147251564942 0.0060484046252825595 0.07878521126760568 0.1942488262910798
0 0.7011892972417841 0.1450095635541645 0.06470070422535217 0.061032863849765244
0 0.40496197672143974 0.001914884367936011 0.046654929577464796 0.16666666666666666
0 0.7416761419209703 0.33750923752390893 0.05589788732394364 0.07335680751173707
0 0.7888026946400626 0.4772588462876021 0.10123239436619716 0.1578638497652582
0 0.02470382188967136 0.6516024387063121 0.08054577464788731 0.20950704225352107
0 0.9137583749021909 0.11744098852373501 0.03741197183098595 0.07570422535211269
0 0.49083131602112673 0.26946509302729954 0.10695422535211263 0.10680751173708924
0 0.885147080399061 0.650328203790645 0.034330985915492974 0.10093896713615028
0 0.841577415884194 0.6480025213006434 0.04049295774647892 0.12441314553990614
0 0.7971308318661973 0.18959583115979828 0.051496478873239306 0.04518779342723007
0 0.47276842478482 0.7993838028169015 0.08230633802816906 0.09507042253521127
0 0.7271591353677621 0.7994180359937403 0.06690140845070434 0.13204225352112675
0 0.6791724740805948 0.8487002260476438 0.050616197183098656 0.11737089201877948
0 0.005309810250391236 0.46196313684576595 0.040492957746478875 0.11737089201877932
0 0.5357030638693271 0.004739393149017563 0.07438380281690134 0.048122065727699524
0 0.6179938135758998 0.009421731003303775 0.051936619718309866 0.034624413145539906
0 0.6800451144366197 0.05756009824378369 0.03961267605633796 0.052230046948356805
0 0.673449114827856 0.012356003303773256 0.04841549295774649 0.034624413145539906
0 0.7342013888888889 0.005900604242740392 0.06690140845070434 0.03462441314553991
0 0.8099422926447574 0.0018284863501999652 0.119718309859155 0.0733568075117371
0 0.32137495109546166 0.5928626543209876 0.10387323943661973 0.15082159624413144
0 0.31124529293818465 0.48307739958268137 0.09463028169014084 0.10387323943661973
0 0.429628508900626 0.4349412058772387 0.07350352112676062 0.08861502347417842
0 0.5198558538732394 0.39620011737089206 0.07130281690140852 0.07922535211267598
0 0.5920264206768387 0.4513736741436272 0.05325704225352115 0.08920187793427235
0 0.8032891358568075 0.39618490262563033 0.04621478873239448 0.06279342723004694
0 0.7967010832355242 0.13560359067988179 0.06646126760563394 0.04342723004694833
0 0.7117432022691706 0.21543264214919144 0.051056338028169064 0.06161971830985914
0 0.7614711707746479 0.19724015388628063 0.03961267605633812 0.06161971830985914
0 0.6611181411384977 0.16555870718135976 0.038292253521126675 0.07100938967136151
0 0.6655250513497653 0.24068585898104675 0.046214788732394395 0.08157276995305167
0 0.45779446645148675 0.7101748608937576 0.06910211267605627 0.08744131455399053
0 0.6351544160798122 0.6456279342723005 0.04489436619718311 0.09507042253521127
0 0.7830441852503913 0.7254874152321336 0.04841549295774633 0.14612676056338028
0 0.33590112724960874 0.7947818857589984 0.1060739436619719 0.19542253521126768
0 0.6215234986306729 0.9032586724047992 0.0642605633802816 0.09683098591549298
