0 0.05522333676268862 0.013543571864045116 0.0771604938271605 0.18261316872427985
0 0.1729126478909465 0.005283112330437433 0.10532407407407407 0.15020576131687244
0 0.2867329496742113 0.005265012955342173 0.11766975308641976 0.13065843621399179
0 0.41713793509945124 0.00991226566072245 0.12307098765432095 0.14969135802469138
0 0.5475233624828533 0.01095679012345679 0.10030864197530866 0.16666666666666669
0 0.6551689493312757 0.006342878372199359 0.1099537037037038 0.18364197530864199
0 0.7828671553497942 0.015064871970736167 0.1064814814814816 0.15895061728395063
0 0.9240328146433471 0.03920705685108977 0.05169753086419746 0.12139917695473249
0 0.0004270618998628258 0.23522757582685566 0.05941358024691358 0.1568930041152264
0 0.06526572145061728 0.22700807803688464 0.09375000000000001 0.16872427983539096
0 0.1837180641289438 0.22289332799878064 0.10956790123456793 0.16923868312757206
0 0.3141091177983539 0.21825655387898188 0.09490740740740743 0.16152263374485595
0 0.4206039951989026 0.23163008687700046 0.11419753086419754 0.16049382716049387
0 0.5513875492969822 0.24655111644566374 0.10918209876543214 0.16409465020576133
0 0.6671277542009603 0.23524234110653863 0.10841049382716032 0.17283950617283955
0 0.7844111689814816 0.2316438995579942 0.10763888888888873 0.17541152263374488
0 0.9313649369855966 0.2475480109739369 0.0543981481481481 0.12962962962962962
0 0.9359964420438958 0.4620699016918152 0.05709876543209873 0.14660493827160492
0 0.9305887774348421 0.6642156302392928 0.047839506172839524 0.13065843621399176
0 0.8773472329389573 0.8576098346288675 0.04668209876543222 0.1075102880658436
0 0.9359956382887518 0.8745741883859168 0.05594135802469127 0.09567901234567905
0 0.7651100608710563 0.7568201303155005 0.09182098765432095 0.14351851851851863
0 0.671354434585048 0.7727642508763908 0.08371913580246913 0.14094650205761322
0 0.5614068930041152 0.7768804298125287 0.0925925925925927 0.14197530864197536
0 0.44759971922153635 0.7753295991464716 0.09915123456790119 0.1337448559670782
0 0.3306978202160494 0.7470417047706143 0.09375 0.13837448559670784
0 0.22689900548696845 0.7372604214296601 0.06790123456790119 0.13014403292181068
0 0.08457379543895747 0.7300892584971804 0.11959876543209873 0.16306584362139914
0 0.01123542524005487 0.7228704656302393 0.06790123456790124 0.14454732510288062
0 0.05409352494855967 0.5022109815576894 0.11689814814814815 0.16563786008230455
0 0.2141771690672154 0.4924449397957629 0.08179012345679013 0.17386831275720158
0 0.31797008959190676 0.5135321406797745 0.09915123456790119 0.17026748971193417
0 0.4205962255658436 0.523291990550221 0.1030092592592592 0.15534979423868306
0 0.5290150248628258 0.5135445244627344 0.11496913580246905 0.1836419753086419
0 0.6578601894718793 0.5330794657826551 0.09645061728395056 0.17026748971193417
0 0.790185345936214 0.5341058908702943 0.08912037037037032 0.16769547325102868
0 0.004661511917009602 0.0053035932022557535 0.045910493827160496 0.17232510288065847
