0 0.3360026041666666 0.5899463136845766 0.2522007042253522 0.17018779342723
0 0.3474352626173709 0.7571726656233698 0.23635563380281688 0.14084507042253522
0 0.32897441070031297 0.3458208355068684 0.2724471830985915 0.17664319248826293
0 0.6062646713615024 0.315921687532603 0.27464788732394363 0.20950704225352101
0 0.6132980609350548 0.6046432142236132 0.2618838028169013 0.19776995305164316
0 0.03979545676838811 0.15563054251434533 0.26320422535211263 0.12323943661971831
0 0.31973848298122065 0.1609725482524778 0.2825704225352112 0.18838028169014087
0 0.044197782179186226 0.27944542253521126 0.26452464788732394 0.11091549295774648
0 0.07279073748043818 0.5640725525995479 0.2411971830985915 0.11384976525821594
0 0.05299815385367762 0.39387769518344634 0.26100352112676056 0.10622065727699531
0 0.08115157961658843 0.6843586984872196 0.23855633802816897 0.09330985915492955
0 0.6238519659624413 0.1468711963136846 0.2482394366197183 0.17018779342723003
0 0.9151118080007825 0.7730209963484611 0.08494718309859148 0.14436619718309865
0 0.6093319028755868 0.7999923926273692 0.25484154929577457 0.11854460093896711
0 0.09610811570813771 0.7811962050078247 0.22667253521126757 0.10035211267605641
0 0.9243471244131455 0.6157575856372804 0.07394366197183094 0.15903755868544595
