0 0.05442172496570644 0.1898929279073312 0.03395061728395062 0.0843621399176955
0 0.09840910065157751 0.19246732586495963 0.04243827160493825 0.08693415637860082
0 0.17019702717764063 0.13849117893613777 0.08371913580246916 0.12602880658436214
0 0.26857960390946506 0.10662437128486511 0.0879629629629629 0.154320987654321
0 0.3850983796296296 0.12408883935375704 0.09722222222222222 0.1270576131687243
0 0.510893829303841 0.1374576093583295 0.13155864197530864 0.12088477366255146
0 0.7130465534979423 0.14825579180003048 0.12037037037037047 0.1162551440329218
0 0.8407375257201646 0.14105986130163087 0.1064814814814816 0.12242798353909466
0 0.05525146819272976 0.3735634811766499 0.11766975308641976 0.11522633744855973
0 0.19410525977366255 0.3920648529187624 0.06712962962962964 0.09670781893004117
0 0.27590288494513027 0.3848789247065996 0.07793209876543214 0.11368312757201646
0 0.3712467313957476 0.37717335390946505 0.15084876543209874 0.12500000000000006
0 0.552188089420439 0.3982434080170706 0.15084876543209874 0.10288065843621397
0 0.7157158243312757 0.3858967764060357 0.0752314814814816 0.1018518518518518
0 0.8133182227366255 0.3797477518670935 0.06712962962962968 0.1275720164609054
0 0.8947187928669409 0.38486749352232896 0.06172839506172841 0.10133744855967074
0 0.07566122256515774 0.5952722527053803 0.06327160493827161 0.1162551440329218
0 0.17828414351851848 0.6004005677488188 0.0625 0.09927983539094645
0 0.26279738940329217 0.5988459266880048 0.09490740740740743 0.08693415637860084
0 0.3858587319958847 0.5988440214906264 0.08101851851851857 0.08487654320987661
0 0.4823149755658436 0.6075841144642585 0.08912037037037032 0.07973251028806581
0 0.5826228137860082 0.5926802316720012 0.08796296296296302 0.09465020576131683
0 0.6844813635973936 0.5988440214906264 0.09760802469135801 0.08487654320987661
0 0.7967418445644718 0.6065381611034903 0.08603395061728397 0.06121399176954741
0 0.9020592206790123 0.6173487273281512 0.0763888888888889 0.0699588477366255
0 0.8993631580075446 0.7691067482091144 0.08294753086419746 0.07973251028806581
0 0.8021382566015088 0.7670543743331808 0.07908950617283952 0.08539094650205778
0 0.7149391289437587 0.772709952751105 0.0679012345679011 0.08230452674897132
0 0.6038483796296296 0.7850522976680384 0.09722222222222222 0.0787037037037037
0 0.5193404921124829 0.7742526863283036 0.07253086419753087 0.08179012345679015
0 0.4356232317386832 0.7752853033074226 0.07523148148148151 0.08590534979423863
0 0.33724172668038405 0.7788851737540009 0.07253086419753087 0.08487654320987661
0 0.24349253043552813 0.7788780292638317 0.0736882716049383 0.07716049382716053
0 0.1987501607510288 0.9295881915866483 0.08912037037037039 0.0663580246913582
0 0.30252914951989024 0.9295824759945129 0.08641975308641976 0.06018518518518529
0 0.4024535965363512 0.9331894909312605 0.08873456790123452 0.06687242798353905
0 0.5120268561385459 0.938322568968145 0.09645061728395063 0.0550411522633746
0 0.614656207133059 0.9367798353909466 0.10493827160493825 0.05555555555555555
0 0.7349997856652949 0.9393470888584058 0.0663580246913581 0.05041152263374487
