0 0.23336848347026604 0.7800686837071814 0.1351232394366197 0.15023474178403745
0 0.6629572574334899 0.6680050208659365 0.15140845070422543 0.1778169014084506
0 0.5181429724178405 0.6603655885932881 0.1399647887323944 0.16666666666666666
0 0.5159447134194054 0.8275729221005043 0.1434859154929577 0.1167840375586853
0 0.006295236697965571 0.5383368109893931 0.19190140845070427 0.20657276995305163
0 0.20080539661580596 0.2989306207616067 0.1456866197183099 0.23943661971830982
0 0.35133998435054775 0.28956377151799684 0.15492957746478866 0.2640845070422535
0 0.3513369278169014 0.5477465875499913 0.15052816901408456 0.22828638497652598
0 0.2100404073748044 0.5489148626325856 0.13424295774647887 0.22241784037558684
0 0.49305800078247264 0.0024381629281864025 0.14436619718309865 0.09800469483568075
0 0.00848982785602504 0.2836821857068336 0.18309859154929578 0.25000000000000006
0 0.6466723518192489 0.0006808598504607895 0.15184859154929573 0.10152582159624414
0 0.8125302596830987 0.0006868370718135976 0.043573943661971905 0.107981220657277
0 0.3698130624021909 0.7806620587723875 0.13644366197183094 0.15727699530516442
0 0.000584714886541471 0.7483866936185011 0.20818661971830982 0.15903755868544603
0 0.661633167057903 0.8375478177708225 0.14612676056338028 0.11502347417840379
0 0.8214259952073554 0.8006270648582855 0.17737676056338028 0.1701877934272299
0 0.8759518045774647 0.002449030603373326 0.10299295774647893 0.10974178403755869
0 0.5111114167644758 0.4503004912189184 0.15536971830985913 0.19776995305164324
0 0.6708895735524257 0.4514856111980525 0.16549295774647885 0.21009389671361506
0 0.8526552107785603 0.22332474786993564 0.14744718309859148 0.34565727699530513
0 0.8447357321009389 0.5659521170231264 0.1518485915492958 0.24237089201877937
0 0.2897150699334898 0.0071248478525473835 0.1474471830985916 0.08920187793427231
0 0.4450105144757433 0.002434359241870979 0.04049295774647892 0.09389671361502348
0 0.24694468896713614 0.0036026343244653105 0.03697183098591555 0.08802816901408451
0 0.09649293329420972 0.0024370761606677103 0.14700704225352113 0.09683098591549297
0 0.04888619913928012 0.003604264475743349 0.04401408450704226 0.0897887323943662
