0 0.028994395147462274 0.06559975613473554 0.08526234567901234 0.29218106995884774
0 0.12083413708847736 0.009587429507696997 0.11226851851851852 0.35442386831275724
0 0.24119673782578874 0.014219440634049688 0.10108024691358024 0.3569958847736626
0 0.3603837127057613 0.18072940481633898 0.06365740740740738 0.18775720164609053
0 0.42713691700960216 0.14269594955037343 0.07716049382716056 0.22273662551440326
0 0.5043022333676269 0.07949102652034751 0.08410493827160492 0.29475308641975306
0 0.6181011016803841 0.11855090687395214 0.06558641975308643 0.257201646090535
0 0.9063151041666667 0.12011078722755676 0.09375 0.27520576131687235
0 0.0015732167352537725 0.5089087029416247 0.043209876543209874 0.17695473251028804
0 0.04824272333676268 0.5212515241579028 0.02507716049382717 0.1738683127572017
0 0.0810619212962963 0.533064700502972 0.06249999999999999 0.15432098765432095
0 0.14934735082304526 0.5315229195244626 0.06018518518518516 0.15586419753086422
0 0.21609278549382716 0.516614750038104 0.06250000000000004 0.1661522633744855
0 0.2855340149176955 0.5135383325712544 0.0578703703703704 0.17695473251028804
0 0.3522762345679012 0.5196983119951228 0.055555555555555636 0.16306584362139906
0 0.411304816100823 0.5227918762383782 0.056712962962963014 0.17078189300411534
0 0.46685742455418383 0.46369027206218566 0.052469135802469126 0.2299382716049383
0 0.5193153077846365 0.4683113283036122 0.0362654320987654 0.22067901234567905
0 0.5609843857167353 0.4683199016918153 0.0397376543209877 0.2299382716049383
0 0.6076705032578874 0.4621442043895747 0.04552469135802476 0.22685185185185192
0 0.6736395104595337 0.46676383173296754 0.040895061728395 0.21604938271604932
0 0.7211017875514402 0.48167485901539403 0.0532407407407408 0.2088477366255144
0 0.7812845614711934 0.4816691434232586 0.04976851851851841 0.20267489711934147
0 0.8504104509602194 0.5283540999847585 0.14660493827160492 0.06687242798353905
0 0.8496415252057615 0.598291990550221 0.15046296296296285 0.044238683127572065
0 0.8484843857167353 0.6466525682060661 0.15084876543209874 0.051440329218106984
0 0.05069310485253773 0.7541585695778082 0.22029320987654322 0.046810699588477354
0 0.04953784079218108 0.8040637860082305 0.22337962962962968 0.05555555555555555
0 0.04953650120027435 0.862697664228014 0.22145061728395063 0.046810699588477354
0 0.30259452160493827 0.7582656988263984 0.18055555555555555 0.03806584362139926
0 0.30722147205075445 0.7994036732205457 0.17669753086419754 0.022633744855966986
0 0.29565945430384083 0.8236087296143879 0.19405864197530864 0.05298353909465026
0 0.49085889274691363 0.7582671277244322 0.1701388888888889 0.039609053497942436
0 0.4978065522119341 0.80099451303155 0.17476851851851857 0.07407407407407407
0 0.6918668016975309 0.7598227213839354 0.17708333333333326 0.05298353909465026
0 0.6953285751028807 0.8189762421886908 0.1620370370370369 0.049897119341563705
0 0.8970617391117969 0.7525996418228927 0.10223765432098778 0.029835390946502116
0 0.8982188786008231 0.7916990550221003 0.1018518518518519 0.0349794238683127
0 0.9063129608196159 0.8338953665599755 0.0906635802469135 0.051440329218106984
