0 0.7975000535836763 0.8463348765432099 0.0667438271604938 0.1527777777777778
0 0.8395562735768176 0.0722288904130468 0.07214506172839508 0.22942386831275718
0 0.3781434863683128 0.3684637440938881 0.08217592592592596 0.16306584362139911
0 0.6543665337791496 0.8406826322206982 0.06558641975308643 0.15946502057613163
0 0.44447766632373115 0.0974141708581009 0.047839506172839524 0.2073045267489712
0 0.743887710048011 0.38286084438347806 0.08719135802469127 0.15637860082304525
0 0.27474520961934157 0.8278292181069958 0.07754629629629627 0.16666666666666666
0 0.037844275120027436 0.12777491998171012 0.05131172839506171 0.21913580246913583
0 0.5031282150205761 0.07326245999085505 0.06018518518518516 0.23456790123456792
0 0.21839983067558297 0.08970240816948635 0.051311728395061706 0.21193415637860083
0 0.27280119384430734 0.08661313062033227 0.05594135802469135 0.20884773662551445
0 0.6246618870027435 0.5942891708581008 0.06867283950617285 0.16563786008230455
0 0.6590047367969822 0.365383039932937 0.07793209876543207 0.169238683127572
0 0.5559836891289437 0.5953170248437739 0.060956790123456825 0.16460905349794233
0 0.1844379608196159 0.10049487501905197 0.035108024691358056 0.20113168724279837
0 0.2832395618998628 0.3638326855662247 0.08719135802469132 0.16152263374485598
0 0.5710171253429355 0.08250885916780978 0.042438271604938335 0.22067901234567902
0 0.09069010416666666 0.11842421124828532 0.03819444444444445 0.12037037037037036
0 0.00040964720507544585 0.11698816872427983 0.03433641975308642 0.2361111111111111
0 0.4603309327846365 0.3669248209114464 0.0987654320987654 0.1676954732510288
0 0.3457130379801097 0.11489054641060814 0.048996913580246944 0.19290123456790123
0 0.5656488447359397 0.36538018213686935 0.08989197530864199 0.16615226337448555
0 0.7870780285493828 0.07427269090077732 0.05902777777777762 0.21450617283950618
0 0.8449526856138547 0.591214182289285 0.06520061728395048 0.17798353909465026
0 0.7677956747256516 0.5876138355433623 0.07021604938271588 0.17849794238683123
0 0.009683909893689986 0.446749733272367 0.05594135802469136 0.2674897119341563
0 0.39045755101165985 0.12361301630848955 0.03665123456790119 0.16872427983539096
0 0.6995019397290808 0.5942934575522024 0.06057098765432095 0.17026748971193417
0 0.8380237804355279 0.37412551440329217 0.0875771604938273 0.1666666666666667
0 0.6485701195987654 0.08559242112482854 0.05208333333333341 0.2175925925925926
0 0.9244349601337448 0.3571630658436214 0.0752314814814816 0.18055555555555555
0 0.918629436728395 0.08405921353452217 0.04861111111111111 0.22839506172839508
0 0.41016000085733884 0.5860553840877916 0.07484567901234572 0.16203703703703692
0 0.5398124035493826 0.8432398834019204 0.10763888888888896 0.1435185185185184
0 0.35809086719821676 0.8221812604785855 0.09529320987654318 0.17798353909465026
0 0.3229772162208505 0.5783450502972107 0.08719135802469134 0.16820987654320985
0 0.46146610296639234 0.8339825293400396 0.0667438271604938 0.14557613168724284
0 0.4903878922325103 0.6441205608901083 0.04745370370370373 0.09465020576131693
0 0.7361496913580248 0.8427373875933546 0.05555555555555555 0.15637860082304528
0 0.8754645704732509 0.8339977709190672 0.11342592592592603 0.16203703703703715
0 0.620002786351166 0.09278882792257279 0.026234567901234525 0.21193415637860086
0 0.7087394975994512 0.14880829903978054 0.02932098765432103 0.15740740740740738
0 0.22534025634430727 0.3725642051516537 0.045524691358024685 0.1471193415637861
0 0.256983024691358 0.5814128943758573 0.055555555555555594 0.14814814814814814
0 0.7392219114368999 0.12157159731748209 0.0351080246913581 0.18621399176954734
0 0.9198010438100136 0.5922363206828227 0.06905864197530873 0.17078189300411523
0 0.0027354466735253773 0.7841411370217956 0.05015432098765433 0.20576131687242794
0 0.20143309542181068 0.8067315386374028 0.06365740740740738 0.15895061728395068
0 0.9706980345507544 0.07471183889650966 0.027391975308641906 0.1332304526748971
0 0.9741678455075445 0.21408417162017987 0.023919753086419682 0.09979423868312753
