0 0.792362945031299 0.34121348461137196 0.1575704225352112 0.2711267605633802
0 0.5374981660798122 0.7466598200312989 0.12411971830985927 0.19542253521126757
0 0.4045737969483568 0.0037471744044514 0.12147887323943654 0.24413145539906103
0 0.39713816754694836 0.7231986828377673 0.1888204225352112 0.20950704225352118
0 0.12641792595852896 0.6863089027995132 0.14040492957746475 0.29812206572769945
0 0.08283970314945227 0.39750260824204486 0.13424295774647887 0.2183098591549296
0 0.3165248435054773 0.4391230872891671 0.09154929577464786 0.16842723004694843
0 0.2809085851917058 0.6851091114588767 0.14216549295774653 0.26995305164319244
0 0.21969416324334898 0.408051860545992 0.09198943661971827 0.20305164319248828
0 0.23207067928403755 0.0008156190227786472 0.16769366197183097 0.2470657276995305
0 0.04150558734350548 0.0008129021039819162 0.19058098591549294 0.24413145539906103
0 0.6537023792057903 0.7589832203095115 0.13424295774647885 0.1948356807511737
0 0.636981306240219 0.33874380542514343 0.14040492957746487 0.1390845070422535
0 0.5326657863849765 0.006090788558511563 0.13732394366197181 0.24002347417840372
0 0.254941803599374 0.3416079812206573 0.14436619718309862 0.06338028169014086
0 0.0022823136737089205 0.7009666797078768 0.1175176056338028 0.28345070422535207
0 0.0026970852895148666 0.3318314206225004 0.08098591549295775 0.27934272300469487
0 0.4138442634976525 0.3358937576073726 0.16109154929577474 0.23004694835680747
0 0.8851987358176839 0.6880053468961921 0.10871478873239432 0.22887323943661964
0 0.6765722809076682 0.49775745522517817 0.1091549295774648 0.11326291079812208
0 0.7980285357981219 0.751349765258216 0.07658450704225367 0.19014084507042261
0 0.5102100449921753 0.4051099808728917 0.125 0.1948356807511738
0 0.6827577880477308 0.014775691184141888 0.14304577464788737 0.11267605633802816
