0 0.3897874871399176 0.4014408055174516 0.1828703703703704 0.22273662551440335
0 0.8515552662037037 0.29128657978966616 0.1284722222222222 0.1450617283950618
0 0.8851042738340191 0.48214544276787075 0.10570987654320985 0.16152263374485598
0 0.5873229059499314 0.3942744055784179 0.18942901234567897 0.26080246913580246
0 0.21307870370370374 0.4060713877457705 0.1666666666666667 0.2237654320987654
0 0.019024080504115224 0.4014631915866484 0.1724537037037037 0.2469135802469136
0 0.23041677383401923 0.3231148071940253 0.13348765432098766 0.07510288065843625
0 0.563402617026749 0.27428221688766957 0.18865740740740747 0.1136831275720164
0 0.03213064771947874 0.27890898872123154 0.1570216049382716 0.11059670781893005
0 0.3705051333161865 0.26966925773510136 0.19405864197530864 0.13168724279835392
0 0.21307709619341564 0.0006587219935985368 0.16435185185185186 0.1558641975308642
0 0.2439061964163237 0.2793562338058223 0.11381172839506175 0.038065843621399156
0 0.4939032493141289 0.7177102385307118 0.10956790123456793 0.12705761316872433
0 0.4908337084190672 0.8812828646547783 0.1338734567901234 0.11882716049382709
0 0.625855195473251 0.8802550106691053 0.12037037037037047 0.11985596707818931
0 0.09036833419067215 0.7290461629324798 0.13040123456790123 0.14763374485596698
0 0.271696834276406 0.7223608253315044 0.13233024691358025 0.14969135802469133
0 0.346930994941701 0.8966954351470813 0.13618827160493827 0.09773662551440328
0 0.4070749206961591 0.7181989216582838 0.07677469135802469 0.09927983539094656
0 0.0008391203703703705 0.8812828646547783 0.09722222222222222 0.11882716049382709
0 0.1084860468106996 0.8853852309099223 0.1087962962962963 0.10493827160493842
0 0.7392768347050753 0.7125676345069349 0.11419753086419762 0.1286008230452674
0 0.7508626971879286 0.8884692691662857 0.13117283950617287 0.10236625514403291
0 0.626611529063786 0.7074055022100288 0.09837962962962961 0.10905349794238688
0 0.8870289994855967 0.715119170096022 0.09953703703703715 0.1064814814814816
0 0.0008123285322359397 0.0006668190824569426 0.05864197530864197 0.16460905349794241
0 0.06530001500342936 0.0022019318701417467 0.1431327160493827 0.15586419753086417
0 0.38553079989711936 0.0006587219935985368 0.16435185185185183 0.1558641975308642
0 0.5579528892318244 0.0006572930955647006 0.11882716049382715 0.154320987654321
0 0.7111419217249657 0.008366197988111569 0.1554783950617285 0.14660493827160495
0 0.8789416152263374 0.005281207133058984 0.12037037037037047 0.14814814814814814
0 0.002721246999314129 0.2804507696997409 0.02970679012345679 0.10905349794238682
0 0.7585412379972566 0.2727347203170249 0.07716049382716048 0.10905349794238682
0 0.7870930319787381 0.39529606767261083 0.0806327160493827 0.25308641975308643
0 0.002760631001371742 0.699749466544734 0.08641975308641975 0.1738683127572017
0 0.22076501414609054 0.876655140222527 0.12384259259259262 0.12088477366255143
0 0.4124686535493827 0.8539556660570036 0.06597222222222222 0.049897119341563705
0 0.9040018968621399 0.8946406797744247 0.09606481481481476 0.10082304526748963
0 0.8982188786008231 0.844697835695778 0.1018518518518519 0.05144032921810688
0 0.7462349429869685 0.8462324721841182 0.13387345679012333 0.042181069958847725
0 0.6270053690843621 0.8354247637555251 0.10995370370370373 0.03652263374485598
