0 0.2487990879303599 0.2066678621109372 0.1720950704225352 0.10269953051643191
0 0.5616670945813771 0.3974335985046079 0.06822183098591555 0.14377934272300474
0 0.4331517752347418 0.15213984524430535 0.07658450704225352 0.1561032863849765
0 0.7460873312793428 0.4091598200312989 0.06998239436619716 0.1320422535211268
0 0.6382424320226916 0.623913775865067 0.05501760563380284 0.09448356807511739
0 0.3261841011345853 0.4068026212832551 0.05721830985915485 0.12147887323943657
0 0.7086609937402191 0.6074927186576249 0.04929577464788729 0.10622065727699521
0 0.4133292375782473 0.4079850243435924 0.05325704225352115 0.1308685446009389
0 0.6664203100547731 0.41150289080159974 0.067781690140845 0.12734741784037548
0 0.7702819346635367 0.6010427534341853 0.05105633802816922 0.11208920187793422
0 0.3213486649061033 0.6286466484089723 0.06602112676056338 0.13556338028169018
0 0.3996919014084507 0.6198541557989914 0.06338028169014089 0.14671361502347424
0 0.8763577122456964 0.610456333681099 0.05369718309859163 0.13791079812206566
0 0.48112070862676054 0.3892306772735176 0.06734154929577467 0.1578638497652582
0 0.596427829127543 0.15448617631716224 0.05325704225352115 0.15492957746478872
0 0.09072953345070423 0.7253863458528952 0.08714788732394367 0.0369718309859155
0 0.5260062108763692 0.15272724308815858 0.054577464788732516 0.1566901408450704
0 0.01414166422143975 0.4490181055468614 0.08230633802816902 0.08039906103286387
0 0.8261947990023474 0.17910689445313857 0.07262323943661973 0.1255868544600939
0 0.5343942561619718 0.6544416188488958 0.09110915492957743 0.10680751173708908
0 0.01809712441314554 0.35393790210398185 0.07394366197183098 0.06983568075117375
0 0.09820398082942097 0.6667068770648583 0.07570422535211269 0.04342723004694838
0 0.08763907228090767 0.24125912884715703 0.07350352112676059 0.06690140845070418
0 0.8966188624804382 0.385698139454008 0.0748239436619719 0.14553990610328635
0 0.7531265282668231 0.18321215875499913 0.06558098591549298 0.1226525821596244
0 0.8257409037558686 0.4120930055642497 0.05281690140845067 0.13086854460093902
0 0.9485346977699533 0.624537037037037 0.04489436619718295 0.13380281690140836
0 0.6721369449334899 0.15331355416449313 0.06029929577464783 0.15610328638497653
0 0.3649907692683882 0.9595260606850982 0.16417253521126757 0.020539906103286504
0 0.7487489607785603 0.9067336115458181 0.0999119718309858 0.04694835680751181
0 0.7443506088615023 0.8433560467744741 0.10431338028169014 0.04988262910798106
0 0.36939095510563386 0.9161086115458181 0.16241197183098588 0.03110328638497648
0 0.9085048048708921 0.05874358807163972 0.07790492957746473 0.06279342723004695
0 0.5133264866979655 0.8403946052860373 0.17605633802816914 0.020539906103286397
0 0.5397404391627543 0.8785428621109371 0.18397887323943662 0.023474178403755958
0 0.5472136639280126 0.9067129629629629 0.1707746478873239 0.024647887323943803
0 0.5630455912558685 0.9489572465658147 0.1518485915492958 0.014671361502347382
0 0.8631803843896715 0.8199470744218398 0.09242957746478864 0.12030516431924873
0 0.0026928061424100155 0.6584849374021909 0.07482394366197183 0.0369718309859155
0 0.004895955594679186 0.7189238828029908 0.07834507042253522 0.029342723004694763
0 0.0062145442097026595 0.616230872891671 0.07570422535211267 0.03638497652582163
0 0.09424210191705791 0.6232801904016693 0.07482394366197183 0.044014084507042354
0 0.0018070226917057902 0.26998945835506866 0.06690140845070423 0.03931924882629108
0 0.973169747652582 0.12635030864197533 0.026408450704225414 0.19072769953051644
0 0.8996928183685445 0.1480383846287602 0.06470070422535217 0.1631455399061033
0 0.2799518901604069 0.40917231785776387 0.0321302816901408 0.14553990610328635
0 0.36498312793427234 0.883841397148322 0.15316901408450703 0.041666666666666664
0 0.7333244693857591 0.3421872283081204 0.07174295774647876 0.055164319248826255
0 0.7390377420774648 0.1103829768735872 0.059419014084507185 0.05868544600938967
