0 0.338959494816119 0.006006564075812902 0.07350352112676058 0.14906103286384975
0 0.24695691510172144 0.27960735089549643 0.0545774647887324 0.2857981220657277
0 0.816939003814554 0.257910580768562 0.05413732394366204 0.3039906103286384
0 0.454699114827856 0.6815651625804209 0.04841549295774649 0.24530516431924873
0 0.39527826682316125 0.6979715484263607 0.04577464788732392 0.2177230046948357
0 0.10876124804381847 0.27724906537993393 0.06690140845070425 0.27406103286384975
0 0.16860848249217528 0.655160515562511 0.049735915492957715 0.24941314553990612
0 0.6787360010758997 0.2625994392279603 0.0558978873239438 0.2975352112676057
0 0.1122704543231612 0.6452035515562511 0.04973591549295776 0.2705399061032864
0 0.4274161898474179 0.25380042601286734 0.05677816901408445 0.3016431924882628
0 0.6862162558685446 0.6979921970092159 0.05281690140845059 0.24002347417840378
0 0.74123997456964 0.25907939923491563 0.0616197183098592 0.2987089201877935
0 0.4912323332355243 0.26671231090245173 0.05061619718309858 0.30281690140845063
0 0.0568102626173709 0.6540079986089375 0.04621478873239436 0.272300469483568
0 0.3028590815727699 0.28020398626325854 0.06073943661971831 0.2963615023474178
0 0.2826012935250391 0.6932919274908711 0.04445422535211271 0.23415492957746478
0 0.3411406372261345 0.7038444400973743 0.04533450704225359 0.22241784037558684
0 0.6272337147887324 0.6991648191618849 0.04753521126760568 0.23884976525821605
0 0.573978506455399 0.6680903321161538 0.050176056338028095 0.26995305164319255
0 0.17873416715571205 0.2737404364458355 0.05325704225352111 0.2875586854460094
0 0.6193142361111111 0.2555522952529995 0.051936619718309866 0.29225352112676056
0 0.22230383167057902 0.6868354416623196 0.047095070422535204 0.23298122065727703
0 0.561215033255086 0.2508672404799165 0.051056338028169064 0.30281690140845074
0 0.5176349765258216 0.6733655016518867 0.04225352112676062 0.2629107981220657
0 0.041423060935054774 0.25967820813771525 0.07174295774647889 0.31161971830985913
0 0.3745922584115806 0.28721363675882455 0.046654929577464796 0.26115023474178406
0 0.8266248532863849 0.6991485176491045 0.058098591549295815 0.221244131455399
0 0.0004752909820031299 0.25732644322726483 0.05061619718309859 0.306924882629108
0 0.06429174002347418 0.018916275430359942 0.04489436619718309 0.147887323943662
0 0.018954787754303596 0.6657309598330726 0.04137323943661972 0.25704225352112664
0 0.22362669943270738 0.013630238219440097 0.05061619718309858 0.1431924882629108
0 0.2958101036776213 0.011870218222917752 0.05105633802816898 0.14377934272300472
0 0.007520295383411579 0.01599993479394888 0.0545774647887324 0.1672535211267606
0 0.1681680359937402 0.018325617283950615 0.049295774647887314 0.14377934272300472
0 0.6606850303208138 0.029460637280472962 0.04841549295774649 0.1273474178403756
0 0.43093639964788727 0.016567770822465664 0.05545774647887324 0.1467136150234742
0 0.8710665468505477 0.008936489306207617 0.04005281690140837 0.14436619718309857
0 0.8006562377738654 0.01361991392801252 0.057658450704225414 0.13204225352112675
0 0.7390304063967135 0.02829399234915667 0.04885563380281705 0.13497652582159625
0 0.7522334091353678 0.7185136280646844 0.04709507042253512 0.22007042253521125
0 0.9485414221439751 0.7343456572769953 0.05457746478873228 0.20598591549295775
0 0.5022410504694835 0.006015801599721787 0.058098591549295815 0.159037558685446
0 0.5783789979460094 0.008367566510172146 0.04885563380281681 0.16373239436619721
0 0.9736013302034429 0.38281548861067644 0.014084507042253513 0.20129107981220654
