0 0.2582074116941015 0.15047058375247677 0.15200617283950615 0.2860082304526749
0 0.5976758080418381 0.17924763755525072 0.0976080246913581 0.2541152263374486
0 0.714573688271605 0.18541333257125436 0.09722222222222222 0.24639917695473249
0 0.8391999421296296 0.18546953589391862 0.11458333333333333 0.30709876543209885
0 0.20269365140603568 0.7131758687700045 0.2121913580246913 0.2299382716049383
0 0.7154519247256517 0.76304631534827 0.2507716049382716 0.2011316872427983
0 0.4534730259773662 0.6756758687700046 0.2233796296296296 0.2854938271604939
0 0.07453221450617284 0.682870846669715 0.10416666666666667 0.27829218106995895
0 0.0038998199588477366 0.7737520957171162 0.06018518518518519 0.09670781893004117
0 0.0015882201646090536 0.8869308222831886 0.06481481481481481 0.1075102880658436
0 0.001593042695473251 0.43189967230605086 0.07175925925925927 0.34053497942386834
0 0.9390825938786008 0.5967930765127266 0.056712962962963014 0.09207818930041164
