0 0.3270665223982786 0.2208001869240132 0.06029929577464787 0.15434272300469484
0 0.08368269512910798 0.6668247913406364 0.08054577464788733 0.17077464788732397
0 0.47276597955790295 0.6750646626673622 0.0787852112676056 0.1965962441314554
0 0.7333204958920189 0.6797317857763866 0.06602112676056322 0.16666666666666666
0 0.6435332917644757 0.4332692140497305 0.06822183098591547 0.18427230046948362
0 0.574879572574335 0.6797524343592418 0.08010563380281681 0.18896713615023478
0 0.6580603848787168 0.6768192488262911 0.07174295774647893 0.19014084507042261
0 0.38121698943661975 0.6768100113023822 0.07922535211267609 0.18016431924882642
0 0.9036550029342721 0.18268779342723004 0.06602112676056338 0.19014084507042256
0 0.26852656739045383 0.22080073030777256 0.058538732394366216 0.15492957746478872
0 0.8050732345461659 0.6738768257694313 0.08010563380281689 0.18133802816901404
0 0.43885373875195616 0.19149332724743523 0.047975352112676006 0.19307511737089206
0 0.5691452098004695 0.4309179925230395 0.062059859154929516 0.1801643192488263
0 0.48596256357589984 0.4490909189706138 0.067781690140845 0.15903755868544603
0 0.7231926716549296 0.43093918448965396 0.059419014084507026 0.20305164319248828
0 0.3939560103677621 0.1973564380107807 0.04313380281690142 0.18720657276995312
0 0.011493177816901408 0.6638959528777604 0.07130281690140844 0.176643192488263
0 0.20822879988262907 0.22549393583724572 0.060739436619718354 0.15316901408450703
0 0.05241099374021909 0.21963082507390017 0.04929577464788732 0.159037558685446
0 0.1518886321400626 0.21962647800382543 0.05765845070422534 0.15434272300469484
0 0.48462777533255086 0.19031635802469135 0.047095070422535204 0.18955399061032865
0 0.5836588541666666 0.19089614849591377 0.046214788732394395 0.18192488262910797
0 0.5326064896322379 0.17975895496435404 0.051936619718309866 0.19600938967136144
0 0.10698479068857589 0.22431968353329854 0.044014084507042264 0.15258215962441313
0 0.16817781690140846 0.6597754738306381 0.06338028169014086 0.16314553990610334
0 0.001353127445226917 0.23780320813771513 0.04709507042253521 0.13732394366197184
0 0.018511896028951487 0.007127564771344115 0.03741197183098592 0.0921361502347418
0 0.0004942414906103286 0.41393181620587727 0.0779049295774648 0.2153755868544601
0 0.09201419454225353 0.009471178925404278 0.03565140845070422 0.0880281690140845
0 0.39263375391236305 0.01591136324117545 0.04049295774647885 0.07159624413145539
0 0.8855927230046947 0.005353960180838115 0.042253521126760535 0.07805164319248827
0 0.4348878863458529 0.011809902625630324 0.04137323943661973 0.07863849765258216
0 0.06032191412363068 0.010063467223091637 0.032570422535211266 0.09389671361502347
0 0.7592836096439749 0.19030712050078247 0.058538732394366216 0.17957746478873243
0 0.8208981318466354 0.19030712050078247 0.051056338028169064 0.17957746478873243
0 0.8539123630672927 0.4350460789427925 0.05633802816901405 0.2018779342723005
0 0.7896545505672926 0.43855688141192833 0.06029929577464799 0.19072769953051644
0 0.9520610206377154 0.4332572596070248 0.05237676056338011 0.17136150234741784
0 0.940182108274648 0.7078866718831507 0.059419014084507026 0.15140845070422543
0 0.3037479215571205 0.6727003999304468 0.07306338028169014 0.1784037558685447
0 0.23640270442097028 0.6680017605633803 0.0677816901408451 0.17429577464788729
0 0.1289857198748044 0.01240545122587376 0.035211267605633784 0.0880281690140845
0 0.17299980438184664 0.011231742305685967 0.03521126760563376 0.0880281690140845
0 0.26895050860719877 0.012992305685967657 0.03521126760563382 0.0880281690140845
0 0.3041617762128326 0.012992305685967657 0.03521126760563374 0.0880281690140845
0 0.3486160015649452 0.004776343244653105 0.03521126760563382 0.08802816901408451
0 0.47537656494522695 0.0006678186402364806 0.035211267605633784 0.08744131455399061
0 0.5158695226917058 0.0012552164840897236 0.0352112676056337 0.0880281690140845
0 0.5537216353677621 0.0006678186402364806 0.03521126760563386 0.08744131455399061
0 0.599502090669014 0.003014149713093375 0.043573943661971905 0.08626760563380281
0 0.6483577244718309 0.004774713093375065 0.043573943661971905 0.08626760563380281
0 0.7887626540492958 0.000666188488958442 0.043573943661971905 0.08568075117370892
0 0.8424598371478874 0.000666188488958442 0.043573943661971905 0.08568075117370892
0 0.9318075117370891 0.003006542340462528 0.042253521126760694 0.07805164319248827
0 0.9137559296752737 0.4197786254564423 0.03389084507042257 0.19190140845070425
