0 0.7258998435054773 0.45488665014780033 0.1549295774647888 0.08039906103286383
0 0.3729151383998435 0.4402234394018432 0.16681338028169004 0.0892018779342723
0 0.7258967869718309 0.3580638149886976 0.15052816901408445 0.08920187793427235
0 0.5590831010367762 0.3563021648408972 0.15008802816901412 0.0880281690140845
0 0.558205570226917 0.4472662363067293 0.1540492957746479 0.08978873239436616
0 0.0005471195226917058 0.4214506172839506 0.15404929577464788 0.096244131455399
0 0.3773165468505477 0.34750369500956363 0.16681338028169013 0.09272300469483567
0 0.13302920823552425 0.7600564032342201 0.15360915492957747 0.08626760563380279
0 0.5546847491197183 0.255954942618675 0.1544894366197184 0.09330985915492959
0 0.3768705985915493 0.2524300121717962 0.1584507042253521 0.0892018779342723
0 0.7219404098200313 0.14505357763867155 0.1575704225352112 0.10856807511737088
0 0.1352329689945227 0.6362659754825247 0.15801056338028172 0.125
0 0.5524907692683881 0.14622619979134063 0.16417253521126757 0.10739436619718311
0 0.1880489534428795 0.2735861154581812 0.15669014084507044 0.1208920187793427
0 0.0005471195226917058 0.1456317379586159 0.15404929577464788 0.09917840375586859
0 0.3768705985915493 0.13683978873239436 0.1584507042253521 0.11091549295774648
0 0.7241411140453835 0.25889030168666316 0.1575704225352112 0.09448356807511739
0 0.0005492590962441316 0.24714940879846986 0.15713028169014087 0.0903755868544601
0 0.18408524061032863 0.3980025213006434 0.15316901408450706 0.12441314553990614
0 0.0018672364045383414 0.33576388888888886 0.15360915492957747 0.08978873239436622
0 0.18981440727699533 0.1415492957746479 0.1637323943661972 0.12676056338028172
0 0.29368122799295776 0.6368620674665275 0.1544894366197183 0.13497652582159622
0 0.44948925322769956 0.6409798295948531 0.15184859154929573 0.1455399061032864
0 0.8891615316901408 0.4648539384454877 0.11091549295774648 0.07042253521126761
0 0.7509955130086071 0.6421415840723351 0.16593309859154934 0.13262910798122063
0 0.890920872456964 0.3762503260302556 0.10915492957746473 0.08274647887323947
0 0.890920872456964 0.27708115979829595 0.10915492957746473 0.09272300469483573
0 0.888721696498435 0.15914406190227784 0.11135563380281689 0.11502347417840379
0 0.9151118080007825 0.6415335376456268 0.08494718309859148 0.10974178403755865
0 0.1356764720266041 0.8521996174578333 0.16285211267605634 0.09389671361502352
0 0.7663891334115807 0.7817922969918274 0.14964788732394366 0.11032863849765262
0 0.6083813209115806 0.7788699791340638 0.15360915492957736 0.12323943661971828
0 0.13479771860328638 0.9484046252825595 0.16505281690140844 0.05164319248826288
0 0.45081395491001564 0.7818042514345331 0.1580105633802817 0.1232394366197184
0 0.2848854411189358 0.767723548078595 0.16461267605633803 0.1273474178403757
0 0.6083813209115806 0.9061880542514344 0.15360915492957736 0.09154929577464783
0 0.2884169600938967 0.8991544948704573 0.17957746478873235 0.10093896713615028
0 0.44861172241784036 0.9073590462528256 0.1558098591549296 0.08861502347417838
0 0.7624336732198749 0.8997408059467918 0.1580105633802816 0.10035211267605641
0 0.003612822769953052 0.635092266562337 0.13204225352112678 0.125
0 0.002729484546165884 0.7630221917927317 0.12764084507042253 0.12030516431924873
0 0.0005303085876369328 0.8862556511910972 0.12984154929577466 0.11384976525821605
0 0.9159911727308295 0.7553675447748218 0.08362676056338027 0.09272300469483558
0 0.9137923024256651 0.8463392236132846 0.08626760563380284 0.10269953051643199
0 0.9115915982003131 0.9448867588245523 0.08626760563380269 0.055164319248826206
0 0.6057276383998434 0.6145697487393497 0.13512323943661972 0.14377934272300458
