0 0.45826822916666665 0.23963278125543383 0.11751760563380276 0.21185446009389672
0 0.7667895393192488 0.8281961832724745 0.09242957746478879 0.15610328638497636
0 0.6703907472613458 0.2965288645452965 0.0809859154929577 0.1807511737089202
0 0.7553831670579031 0.551815988523735 0.14612676056338028 0.18661971830985918
0 0.5850012837441314 0.2847961224134933 0.07790492957746488 0.1854460093896714
0 0.7614916495500782 0.3129580725091288 0.06910211267605636 0.17781690140845072
0 0.15546049735915493 0.22203747174404453 0.13072183098591547 0.22300469483568072
0 0.002721537558685446 0.1921187619544427 0.11619718309859156 0.23474178403755872
0 0.09516334115805947 0.620950704225352 0.13380281690140847 0.06338028169014091
0 0.47718511590375584 0.5465109328812381 0.10431338028169014 0.1613849765258215
0 0.6004221072965572 0.5611529516605808 0.10079225352112675 0.12969483568075116
0 0.7315660455790298 0.004800795513823683 0.07482394366197175 0.11443661971830986
0 0.4731984790688576 0.012985241697096157 0.067781690140845 0.08039906103286386
0 0.15851458577856026 0.7694281429316641 0.09198943661971831 0.06690140845070423
0 0.854820459213615 0.4337419579203617 0.09639084507042242 0.06103286384976527
0 0.9261055482198748 0.5864289906103287 0.07086267605633796 0.17429577464788718
0 0.8508564407276995 0.35276745348635025 0.09242957746478879 0.07335680751173707
0 0.45035455790297335 0.8041557989914797 0.13028169014084515 0.1784037558685446
0 0.6079207012910798 0.8692428490697269 0.1241197183098592 0.12030516431924894
0 0.004446645148669797 0.49719613980177363 0.06514084507042255 0.14084507042253522
0 0.8759551667644757 0.8445960485133021 0.10783450704225352 0.12147887323943668
0 0.0035938722613458535 0.7530695748565466 0.10475352112676056 0.14612676056338028
0 0.6140762544014083 0.803460811163276 0.11487676056338035 0.0616197183098592
0 0.13387861893583725 0.8375385802469136 0.1091549295774648 0.10504694835680747
0 0.2711995060641628 0.7847613458528951 0.10475352112676058 0.147887323943662
0 0.8279859277190923 0.0006982481307598679 0.11663732394366204 0.12030516431924883
0 0.2531503692292644 0.0024186011128499393 0.09991197183098595 0.07687793427230047
0 0.04937555017605633 0.005944618327247435 0.11487676056338027 0.08215962441314555
0 0.5494103946596245 0.003614045383411581 0.16505281690140844 0.10035211267605634
0 0.15411745647496086 0.505965810293862 0.09815140845070426 0.10504694835680747
0 0.2685198430164319 0.5159651582333508 0.04885563380281689 0.12969483568075116
0 0.959972552327856 0.38272854720918104 0.03653169014084515 0.10739436619718311
