0 0.5822482638888888 0.6812900091449474 0.10416666666666659 0.2376543209876544
0 0.09570580418381343 0.21835705304069503 0.03858024691358026 0.2700617283950617
0 0.7242048182441702 0.7146985977747294 0.07716049382716048 0.2078189300411523
0 0.023945473251028807 0.2476566072245085 0.037037037037037035 0.2469135802469136
0 0.4699454518175583 0.19886878905654626 0.054783950617283965 0.33384773662551437
0 0.31561964163237316 0.24408245694253922 0.047839506172839524 0.2757201646090536
0 0.26855066872427985 0.26516060813900316 0.04629629629629631 0.26234567901234573
0 0.21762340320644719 0.25538980338363054 0.04436728395061734 0.26543209876543217
0 0.5363005294067216 0.21530873723517757 0.05054012345679016 0.31121399176954734
0 0.5995670438957477 0.24974136945587563 0.04320987654320984 0.2762345679012345
0 0.18328189300411524 0.252298620637098 0.03703703703703702 0.2602880658436214
0 0.4136118612825788 0.2502552964487121 0.045524691358024685 0.27572016460905346
0 0.3688550240054869 0.24871208657216884 0.04012345679012349 0.2757201646090535
0 0.6366040809327846 0.25334219250114315 0.04320987654320984 0.27623456790123463
0 0.14007094478738 0.25434432632220694 0.03549382716049381 0.24742798353909465
0 0.621940372085048 0.0031602461515012953 0.038580246913580314 0.07973251028806584
0 0.9070824224108367 0.3720483729614387 0.08757716049382715 0.14557613168724284
0 0.6821360060871057 0.24099937128486512 0.05362654320987643 0.27932098765432095
0 0.7450046617798355 0.39569949321749737 0.028935185185185237 0.13323045267489708
0 0.7245667759773664 0.0026539399481786312 0.042824074074073966 0.08847736625514403
0 0.668238811728395 0.0031569120560890106 0.04166666666666675 0.07613168724279835
0 0.3777531292866941 0.6375895442767872 0.07561728395061722 0.26337448559670773
0 0.2913269461591221 0.6422091716201798 0.06635802469135801 0.2525720164609055
0 0.47151063100137175 0.7177778730376466 0.08641975308641968 0.2001028806584363
0 0.12427286951303154 0.6380001143118428 0.06404320987654323 0.1512345679012345
0 0.846906078532236 0.6797739483310471 0.10030864197530857 0.26697530864197544
0 0.959522890946502 0.7064995808565767 0.04629629629629635 0.24176954732510297
0 0.005834190672153635 0.6247070759030636 0.06790123456790123 0.23919753086419757
0 0.8554082004458162 0.010892489711934156 0.1211419753086419 0.09722222222222221
0 0.8561792695473252 0.11376028806584361 0.12037037037037032 0.08333333333333333
0 0.8388200338648834 0.19965658817253468 0.12307098765432095 0.07355967078189299
0 0.840746367026749 0.2783688652644414 0.11921296296296302 0.08281893004115227
0 0.5660022290809328 0.006240950312452369 0.04320987654320984 0.073559670781893
0 0.5173897783779151 0.005206428135954884 0.04128086419753079 0.06738683127572018
0 0.4448640046296296 0.0011016803840877916 0.04861111111111111 0.0787037037037037
0 0.3769600908779149 0.005209762231367169 0.044753086419753174 0.07098765432098766
0 0.3013583461934156 0.005210714830056394 0.06712962962962964 0.07201646090534979
0 0.2195727773491084 0.00623190062490474 0.0736882716049383 0.06378600823045268
0 0.16168713563100137 0.0026353642737387594 0.05169753086419754 0.0684156378600823
0 0.11307468492798353 0.005202617741197988 0.04976851851851853 0.0632716049382716
0 0.06445955504115226 0.005206428135954884 0.04398148148148149 0.06738683127572018
0 0.015847908093278462 0.008805822283188538 0.043209876543209874 0.06584362139917695
0 0.7727832433127573 0.010872008840115835 0.03009259259259254 0.0751028806584362
