0 0.6136587319053208 0.740835289514867 0.1474471830985917 0.24295774647887314
0 0.4538931069053208 0.7455290384280995 0.15536971830985913 0.2417840375586854
0 0.36318282961658843 0.1033988654147105 0.0959507042253521 0.12147887323943662
0 0.7267342771909232 0.10107318292470875 0.08890845070422541 0.14495305164319247
0 0.6259481367370893 0.10986784906972699 0.0977112676056337 0.136150234741784
0 0.27698063380281684 0.40340266910102596 0.19014084507042256 0.2523474178403755
0 0.0731920603482003 0.3787803208137715 0.18529929577464788 0.2799295774647888
0 0.5771508827269172 0.42684859154929583 0.18177816901408453 0.2218309859154929
0 0.15939975792253522 0.10105470787689098 0.09903169014084502 0.125
0 0.26151335093896716 0.09401788819335767 0.10035211267605627 0.13086854460093897
0 0.90760465571205 0.11044003216831855 0.04929577464788745 0.12030516431924883
0 0.03352406103286385 0.09753847157016171 0.10563380281690142 0.1302816901408451
0 0.5264643852699531 0.08344418362023996 0.08054577464788729 0.11971830985915491
0 0.4617508436032864 0.08461952269170579 0.0620598591549296 0.12147887323943662
0 0.4604698503521127 0.4532385672057033 0.11883802816901397 0.2018779342723005
0 0.82582281885759 0.37760498174230567 0.1707746478873239 0.278169014084507
0 0.9366548684467918 0.7484149495739871 0.0506161971830985 0.18955399061032877
0 0.8178382360133021 0.10280929403581986 0.0814260563380281 0.11854460093896711
0 0.9590953271713615 0.060629673100330385 0.04093309859154933 0.19835680751173707
0 0.7888323430164318 0.7337908624587028 0.14392605633802827 0.24061032863849754
0 0.29852491686228483 0.7467016605807686 0.15757042253521128 0.24061032863849754
0 0.11411415541862287 0.7455371891844896 0.1694542253521127 0.2505868544600939
0 0.5167849545187793 0.00241425404277517 0.08582746478873252 0.07218309859154928
0 0.6048186252934273 0.0036026343244653105 0.09375 0.08802816901408451
0 0.8526124193075119 0.0006612980351243262 0.08582746478873228 0.08039906103286386
0 0.0013626026995305163 0.7572628673274213 0.06073943661971831 0.23826291079812206
0 0.001355878325508607 0.3729215571205008 0.05105633802816901 0.2904929577464788
0 0.26238751956181533 0.00298045992001391 0.09154929577464786 0.04988262910798122
