0 0.3601131528755869 0.8182435663362894 0.11223591549295778 0.18192488262910803
0 0.33765129841549296 0.06594994348808904 0.09110915492957751 0.24002347417840372
0 0.44549100156494525 0.07709257085724222 0.09859154929577459 0.23180751173708922
0 0.5577311962050078 0.07591994870457311 0.10475352112676053 0.23298122065727703
0 0.3429598860524256 0.4673361154581812 0.12984154929577466 0.21596244131455397
0 0.21486606269561814 0.06888149886976179 0.11135563380281693 0.23708920187793422
0 0.22939071058294214 0.828206507563902 0.11135563380281689 0.16725352112676053
0 0.4785302963615024 0.46617218744566163 0.13996478873239432 0.2265258215962441
0 0.09514469630281691 0.08882150930272996 0.10695422535211269 0.22300469483568075
0 0.8244336243153364 0.06946889671361502 0.07174295774647893 0.2376760563380282
0 0.6831893705985915 0.07415666840549469 0.13072183098591547 0.23004694835680753
0 0.0009432462832550861 0.10407266127629977 0.09066901408450705 0.2153755868544601
0 0.02734955741392801 0.8071036558859329 0.08758802816901409 0.19307511737089197
0 0.4908435421557121 0.8370055207789949 0.12455985915492959 0.16314553990610323
0 0.6272957624217527 0.46558424621804906 0.13688380281690143 0.22535211267605626
0 0.778676704323161 0.46382422622152664 0.09727112676056338 0.22593896713615028
0 0.6286106831964007 0.8299665275604243 0.12896126760563378 0.16666666666666657
0 0.0022618348982785604 0.4743647843853243 0.08802816901408451 0.20129107981220656
0 0.10041874510954615 0.4649870674665275 0.09595070422535211 0.21420187793427228
0 0.11186699188184665 0.8158879977395236 0.10255281690140844 0.17312206572769967
0 0.7729508998435056 0.8369990001738828 0.09154929577464783 0.1561032863849766
