0 0.28440795396090535 0.33349146471574453 0.10300925925925929 0.17078189300411523
0 0.38973470721879283 0.3396504915409237 0.1068672839506173 0.15586419753086417
0 0.5760724772805212 0.34685785322359397 0.09992283950617285 0.16203703703703703
0 0.677914951989026 0.32732291190367324 0.08641975308641985 0.17541152263374477
0 0.7654888974622771 0.3242393499466545 0.08179012345679015 0.17849794238683123
0 0.8889582797496571 0.31961686480719403 0.09992283950617285 0.1862139917695473
0 0.7597120413237313 0.12774586572168875 0.09645061728395063 0.18775720164609053
0 0.6690460498113855 0.1354571521109587 0.09297839506172834 0.18261316872427988
0 0.5726010588134431 0.1354657254991617 0.10108024691358032 0.19187242798353912
0 0.4819310485253772 0.11849756134735559 0.09182098765432095 0.19958847736625518
0 0.39666254072359397 0.10821235329980185 0.08294753086419754 0.20267489711934156
0 0.3036951303155007 0.11696149596098154 0.09876543209876544 0.2073045267489712
0 0.21070869770233197 0.11538780292638316 0.08719135802469134 0.17438271604938269
0 0.08919217249657065 0.13084609815576892 0.10339506172839508 0.20267489711934158
0 0.10961826989026062 0.3365683584819387 0.07253086419753087 0.16049382716049382
0 0.014337652177640603 0.338113949855205 0.0906635802469136 0.16306584362139914
0 0.02550636574074074 0.13701322206980643 0.0625 0.19650205761316872
0 0.20722950960219474 0.31242617360158514 0.07716049382716052 0.1980452674897119
0 0.0733740033436214 0.5727199550373419 0.10300925925925924 0.20421810699588477
0 0.09035011574074073 0.7769085314738607 0.10416666666666667 0.17232510288065842
0 0.19567365397805214 0.7738349718030788 0.10339506172839508 0.1862139917695474
0 0.3048525377229081 0.7902873037646699 0.0987654320987654 0.17695473251028826
0 0.3160383980624143 0.5783631496723061 0.09529320987654318 0.18775720164609047
0 0.19798123499657064 0.5768313709800335 0.09297839506172842 0.2001028806584363
0 0.4873309435013718 0.5860734834628868 0.0898919753086419 0.18158436213991766
0 0.5837823645404664 0.5799049306508154 0.09104938271604937 0.1862139917695473
0 0.6019102580589849 0.7949059785093735 0.08410493827160492 0.1651234567901236
0 0.49081173911179704 0.7856591030330742 0.10223765432098762 0.17849794238683123
0 0.6883305469821673 0.773833542905045 0.0848765432098765 0.18467078189300412
0 0.7766685956790123 0.7707356919676879 0.06944444444444445 0.1723251028806583
0 0.7608616790980796 0.5680874676116444 0.08526234567901222 0.20113168724279842
0 0.6790731631515776 0.575282445511355 0.08757716049382715 0.1939300411522634
0 0.8800791966735253 0.5696292485901538 0.0918209876543211 0.19958847736625512
0 0.9082280414094651 0.7753596060051822 0.07060185185185175 0.1661522633744855
0 0.8993725351508917 0.11848374866636184 0.09645061728395063 0.18467078189300412
0 0.41825167181069967 0.5696249618960525 0.06018518518518516 0.1949588477366255
