0 0.29164649354460087 0.6221706007650843 0.39348591549295786 0.11326291079812208
0 0.41131926105242567 0.3380857676925752 0.32790492957746464 0.06220657276995307
0 0.005948320129107982 0.2982068335941575 0.32614436619718307 0.09154929577464793
0 0.007631858861502346 0.6110219961745784 0.21522887323943662 0.11502347417840379
0 0.3959455081181533 0.4208442010085202 0.3727992957746478 0.07511737089201878
0 0.36998208871283256 0.5059603764562686 0.3798415492957747 0.09917840375586845
0 0.3497475303208138 0.7518627195270388 0.39700704225352107 0.11032863849765251
0 0.003753423317683881 0.41909993914101895 0.3345070422535211 0.09272300469483567
0 0.8561650283646324 0.5206165232133542 0.1311619718309858 0.08274647887323947
0 0.6264622456964006 0.010155299078421144 0.204225352112676 0.193075117370892
0 0.6747979631259782 0.6338930186054599 0.08934859154929574 0.09741784037558673
0 0.40418561717527385 0.004873065553816728 0.19630281690140844 0.1924882629107981
0 0.8042718114241002 0.3550833550686837 0.1936619718309858 0.03931924882629103
0 0.4200896786971831 0.29287678229873065 0.28125 0.03931924882629108
0 0.8073396542449138 0.40559576595374713 0.17473591549295786 0.08568075117370892
0 0.8970712294600939 0.7371853808033385 0.09242957746478879 0.10387323943661973
0 0.7629233299100157 0.2858508302903843 0.22931338028169013 0.05692488262910797
0 0.8623184419014084 0.6297747130933751 0.1188380281690142 0.08626760563380279
0 0.01031855193661972 0.7729699182750827 0.28124999999999994 0.08920187793427224
0 0.0009939847417840377 0.003108698487219614 0.1637323943661972 0.18838028169014084
0 0.17840528413536774 0.0048703486350199976 0.21346830985915496 0.18955399061032865
0 0.8579332330790297 0.003125543383759346 0.1421654929577465 0.20657276995305165
0 0.008147496087636933 0.5341043948878456 0.323943661971831 0.07218309859154917
