0 0.6497395833333334 0.07378305517451608 0.06944444444444436 0.2412551440329218
0 0.11309290337791494 0.07584066834324037 0.07600308641975309 0.2412551440329218
0 0.4965877914951989 0.47958152339582377 0.08641975308641968 0.17026748971193417
0 0.47536035022290807 0.7552793019356805 0.07445987654320985 0.14609053497942392
0 0.2874737439986283 0.07687471422039323 0.07330246913580246 0.2469135802469136
0 0.389705236196845 0.07687280902301478 0.06442901234567905 0.24485596707818932
0 0.5637067043895748 0.7743041266575217 0.07098765432098762 0.1373456790123457
0 0.336856460048011 0.4178507468373723 0.07330246913580242 0.1676954732510288
0 0.1906316979595336 0.4090815996037189 0.0652006172839506 0.14146090534979427
0 0.19873542524005486 0.1071754496265813 0.06790123456790123 0.1939300411522634
0 0.5833684306412894 0.11437614311842706 0.05054012345679008 0.19290123456790123
0 0.919031582218793 0.2995317977442463 0.07214506172839492 0.16100823045267493
0 0.7388452181927299 0.07791828608443835 0.0482253086419754 0.2628600823045268
0 0.8611408500514404 0.3241659998475842 0.042824074074074125 0.09927983539094645
0 0.2928682806069959 0.7346945968602347 0.06365740740740734 0.13683127572016454
0 0.12157305598422496 0.7367741197988111 0.0652006172839506 0.16049382716049387
0 0.37851696459190676 0.758370484682213 0.06442901234567905 0.1512345679012346
0 0.23305657364540464 0.7382839887212315 0.045910493827160476 0.12448559670781895
0 0.8141466263717421 0.9131382411217802 0.1489197530864197 0.07818930041152275
0 0.46147869513031553 0.0748352004267642 0.0848765432098765 0.2664609053497943
0 0.80751752186214 0.3334271643042219 0.04745370370370365 0.10133744855967079
0 0.841480999228395 0.006814414723365341 0.06597222222222222 0.13734567901234568
0 0.6690420310356653 0.7871437280902303 0.08719135802469134 0.11522633744855958
0 0.622339570473251 0.7526615607376923 0.057870370370370475 0.09670781893004127
0 0.05752850651577503 0.7871813557384546 0.06327160493827161 0.15586419753086403
0 0.002729820387517147 0.8174920934308795 0.04205246913580247 0.1136831275720164
0 0.035905617712620026 0.5695687585733882 0.03742283950617285 0.13425925925925927
0 0.005084822959533607 0.4044653063557385 0.09992283950617284 0.15586419753086417
0 0.6018952546296296 0.4106938728852309 0.0625 0.21604938271604937
0 0.6825365440672154 0.41841849565614997 0.07484567901234555 0.22530864197530862
0 0.784774198388203 0.5557432174973327 0.07484567901234572 0.20267489711934147
0 0.8696477944958848 0.5541861949397957 0.0706018518518519 0.18775720164609058
0 0.9332995756172839 0.5557460752934004 0.0625 0.20576131687242794
0 0.7654738940329218 0.8128667504953514 0.06018518518518524 0.11831275720164604
0 0.14586253643689986 0.4090568320377991 0.04205246913580246 0.11471193415637862
0 0.2932414909122085 0.41372170781893003 0.045524691358024644 0.15277777777777773
0 0.9151558749142661 0.01095250342935528 0.04668209876543206 0.16203703703703703
0 0.05945242841220851 0.07790447340344459 0.05594135802469136 0.24794238683127576
