0 0.03272172095070422 0.5684114719179273 0.21786971830985918 0.3632629107981222
0 0.591690507629108 0.5567069857416101 0.2033450704225352 0.39847417840375576
0 0.6501561888693271 0.0766584072335246 0.09815140845070411 0.3967136150234742
0 0.1470788707942097 0.09600558598504609 0.10343309859154931 0.37617370892018775
0 0.5423250440140845 0.08954910015649452 0.10299295774647876 0.375
0 0.842061876467136 0.0795785515562511 0.1043133802816903 0.3814553990610329
0 0.7491869620500782 0.08251336724047992 0.09683098591549298 0.38204225352112675
0 0.04803953931924882 0.09893822813423751 0.09242957746478872 0.3744131455399061
0 0.2518183318661972 0.13118425056511912 0.08318661971830986 0.34096244131455394
0 0.3918466964984351 0.570748022083116 0.1747359154929577 0.351525821596244
0 0.3860725987871674 0.10538058598504607 0.09947183098591555 0.3603286384976526
0 0.2522942341549296 0.5525919405320813 0.13468309859154928 0.39084507042253525
0 0.9423806729264474 0.086613197704747 0.056338028169014204 0.3732394366197183
0 0.7910715595657278 0.5361904451399757 0.19938380281690135 0.4237089201877933
0 0.00046245354068857593 0.09366468874978265 0.032130281690140844 0.38321596244131456
