0 0.43986839849108367 0.01862520957171163 0.07716049382716039 0.11522633744855969
0 0.5841378922325102 0.4224522748056699 0.04745370370370373 0.13734567901234565
0 0.7083649477023319 0.4106314776710867 0.0455246913580246 0.14866255144032917
0 0.3171639231824417 0.6148995960981558 0.04938271604938274 0.20267489711934158
0 0.6524286801268862 0.646757354061881 0.05285493827160492 0.16460905349794233
0 0.48073881172839505 0.6148910227099528 0.041666666666666664 0.19341563786008234
0 0.11306852280521262 0.4419934080170706 0.04089506172839506 0.13065843621399179
0 0.3059791345164609 0.3926492722146015 0.054398148148148175 0.17232510288065842
0 0.155127154063786 0.4440424477975919 0.04976851851851853 0.12139917695473249
0 0.595328039266118 0.6359748894985522 0.050154320987654204 0.1862139917695472
0 0.37078993055555554 0.3998409160188996 0.04861111111111111 0.16152263374485593
0 0.525495649005487 0.42399881877762535 0.04706790123456794 0.14094650205761317
0 0.42055684156378603 0.39984043971955496 0.04629629629629635 0.16100823045267487
0 0.4282680684156379 0.6225951646090535 0.039351851851851825 0.18055555555555555
0 0.5281850137174211 0.6179645823807346 0.030864197530864206 0.17952674897119344
0 0.4730275848765432 0.40756220469440635 0.04861111111111111 0.1671810699588477
0 0.36656405392661184 0.027872561347355586 0.07445987654320985 0.10236625514403294
0 0.29016819915980796 0.026337924859015396 0.06442901234567901 0.11162551440329221
0 0.0004632308813443073 0.41989692882182594 0.11149691358024692 0.15534979423868311
0 0.26507389188957475 0.38648262459990845 0.0397376543209877 0.1790123456790124
0 0.16400543338477366 0.6693710943453742 0.05671296296296296 0.14300411522633735
0 0.8318212019890262 0.406011850327694 0.044753086419753015 0.15946502057613163
0 0.9475651577503429 0.4075517261088249 0.0493827160493827 0.15586419753086414
0 0.7693276320301783 0.40446959304984 0.05401234567901238 0.16049382716049382
0 0.6462553047839507 0.4198883554336229 0.05208333333333341 0.14609053497942398
0 0.8850659615054869 0.40292209647919525 0.05054012345679016 0.15586419753086422
0 0.9533503193587105 0.6313200160036581 0.04668209876543206 0.1589506172839505
0 0.5092930169753086 0.8735791990550221 0.048611111111111036 0.13220164609053492
0 0.5868398491083676 0.8689519509221154 0.0493827160493827 0.1347736625514404
0 0.6520463605967077 0.8674087410455723 0.057870370370370475 0.13477366255144033
0 0.717243494941701 0.8704865874104557 0.05285493827160492 0.12551440329218116
0 0.36616431970164603 0.6210724356043286 0.054398148148148175 0.20267489711934147
0 0.32796558856310015 0.8797348917847889 0.04822530864197528 0.11368312757201651
0 0.37850062157064474 0.8961838896509677 0.04089506172839508 0.10082304526748984
0 0.2673935292352538 0.6102813976527969 0.046682098765432105 0.2150205761316872
0 0.2735658329046639 0.8838496418228928 0.045910493827160434 0.11316872427983544
0 0.7160836762688615 0.6256758687700046 0.0493827160493827 0.17438271604938274
0 0.7589096257716049 0.6210371894528274 0.052083333333333336 0.16460905349794244
0 0.4259615590706447 0.8797401310775795 0.051311728395061665 0.11934156378600826
0 0.02398619684499314 0.6739973898795915 0.09567901234567901 0.13940329218106995
0 0.003911340449245542 0.8797387021795459 0.0767746913580247 0.11779835390946497
0 0.8688719028635117 0.854044734034446 0.06442901234567905 0.14609053497942381
0 0.7785914459019204 0.8658645785703398 0.06057098765432095 0.1337448559670781
0 0.8171660665294925 0.6297787113244933 0.05246913580246905 0.16100823045267493
0 0.9483378343621399 0.8447930955647005 0.050925925925925875 0.15432098765432095
0 0.8846820344650206 0.622582304526749 0.05324074074074064 0.16666666666666657
0 0.00043242026748971195 0.03101232662703856 0.06712962962962962 0.15997942386831276
0 0.09266117969821672 0.008318568053650359 0.09876543209876544 0.09516460905349795
0 0.09266573431069958 0.11221993598536809 0.10532407407407408 0.08641975308641976
0 0.51709185313786 0.006869189147995732 0.16782407407407413 0.19650205761316872
0 0.6953111604080934 0.031025186709343084 0.13695987654320976 0.17386831275720163
0 0.8380087770061727 0.021784026825179086 0.06597222222222238 0.1934156378600823
0 0.9093993805727024 0.0037961057765584514 0.0906635802469135 0.2109053497942387
0 0.08456790123456791 0.8781993026977595 0.1111111111111111 0.12191358024691354
