0 0.1942806142410016 0.004946965745087811 0.25704225352112675 0.27230046948356806
0 0.48425212734741785 0.00787037037037037 0.13996478873239432 0.2605633802816901
0 0.6612037240805947 0.0032200921578855847 0.16153169014084506 0.30868544600938963
0 0.8579151995305164 0.009679294905233874 0.11619718309859163 0.312793427230047
0 0.005838590571205008 0.4726661667536081 0.16813380281690143 0.26819248826291076
0 0.222428538243349 0.47435228655885936 0.22667253521126765 0.18779342723004694
0 0.47285309076682314 0.4275088028169014 0.2042253521126761 0.30105633802816906
0 0.7312081254890455 0.538882911667536 0.1932218309859154 0.16255868544600946
0 0.7078458162167449 0.406210876369327 0.14304577464788737 0.11619718309859163
0 0.06650375342331769 0.8246576682316119 0.061179577464788734 0.1373239436619719
0 0.12764084507042253 0.9618544600938967 0.0 0.0
0 0.14088969581377153 0.8140980916362373 0.06426056338028167 0.14143192488262898
0 0.2200924295774648 0.8311152408276822 0.0316901408450704 0.13967136150234727
0 0.25972741832942103 0.8639758302903844 0.06382042253521125 0.13615023474178395
0 0.34202580937010957 0.8504906755346896 0.05237676056338027 0.1496478873239436
0 0.4128866515062598 0.8399267518692402 0.049735915492957694 0.14906103286384983
0 0.5268901604068857 0.8111681664058423 0.0598591549295775 0.14612676056338036
0 0.6171144488458529 0.8563537862980349 0.05325704225352115 0.1437793427230048
0 0.6840158572965571 0.8516632976873587 0.05325704225352108 0.14847417840375585
0 0.8543861257824725 0.7994044513997567 0.10475352112676053 0.11737089201877927
0 0.012449261541471048 0.32700725960702487 0.18045774647887325 0.13967136150234738
0 0.0017963248239436622 0.8276180229525301 0.05149647887323943 0.16549295774647893
