0 0.19240206866197188 0.031317379586158926 0.08714788732394364 0.23122065727699526
0 0.3993379548122066 0.03653766736219787 0.1875 0.16490610328638494
0 0.8376589397496087 0.33188141192836024 0.10211267605633813 0.3333333333333333
0 0.29098933881064165 0.0008139888715006085 0.0809859154929577 0.2453051643192488
0 0.3341598200312989 0.658580572943836 0.13380281690140844 0.14025821596244126
0 0.1853876295970266 0.6802746261519734 0.12720070422535212 0.1191314553990612
0 0.06432964104068858 0.6961207833420275 0.09947183098591549 0.12030516431924883
0 0.061649061032863856 0.4273642627369153 0.042253521126760556 0.14495305164319247
0 0.7479114705594679 0.007783972352634324 0.16153169014084515 0.16725352112676056
0 0.09689792400234742 0.0348749130585985 0.09639084507042256 0.2705399061032864
0 0.5229573185641628 0.6597048339419231 0.10079225352112668 0.08685446009389676
0 0.669119840571205 0.38585409059294035 0.1522887323943663 0.31396713615023475
0 0.1928419038536776 0.3991968788036863 0.08670774647887325 0.1467136150234742
0 0.28879413634585294 0.3569721570161711 0.08890845070422537 0.17781690140845072
0 0.3900408964201878 0.3387655407755173 0.1095950704225352 0.16255868544600938
0 0.01457997114632238 0.1163813901930099 0.07966549295774648 0.19894366197183105
0 0.11579708284428795 0.4097678664580072 0.05765845070422534 0.1549295774647888
0 0.6347460631846634 0.01307218309859155 0.0906690140845071 0.17429577464788734
0 0.49831554430751174 0.2953790645105199 0.1095950704225352 0.20657276995305168
0 0.5220901799687011 0.7576698617631715 0.11971830985915485 0.04401408450704225
0 0.17309547388497654 0.8891850330377326 0.17297535211267606 0.1085680751173708
0 0.015505183881064163 0.8821422361328465 0.14436619718309857 0.10798122065727703
0 0.0017917400234741785 0.7096157190053903 0.0448943661971831 0.11737089201877937
0 0.38085234497261344 0.8868327247435228 0.1879401408450704 0.10328638497652586
0 0.9520552132237874 0.3330583811511042 0.044014084507042146 0.33685446009389663
0 0.01763711609937402 0.44259965658146405 0.04533450704225352 0.12030516431924894
