0 0.004533756357589984 0.11190934185359068 0.19058098591549297 0.4395539906103286
0 0.21583590082159623 0.18402832116153714 0.24031690140845074 0.3703051643192488
0 0.4684761345852895 0.14182479134063639 0.2394366197183098 0.4242957746478873
0 0.7087685837245696 0.17349428360285168 0.2042253521126761 0.4019953051643192
0 0.9208296654929579 0.1811195878977569 0.07922535211267592 0.397887323943662
0 0.06789294796557122 0.8205822900365154 0.1602112676056338 0.17253521126760568
0 0.08593016431924883 0.6445248652408277 0.14788732394366197 0.17136150234741773
0 0.5005850205399061 0.7754330768561989 0.20862676056338034 0.21420187793427245
0 0.7123352528364633 0.7542965353851504 0.26980633802816906 0.20363849765258216
0 0.0004853775430359938 0.7888992131803163 0.06514084507042253 0.1801643192488263
