0 0.466105109739369 0.5974899024538942 0.08024691358024691 0.28909465020576125
0 0.4367744770233196 0.04405673677793019 0.06635802469135801 0.35905349794238683
0 0.6721429183813443 0.11087962962962963 0.1080246913580246 0.3055555555555555
0 0.5096903399348423 0.05434099222679469 0.06520061728395063 0.35493827160493824
0 0.5872473529663923 0.07182260707209266 0.0806327160493827 0.34619341563786005
0 0.2643288108710562 0.044568282274043594 0.0779320987654321 0.3559670781893004
0 0.3445829582475995 0.04355376467001981 0.08834876543209869 0.3713991769547325
0 0.10268132716049383 0.5789466163694559 0.08333333333333333 0.2623456790123456
0 0.8526746292009602 0.5408764860539552 0.07368827160493825 0.2577160493827161
0 0.7805376050240055 0.1036641708581009 0.08526234567901222 0.2906378600823045
0 0.8638655799897119 0.12783636259716508 0.0775462962962962 0.2854938271604939
0 0.7577819573045267 0.5733162818167962 0.09490740740740745 0.2926954732510288
0 0.5498204946844993 0.6175421048620636 0.07484567901234572 0.2788065843621399
0 0.6312304419581619 0.6108658169486358 0.08294753086419746 0.2906378600823046
0 0.38739229681069964 0.6242088667885993 0.06712962962962961 0.25668724279835387
