0 0.7060817472565157 0.6694711172077428 0.09104938271604944 0.2510288065843621
0 0.8260649755658436 0.7394175811614082 0.08912037037037047 0.2376543209876544
0 0.7299875685871057 0.1081942539247066 0.07098765432098762 0.18312757201646088
0 0.021709426440329218 0.014657159731748208 0.15046296296296297 0.2741769547325103
0 0.13631580075445815 0.5993636640755983 0.18364197530864199 0.09053497942386825
0 0.6235291280864197 0.21097822359396434 0.10416666666666674 0.07870370370370368
0 0.18295717592592595 0.0007630315500685872 0.12499999999999996 0.26851851851851855
0 0.3581305191186557 0.741345640908398 0.15239197530864199 0.09773662551440328
0 0.6065342614026064 0.7476089772900474 0.07600308641975309 0.19547325102880644
0 0.10468187371399178 0.7171548734948942 0.18634259259259262 0.08281893004115227
0 0.07653168938614541 0.7876300297210791 0.20563271604938274 0.08487654320987661
0 0.37433797367969823 0.6389541418991007 0.15779320987654316 0.07047325102880656
