0 0.6942078687402191 0.5986779473135106 0.15228873239436622 0.09330985915492965
0 0.4992242517605634 0.5382161797948183 0.15052816901408453 0.07629107981220669
0 0.5846213566118936 0.23542101373674146 0.16461267605633803 0.09976525821596241
0 0.8152252053990612 0.2419008650669449 0.12147887323943662 0.12617370892018778
0 0.8548253496674493 0.4513486784906973 0.10343309859154917 0.06220657276995307
0 0.5058321718505477 0.4630787037037037 0.1588908450704225 0.054577464788732336
0 0.3803871405516432 0.2201611676230221 0.1518485915492958 0.0980046948356807
0 0.11452678746087638 0.2125646626673622 0.12984154929577463 0.13321596244131456
0 0.6985924662558686 0.4296377803860198 0.12808098591549288 0.06514084507042257
0 0.4917449139280126 0.6315075639019301 0.15492957746478872 0.056338028169014155
0 0.10220223249217526 0.07580094766127629 0.1289612676056338 0.10446009389671361
0 0.5648254107981221 0.11981557555207789 0.17957746478873235 0.1050469483568075
0 0.17923391040688574 0.4800920492088332 0.13908450704225356 0.04870892018779353
0 0.18583296654929576 0.42433544166231957 0.13468309859154934 0.04284037558685451
0 0.3711160626956182 0.46835224308815854 0.11135563380281689 0.045774647887323966
0 0.36496326046557126 0.41142790384280997 0.12455985915492952 0.046361502347417836
0 0.6990344410211268 0.5129673100330377 0.13072183098591547 0.061032863849765216
0 0.009753704518779343 0.7301040036515388 0.10167253521126762 0.0616197183098592
0 0.26853909917840374 0.2084507042253521 0.07658450704225352 0.12676056338028166
0 0.8684602406103286 0.5317466527560423 0.08978873239436622 0.06103286384976533
0 0.3662635098787167 0.5229345983307251 0.09551056338028169 0.05105633802816901
0 0.1567766407472614 0.5482111806642322 0.12455985915492956 0.0962441314553991
0 0.8165437940140845 0.12332637802121368 0.11883802816901405 0.09389671361502347
0 0.7254477821791863 0.8897610198226396 0.1377640845070423 0.09683098591549298
0 0.3363644977503912 0.7899685924187098 0.13952464788732397 0.06748826291079821
0 0.7263048342136149 0.7641410189532255 0.10431338028169014 0.061032863849765216
0 0.31479943026212837 0.8879825247782995 0.14216549295774644 0.07746478873239442
0 0.0005183881064162755 0.8046241957920361 0.11267605633802817 0.05046948356807514
0 0.6140573038928012 0.8551518214223612 0.08758802816901413 0.11326291079812208
0 0.6017330545774648 0.7523968657624761 0.08714788732394364 0.0534037558685447
0 0.4917128203247262 0.8609937402190924 0.10871478873239432 0.08450704225352118
0 0.0005544552034428795 0.8615577725612936 0.16461267605633803 0.05985915492957748
0 0.5044603995500783 0.7535705746826639 0.08494718309859148 0.0534037558685447
0 0.8909098689358373 0.8198965397322205 0.09330985915492944 0.06572769953051628
0 0.8922354875782473 0.9226063945400799 0.10079225352112675 0.07687793427230055
0 0.06210203931924882 0.5048410059120153 0.06073943661971831 0.1578638497652582
0 0.0018006039710485135 0.4937212006607546 0.05765845070422536 0.1907276995305165
0 0.3337279318270736 0.7383025778125543 0.14568661971830982 0.042840375586854405
0 0.00047957012910798127 0.2817667579551382 0.05677816901408451 0.08274647887323941
0 0.9437010954616588 0.22958181185880716 0.05633802816901405 0.13145539906103285
0 0.0493761614827856 0.4314059511389323 0.11575704225352111 0.07335680751173712
