0 0.03251296724965706 0.21355166895290353 0.15200617283950618 0.08024691358024691
0 0.36624469521604935 0.17145490397805213 0.1701388888888889 0.1712962962962963
0 0.5487531078532237 0.24392242036274958 0.20447530864197533 0.10288065843621402
0 0.5603119105795611 0.16364645252248136 0.1824845679012346 0.0715020576131687
0 0.7497243119855967 0.18377772062185643 0.15856481481481477 0.14660493827160495
0 0.7176944015775034 0.11837848651120257 0.14660493827160492 0.07098765432098766
0 0.8720003858024691 0.12923001447950008 0.125 0.12397119341563788
0 0.23246581361454047 0.4286998933089468 0.3063271604938271 0.2181069958847737
0 0.6077870477537722 0.44825960219478733 0.2133487654320988 0.23148148148148143
0 0.8233812371399177 0.5252691091297059 0.11342592592592587 0.06841563786008233
0 0.8280154213820301 0.5936733158055175 0.1199845679012346 0.05606995884773651
0 0.3242758166152263 0.8143747142203932 0.29050925925925924 0.08024691358024698
0 0.32543858239026063 0.8915199664685262 0.2982253086419753 0.0637860082304527
0 0.6406472372256515 0.833958714372809 0.3097993827160495 0.11985596707818931
0 0.6271355774176954 0.802539151806127 0.2974537037037037 0.07561728395061736
0 0.0009762945816186557 0.8097550868770005 0.2947530864197531 0.09104938271604932
0 0.005213423782578875 0.8884711743636641 0.28510802469135804 0.10442386831275714
