0 0.43366007678012525 0.20148398104677445 0.17473591549295778 0.20833333333333331
0 0.20962869229264475 0.4826019387932534 0.1751760563380282 0.22417840375586845
0 0.782699408255086 0.22261454529647015 0.1857394366197184 0.21244131455399057
0 0.2395527679968701 0.19034733089897407 0.16725352112676056 0.22300469483568078
0 0.6101473860524256 0.2196742957746479 0.16153169014084506 0.20598591549295778
0 0.797662057413928 0.004888280299078421 0.18265845070422526 0.20892018779342722
0 0.7742581792840375 0.6644409667883846 0.07262323943661973 0.13145539906103287
0 0.6774363629694835 0.663859546165884 0.08582746478873243 0.1373239436619719
0 0.5792858714788731 0.6708914753955834 0.08714788732394373 0.12617370892018773
0 0.4424469997065728 0.03360067814293166 0.15184859154929573 0.16197183098591547
0 0.8596464201877935 0.6632656277169188 0.07394366197183094 0.12969483568075127
0 0.2822280907668232 0.020120957224830465 0.1408450704225352 0.18133802816901404
0 0.004023009585289515 0.49019790036515387 0.08890845070422536 0.18838028169014082
0 0.0005275577073552426 0.1809630933750652 0.12588028169014087 0.2288732394366197
0 0.0022838419405320815 0.010162363067292644 0.11971830985915494 0.2007042253521127
0 0.00047040052816901416 0.6891920970266041 0.04357394366197183 0.24295774647887325
0 0.9023565874413146 0.5476607329160146 0.09771126760563378 0.13556338028169018
0 0.21359057120500782 0.7185261258911494 0.17605633802816897 0.2335680751173709
0 0.93314505086072 0.6956572769953052 0.06690140845070418 0.2535211267605633
0 0.774266126271518 0.8064613762823858 0.08406690140845083 0.1332159624413145
0 0.5845620598591549 0.8123331811858806 0.079225352112676 0.13673708920187802
0 0.6761131895539906 0.8158483307250912 0.08186619718309858 0.13028169014084515
0 0.8640514964788731 0.8052871239784384 0.07922535211267624 0.13262910798122082
0 0.3962514671361503 0.7408075769431404 0.1795774647887323 0.2130281690140845
0 0.04712685837245697 0.6838593288123804 0.045774647887323945 0.18779342723004705
