0 0.006269561815336462 0.7379075378195096 0.15492957746478875 0.25
0 0.591176093016432 0.6604335115632064 0.09639084507042249 0.2400234741784037
0 0.7773602552816902 0.6832974700052165 0.10299295774647893 0.21478873239436622
0 0.08544631504303599 0.33585137367414364 0.08494718309859156 0.18427230046948362
0 0.68491936864241 0.6639405103460266 0.08670774647887317 0.22476525821596255
0 0.2905479753521127 0.6275566205877239 0.07922535211267605 0.22593896713615028
0 0.639599532961659 0.19513617197009217 0.10783450704225343 0.324530516431925
0 0.20164258118153364 0.3311445835506868 0.08362676056338031 0.17136150234741784
0 0.7386214421948357 0.19571107198748042 0.09375 0.3116197183098592
0 0.4683554015062598 0.5881178273343767 0.0655809859154929 0.09683098591549298
0 0.37384493593505475 0.1996696226743175 0.23811619718309865 0.15023474178403753
0 0.3829714397496088 0.5922182011824031 0.07042253521126757 0.08861502347417848
0 0.37692775577073556 0.36045470352982084 0.24075704225352115 0.13615023474178412
0 0.8156454787754304 0.2971331072856895 0.0928697183098592 0.1995305164319249
0 0.903661116001565 0.2754281864023648 0.0748239436619719 0.2089201877934272
0 0.3711035309076683 0.7126494305338202 0.09330985915492952 0.22476525821596233
0 0.4727696473982786 0.7666514519214049 0.08406690140845074 0.23708920187793434
0 0.7522596953247263 0.905587615197357 0.08494718309859148 0.07687793427230044
0 0.5854386737089202 0.8903538515040863 0.07394366197183094 0.10328638497652586
0 0.6664227552816901 0.882731807511737 0.07130281690140837 0.1109154929577466
0 0.8887232247652583 0.7097586289340984 0.1135563380281689 0.27171361502347424
0 0.2518198601330204 0.0024316423230742483 0.085387323943662 0.090962441314554
0 0.541006455399061 0.0006612980351243262 0.1056338028169015 0.08039906103286386
0 0.8838801472026604 0.0007025952008346375 0.11135563380281689 0.125
0 0.004880061619718309 0.0053561337158755 0.05545774647887324 0.08039906103286386
0 0.29450985426447573 0.8780429490523387 0.08010563380281693 0.11737089201877937
