0 0.4693405223004694 0.4021170231264128 0.21654929577464782 0.13145539906103293
0 0.7694236600156495 0.39390866805772906 0.0827464788732393 0.1396713615023475
0 0.08368361208920187 0.183346917927317 0.0818661971830986 0.2681924882629108
0 0.09643944395539907 0.6152527821248479 0.06998239436619717 0.2476525821596243
0 0.018099875293427232 0.6222852547383064 0.07790492957746478 0.23708920187793422
0 0.1752200704225352 0.6199487045731177 0.06338028169014083 0.24882629107981227
0 0.6910715595657277 0.7331263041210224 0.07262323943661973 0.15669014084507035
0 0.24487358176838808 0.3804251434533124 0.22359154929577466 0.15492957746478875
0 0.4454891676447575 0.018938010780733785 0.0959507042253521 0.17136150234741784
0 0.2805249902190923 0.24191825334724396 0.22359154929577466 0.14495305164319247
0 0.0026665199530516433 0.17396322378716747 0.0369718309859155 0.2746478873239436
0 0.5168839862089201 0.25541753608068163 0.22843309859154942 0.1467136150234742
0 0.676096989925665 0.40737643453312467 0.0585387323943663 0.10739436619718305
0 0.8085946669600939 0.13387943401147626 0.08054577464788729 0.08274647887323944
0 0.3372154367175274 0.0007612806468440272 0.09727112676056333 0.18838028169014084
0 0.24584005770735523 0.5998940401669276 0.3477112676056338 0.1390845070422535
0 0.8028835338419404 0.03764290992870805 0.09595070422535217 0.09096244131455399
0 0.24363996478873237 0.7448671970092157 0.34859154929577457 0.16079812206572774
0 0.8966332281885758 0.0499565292992523 0.09551056338028177 0.07981220657276998
0 0.81343499364241 0.7296133281168492 0.07878521126760568 0.16549295774647893
0 0.8900308098591548 0.136233372456964 0.09507042253521136 0.08978873239436622
0 0.9370986771322378 0.3962370674665276 0.05589788732394364 0.11913145539906103
0 0.7658716622652583 0.11685793774995654 0.03829225352112676 0.07981220657276995
0 0.003213333822378717 0.001259020170405147 0.19058098591549294 0.0921361502347418
0 0.9014631626564946 0.7360524256651018 0.07878521126760553 0.147887323943662
0 0.16947256455399062 0.19391084159276645 0.026408450704225355 0.26877934272300474
