0 0.19377920310356656 0.009472641365645481 0.15316358024691357 0.23045267489711932
0 0.34347457990397806 0.0023405349794238684 0.15895061728395055 0.3055555555555556
0 0.5055116169410151 0.0007930384087791496 0.15895061728395063 0.30092592592592593
0 0.6556043167009603 0.0008254267642127725 0.18132716049382713 0.3359053497942387
0 0.8280414094650206 0.005450769699740892 0.15740740740740747 0.33127572016460904
0 0.0004632308813443073 0.0007554107605547935 0.11149691358024692 0.2602880658436214
0 0.010949824245541837 0.34125943072702336 0.21219135802469136 0.22685185185185175
0 0.20957727837791496 0.39521176268861447 0.12461419753086421 0.16203703703703715
0 0.33186835562414263 0.40293876695625663 0.11265432098765436 0.17386831275720158
0 0.44103598679698214 0.402912570492303 0.09182098765432103 0.14557613168724284
0 0.5417368612825789 0.4044638774577046 0.10108024691358024 0.154320987654321
0 0.6485851230281207 0.3967940291114159 0.07368827160493834 0.2042181069958848
0 0.7280904385288066 0.39681260478585584 0.1168981481481481 0.2242798353909465
0 0.8415171682098767 0.40915923639689067 0.1180555555555554 0.22530864197530867
0 0.0675896454903978 0.7084933699131231 0.1068672839506173 0.17283950617283958
0 0.2716949588477366 0.7114997713763146 0.12962962962962968 0.08641975308641968
0 0.4078200017146777 0.7161851280292637 0.03858024691358024 0.14660493827160498
0 0.44330981009945136 0.7146504915409235 0.032793209876543175 0.15586419753086422
0 0.4830458569101509 0.7069430155464106 0.030478395061728412 0.16512345679012339
0 0.5123724708504802 0.7115769318701418 0.03858024691358024 0.16975308641975312
0 0.5579727151920438 0.7146714487120865 0.1473765432098766 0.1784979423868313
0 0.1833105602709191 0.708425735406188 0.0783179012345679 0.09979423868312762
0 0.27401754329561046 0.5766951493674743 0.14081790123456786 0.05298353909465026
0 0.7134227109053498 0.729582475994513 0.10648148148148143 0.1712962962962963
0 0.83104075574417 0.7099913313519282 0.03202160493827175 0.12397119341563778
0 0.86422593021262 0.6997242226794695 0.04089506172839508 0.14660493827160498
0 0.9082256301440329 0.699761850327694 0.06712962962962953 0.18724279835390953
