0 0.29979307267214395 0.32652690836376286 0.08230633802816902 0.2546948356807512
0 0.3059651310641628 0.6979921970092159 0.09683098591549294 0.24002347417840378
0 0.20076718994522688 0.3429843722830812 0.09066901408450702 0.2822769953051643
0 0.8253420261150235 0.34711245870283425 0.1122359154929577 0.3039906103286386
0 0.12065055262128327 0.3541280864197531 0.07482394366197183 0.2752347417840376
0 0.4049842894170579 0.31477514780038257 0.07878521126760568 0.23884976525821594
0 0.6369379034624413 0.3529625282559555 0.07790492957746488 0.284037558685446
0 0.1602442781690141 0.7049572900365154 0.047535211267605605 0.15669014084507035
0 0.743466659330986 0.012504890453834116 0.09903169014084515 0.19542253521126762
0 0.40896328491784045 0.013714462702138759 0.10431338028169006 0.2341549295774648
0 0.291004010172144 0.000806924882629108 0.10211267605633796 0.23767605633802816
0 0.8671303428208138 0.004869805251260651 0.07614436619718311 0.18896713615023472
0 0.5739782008020344 0.3358725656407581 0.049735915492957694 0.2071596244131456
0 0.00047498532863849763 0.5172100504260128 0.050176056338028165 0.20657276995305163
0 0.6356141187402191 0.0007221570161711007 0.07306338028169014 0.14612676056338028
0 0.5449389915884194 0.002480546861415406 0.0642605633802816 0.1437793427230047
0 0.08414117517605633 0.00781766214571379 0.10695422535211267 0.20363849765258216
0 0.9432609546165884 0.36704975221700575 0.05633802816901405 0.28697183098591555
0 0.776445434761346 0.34223178577638674 0.05325704225352108 0.10328638497652581
0 0.6012895515453833 0.7103487436967484 0.08230633802816906 0.27523474178403756
0 0.40806894317292647 0.7214832203095114 0.08406690140845068 0.25821596244131473
0 0.5084167767018779 0.726754586158929 0.07790492957746488 0.24706572769953045
0 0.8829894732981219 0.7291150452095287 0.09639084507042257 0.26115023474178406
0 0.695043219385759 0.718545687706486 0.08758802816901405 0.2546948356807511
0 0.7857076486697965 0.7279185141714484 0.08098591549295785 0.23650234741784035
0 0.012357565532081378 0.7812679316640584 0.04841549295774648 0.17781690140845072
0 0.06473249217527387 0.8017817553468961 0.04577464788732395 0.1496478873239438
0 0.21351874266431925 0.0036999000173882804 0.07262323943661969 0.19307511737089203
