0 0.7306875978090767 0.2266986176317162 0.07746478873239447 0.18661971830985916
0 0.5594498850743348 0.699675056511911 0.04445422535211271 0.15610328638497648
0 0.7548815898865413 0.48900028255955486 0.057658450704225414 0.16255868544600946
0 0.6056634511932707 0.726655690314728 0.04269366197183102 0.14025821596244137
0 0.8891144610719875 0.5066287384802644 0.043133802816901344 0.18720657276995295
0 0.3575071522887324 0.08120707268301164 0.16241197183098588 0.23884976525821594
0 0.6540786384976526 0.7366289558337681 0.04225352112676062 0.13673708920187794
0 0.5053128667840376 0.7160760085202573 0.04489436619718295 0.12265258215962442
0 0.8081380208333333 0.005991892714310555 0.05677816901408445 0.13321596244131456
0 0.2540489901212833 0.46374163189010603 0.12632042253521125 0.13673708920187802
0 0.37332532521517997 0.6878923230742481 0.12367957746478872 0.10680751173708908
0 0.555555249902191 0.14160200399930445 0.14040492957746473 0.18368544600938963
0 0.41424436375195617 0.553460811163276 0.10343309859154926 0.0616197183098592
0 0.1052639622456964 0.44731840114762655 0.1012323943661972 0.1461267605633803
0 0.4173225987871674 0.4161455616414536 0.09947183098591547 0.07100938967136149
0 0.008041128716744913 0.10287178316814467 0.17077464788732397 0.18603286384976528
0 0.7130575117370891 0.4936771865762476 0.042253521126760694 0.1431924882629108
0 0.5546474594092332 0.4314858285515562 0.10079225352112675 0.1596244131455399
0 0.4234793745109547 0.48948661102416974 0.09198943661971823 0.053990610328638465
0 0.2527050322769953 0.1609290775517301 0.09242957746478868 0.14143192488262912
0 0.8239959286971831 0.22904820900712922 0.0752640845070423 0.18896713615023472
0 0.9392932682902975 0.5083735437315249 0.04709507042253512 0.1701877934272301
0 0.9124611820226918 0.23256281516258043 0.07086267605633813 0.181924882629108
0 0.8301365047926448 0.48667786037210914 0.04445422535211271 0.18955399061032865
0 0.9454644097222222 0.02300795513823683 0.06029929577464799 0.13028169014084504
0 0.8816412363067292 0.005419166231959659 0.05633802816901405 0.14847417840375587
0 0.7465128007629107 0.003643931490175622 0.04885563380281689 0.13262910798122066
0 0.7614757555751174 0.7548328551556251 0.04621478873239448 0.14906103286384983
0 0.7020607149843505 0.7536553425491218 0.05193661971830979 0.14495305164319253
0 0.92212441314554 0.8017567596939662 0.042253521126760535 0.12265258215962452
0 0.8693127078442878 0.7765388628064684 0.049735915492957854 0.14084507042253522
0 0.8142972417840377 0.7683272474352286 0.05281690140845067 0.1455399061032864
0 0.9643776286189358 0.8216956833594157 0.041813380281690134 0.10739436619718305
0 0.10086988947574334 0.6855617501304121 0.11179577464788733 0.125
0 0.22277484350547733 0.6919671578855852 0.09154929577464786 0.07100938967136154
0 0.22626571058294212 0.7676664927838636 0.04797535211267605 0.06572769953051649
0 0.27775943857589985 0.7711968570683359 0.044014084507042264 0.07570422535211271
