0 0.3493352944958848 0.6283512421886908 0.26504629629629617 0.2860082304526748
0 0.3084721150548697 0.25640384468830973 0.31095679012345673 0.2494855967078189
0 0.04140008787722908 0.24097079332418836 0.1716820987654321 0.24845679012345684
0 0.4874263224451304 0.0007344535893918611 0.2272376543209876 0.23765432098765435
0 0.3342013888888889 0.0006892051516537113 0.1388888888888889 0.1887860082304527
0 0.8141723465363512 0.0007382639841487579 0.18595679012345684 0.24176954732510292
0 0.8484849215534981 0.3685342363968907 0.15162037037037032 0.2391975308641975
0 0.05420444315843621 0.7028706561499771 0.27662037037037035 0.2114197530864197
0 0.7343471364883403 0.6940457818930041 0.23765432098765443 0.125
0 0.13667749056927297 0.0006920629477213839 0.14891975308641975 0.19187242798353912
0 0.005099022633744855 0.0053078798963572624 0.12037037037037038 0.17695473251028807
0 0.6351551783264746 0.3000962124676116 0.1790123456790123 0.21502057613168724
0 0.7088396990740741 0.8282688424020728 0.17361111111111102 0.08590534979423863
