0 0.7284957990397806 0.5598741617131535 0.14506172839506173 0.21965020576131694
0 0.8461012517146776 0.8925940214906264 0.05246913580246921 0.11265432098765418
0 0.5636852709190673 0.5202160493827159 0.04012345679012341 0.16666666666666677
0 0.396273523233882 0.1936752210028959 0.07831790123456793 0.28034979423868317
0 0.6539866255144033 0.5752938766956257 0.07407407407407413 0.206275720164609
0 0.22730007930384089 0.2019018632830361 0.08989197530864199 0.2762345679012346
0 0.0829981674382716 0.617987444749276 0.07291666666666667 0.20421810699588477
0 0.04713139789094651 0.2065381611034903 0.0914351851851852 0.2834362139917696
0 0.25043295610425237 0.588142051516537 0.06790123456790123 0.19341563786008234
0 0.4742066936728395 0.18698702560585276 0.0798611111111111 0.27932098765432106
0 0.7079890582133058 0.17874657064471877 0.05979938271604952 0.26851851851851855
0 0.4892478995198903 0.5465382563633593 0.07253086419753087 0.2613168724279835
0 0.6327607917524006 0.1879958276177412 0.06442901234567897 0.25771604938271603
0 0.32296757115912206 0.19932413122999543 0.07330246913580246 0.2700617283950617
0 0.5586939514746228 0.1844064357567444 0.07484567901234564 0.2700617283950617
0 0.13509302126200273 0.2003657978966621 0.08950617283950617 0.2839506172839507
0 0.00041956018518518525 0.2096183889650968 0.04861111111111111 0.2767489711934157
0 0.8611687135631001 0.18441358024691357 0.08294753086419746 0.2777777777777778
0 0.8765925068587106 0.5495699016918153 0.07098765432098762 0.20216049382716042
0 0.776283061128258 0.1843997675659198 0.06983024691358015 0.2628600823045268
0 0.9444808813443073 0.5331023281511965 0.05246913580246905 0.1949588477366255
0 0.9487190822187929 0.20701969974089318 0.0443672839506173 0.24794238683127567
0 0.1694157771776406 0.638536427373876 0.06983024691358025 0.1748971193415637
0 0.3256716713820302 0.549613244932175 0.07831790123456786 0.2489711934156379
0 0.14663414137517147 0.8874499885688157 0.04205246913580246 0.11265432098765428
0 0.40900152177640603 0.5429255258344765 0.07330246913580246 0.24845679012345673
0 0.2581449867112483 0.895154606767261 0.06211419753086417 0.10030864197530867
0 0.32141096536351166 0.8802550106691053 0.05401234567901234 0.11985596707818931
0 0.5887661822702331 0.8442772633744856 0.045524691358024685 0.15277777777777787
0 0.733439696930727 0.8427369112940101 0.04205246913580238 0.15586419753086414
0 0.7808856310013719 0.8314305174516079 0.030864197530864126 0.1671810699588477
0 0.008152488425925926 0.6040976032616979 0.07291666666666667 0.20318930041152264
0 0.6331388245884774 0.8447940481633898 0.053240740740740713 0.15534979423868306
0 0.900495649005487 0.8817967916476147 0.04706790123456794 0.11831275720164613
0 0.6925411522633744 0.8401687052278616 0.03703703703703714 0.1599794238683128
0 0.8306731717249657 0.8380258344764516 0.05825617283950619 0.06790123456790137
