0 0.023866942977308295 0.042518149017562165 0.14304577464788734 0.28579812206572763
0 0.18187292155712048 0.06363784559207095 0.13644366197183103 0.278169014084507
0 0.3328360353090767 0.06188760650321683 0.1289612676056338 0.28931924882629106
0 0.4842496821205008 0.09649897843853243 0.13644366197183094 0.27523474178403756
0 0.6400430359937402 0.10295818118588071 0.11267605633802817 0.2793427230046948
0 0.7852974618544601 0.1281825986784907 0.1241197183098592 0.2681924882629108
0 0.004446033841940532 0.43672839506172834 0.0642605633802817 0.11737089201877932
0 0.0836713859546166 0.4408325725960703 0.0642605633802817 0.11326291079812202
0 0.16113800860719876 0.4396767953399409 0.06690140845070422 0.13262910798122063
0 0.23684376222613457 0.4742702356111981 0.06910211267605636 0.09917840375586856
0 0.38472222222222224 0.4819064075812902 0.05633802816901405 0.10680751173708919
0 0.44678208137715175 0.48308283342027475 0.05633802816901413 0.10974178403755865
0 0.5088413292253522 0.4995028038601983 0.05545774647887324 0.09683098591549287
0 0.5744238434076682 0.49655549034950447 0.057658450704225414 0.08274647887323935
0 0.6377961781103286 0.49656418448965406 0.046214788732394395 0.0921361502347417
0 0.694137262812989 0.5071302816901408 0.0506161971830985 0.09507042253521127
0 0.758403327953834 0.5135922013562859 0.058538732394366216 0.10211267605633802
0 0.8552266725352112 0.5282499782646496 0.04753521126760568 0.08744131455399064
0 0.9221137152777777 0.5388551990958094 0.02684859154929566 0.13262910798122074
0 0.031742407570422536 0.7647838419405321 0.07526408450704225 0.12147887323943657
0 0.1206386321400626 0.637994479221005 0.05765845070422534 0.0903755868544601
0 0.11711750537949922 0.7571536471917927 0.05765845070422536 0.12030516431924883
0 0.1805008436032864 0.7630292557816032 0.06205985915492956 0.12793427230046944
0 0.19766389133411583 0.6485567727351765 0.058538732394366216 0.08920187793427224
0 0.2504801814358373 0.7648050339071466 0.057658450704225296 0.14436619718309865
0 0.3385043769561816 0.6591060250391236 0.051936619718309866 0.073943661971831
0 0.31826645637715184 0.7976591027647365 0.06426056338028165 0.13380281690140858
0 0.39045108323552424 0.8129075378195098 0.06646126760563378 0.12323943661971817
0 0.46834989974569646 0.7735969831333681 0.057658450704225254 0.13262910798122063
0 0.5348126956181534 0.7964853938445488 0.0598591549295775 0.13380281690140836
0 0.614032545970266 0.7900272778647192 0.051936619718309866 0.13086854460093902
0 0.6712526897496088 0.772435228655886 0.05457746478873236 0.1455399061032864
0 0.7368382604655712 0.7964853938445488 0.06117957746478864 0.13380281690140836
0 0.8011034086463225 0.8381259780907668 0.067781690140845 0.10563380281690134
0 0.8904675885172144 0.805253434185359 0.09022887323943662 0.09624413145539921
0 0.8860542595852896 0.9061434967831681 0.07306338028168997 0.04342723004694838
0 0.9221491710680751 0.24251977916884018 0.07790492957746473 0.16079812206572774
0 0.9489782008020343 0.09051360632933403 0.049735915492957854 0.14906103286384978
0 0.40496503325508604 0.6608453964527908 0.051056338028169064 0.05105633802816901
0 0.974928477112676 0.5388606329334028 0.02376760563380284 0.13849765258215965
