0 0.002727650625978091 0.15707159624413147 0.125 0.4119718309859154
0 0.14402906152190922 0.1553142931664058 0.14832746478873243 0.41549295774647893
0 0.31784740561424096 0.18920622500434708 0.09463028169014089 0.2582159624413146
0 0.4243614901212832 0.19858285515562513 0.0946302816901408 0.24413145539906098
0 0.5410024819053209 0.19859861328464617 0.09991197183098603 0.26115023474178406
0 0.6545563747065727 0.20152256129368804 0.09639084507042257 0.25
0 0.7566687451095462 0.20916634063641104 0.09595070422535217 0.26584507042253525
0 0.8653829225352112 0.17691053729786124 0.09507042253521136 0.2887323943661972
0 0.30245072867762135 0.6293356590158234 0.10651408450704226 0.2458920187793427
0 0.4115864020931142 0.5688880194748739 0.0787852112676056 0.2441314553990612
0 0.5238385172143976 0.6246364762649974 0.10211267605633804 0.24119718309859153
0 0.6395891407472614 0.6246462571726656 0.09286971830985911 0.25176056338028163
0 0.7417024281103287 0.5924007781255434 0.09375 0.28579812206572763
0 0.8424882629107983 0.5982568249000173 0.08450704225352107 0.2723004694835681
0 0.006248777386541471 0.7033265953747175 0.125 0.2969483568075117
0 0.15766303550469488 0.7033206181533647 0.13336267605633803 0.29049295774647893
