0 0.8944105169209703 0.4608089897409146 0.06382042253521121 0.13849765258215954
0 0.5484750953638498 0.4825704225352114 0.08582746478873236 0.19014084507042242
0 0.46045273376369333 0.0934864588767171 0.09419014084507032 0.19072769953051638
0 0.6395805824530517 0.46613306381498876 0.08054577464788722 0.18427230046948345
0 0.5643213883998436 0.08468744566162406 0.08758802816901397 0.1948356807511737
0 0.3702159135367762 0.11459637454355764 0.08274647887323947 0.17253521126760563
0 0.019437720070422534 0.08881227177882106 0.10299295774647889 0.21302816901408453
0 0.1422244840571205 0.1087457616066771 0.08494718309859157 0.19190140845070425
0 0.2553458773474178 0.112837441314554 0.09242957746478875 0.1742957746478873
0 0.813872994913928 0.49481666231959665 0.07570422535211287 0.10622065727699531
0 0.19198026701877932 0.5435413406364111 0.11355633802816902 0.12323943661971828
0 0.7289233665884194 0.47430338202051814 0.07218309859154932 0.13497652582159622
0 0.805954127543036 0.3387334811337159 0.0809859154929577 0.1279342723004695
0 0.7971302205594679 0.740146278908016 0.0506161971830985 0.13262910798122063
0 0.18758283206181534 0.6720369283602852 0.11927816901408449 0.09565727699530513
0 0.33810519366197184 0.5077356111980525 0.11091549295774653 0.11502347417840379
0 0.6804959531494522 0.7636280646844027 0.05501760563380268 0.14084507042253522
0 0.34646267361111116 0.6309554860024343 0.10343309859154926 0.09389671361502352
0 0.610075557511737 0.7800409711354547 0.05809859154929574 0.12030516431924873
0 0.45866068808685456 0.493705985915493 0.04885563380281681 0.1742957746478874
0 0.7209852430555556 0.36216799252303944 0.049735915492957694 0.0850938967136151
0 0.8869287338615023 0.3375467310033038 0.06470070422535217 0.11384976525821594
0 0.9590944102112675 0.45140953747174406 0.03961267605633812 0.12793427230046944
0 0.5225040346244131 0.8200041297165711 0.08186619718309866 0.18192488262910803
0 0.915521994816119 0.8827339810467744 0.041813380281690134 0.11326291079812208
0 0.8640307120500781 0.8891719918275083 0.04929577464788745 0.09448356807511729
0 0.3693579445422535 0.8833235524256651 0.11487676056338027 0.11619718309859163
0 0.6787329445422534 0.8962066379760042 0.051496478873239465 0.08626760563380279
0 0.7742490096830986 0.9003298339419231 0.059419014084507026 0.1026995305164321
0 0.02167571400625978 0.6398202486524082 0.1566901408450704 0.16079812206572774
0 0.9287466989436619 0.7360529690488611 0.07130281690140852 0.14847417840375585
0 0.028240536971830987 0.5030288210745957 0.10299295774647886 0.10211267605633802
0 0.6703736306729264 0.3521990740740741 0.05633802816901405 0.09330985915492959
