0 0.01671167695473251 0.631413370675202 0.17592592592592593 0.2597736625514402
0 0.9525805898491084 0.42401406035665296 0.0493827160493827 0.15740740740740736
0 0.9309879758230453 0.6843326093583294 0.06712962962962953 0.190329218106996
0 0.5024509173525377 0.3834224013107758 0.19598765432098778 0.2073045267489712
0 0.2412211183984911 0.6452465325407711 0.1361882716049383 0.19958847736625523
0 0.03367198216735254 0.504198102423411 0.15432098765432098 0.08950617283950624
0 0.14714372213648833 0.0006039475689681451 0.22029320987654324 0.09670781893004116
0 0.24658966692386833 0.3200164799573236 0.08912037037037036 0.06224279835390947
0 0.2014716756687243 0.40603376009754616 0.11921296296296298 0.18312757201646085
0 0.38008482295953355 0.31435470964791956 0.09992283950617285 0.05864197530864196
0 0.32880444101508915 0.402944482548392 0.14506172839506168 0.1800411522633745
0 0.004311342592592592 0.013446406797744247 0.09722222222222222 0.07767489711934156
0 0.8279942558299039 0.5895647576588934 0.0895061728395062 0.06327160493827164
0 0.8812191893861454 0.4106576741350404 0.0667438271604938 0.1769547325102881
0 0.5305368012688615 0.6827955913732663 0.08410493827160492 0.19701646090534983
0 0.6451169195816188 0.6663456409083982 0.0794753086419754 0.2088477366255144
0 0.4352460026577504 0.6889641441853376 0.08757716049382722 0.1923868312757202
0 0.7380971900720165 0.6617222031702484 0.08217592592592587 0.21553497942386837
0 0.8353135180898491 0.6961495960981557 0.07368827160493825 0.17489711934156382
