0 0.0004820153560250391 0.057547600417318726 0.06029929577464789 0.038732394366197194
0 0.06431069053208138 0.08880194748739349 0.07218309859154931 0.20187793427230047
0 0.1365167131259781 0.07707572596070249 0.10519366197183096 0.2136150234741784
0 0.2597518705985916 0.08586876195444271 0.09903169014084506 0.20305164319248828
0 0.3609845706181533 0.08587202225699879 0.09947183098591555 0.20657276995305163
0 0.4683755746283255 0.08880357763867153 0.0946302816901408 0.20363849765258213
0 0.57313001271518 0.09056903147278733 0.0959507042253521 0.2089201877934272
0 0.6761229704616588 0.08177164840897236 0.0959507042253521 0.2147887323943662
0 0.786570813771518 0.09350221700573813 0.05633802816901405 0.2077464788732394
0 0.8680039001369327 0.08295948530690314 0.06646126760563378 0.2300469483568075
0 0.9379832379694836 0.08881661884889584 0.0620598591549296 0.21772300469483566
0 0.07447244229264476 0.5100449921752739 0.12764084507042253 0.073943661971831
0 0.0005095241588419405 0.4108693053382021 0.09991197183098591 0.0768779342723005
0 0.14792400234741784 0.41378564597461315 0.05281690140845069 0.05751173708920184
0 0.1985615952660407 0.3839897409146235 0.08362676056338031 0.2018779342723005
0 0.28660229606807514 0.40509802643018605 0.10167253521126764 0.18192488262910803
0 0.33061790884194053 0.3556756433663711 0.10387323943661969 0.04518779342722999
0 0.43005275577073554 0.37930305599026254 0.05061619718309858 0.21068075117370896
0 0.47717075019561805 0.3327785385150409 0.08362676056338027 0.03462441314553986
0 0.4828934981416276 0.37151093288123804 0.08494718309859163 0.03462441314553986
0 0.48201138253129894 0.42152723439401846 0.08230633802816906 0.17899061032863856
0 0.5700496381064163 0.3945558381151104 0.09683098591549298 0.2048122065727699
0 0.6747979631259782 0.3992501304121023 0.08934859154929574 0.2042253521126761
0 0.7786586707746478 0.3687554338375934 0.07130281690140852 0.22769953051643188
0 0.8543680922339593 0.3658320292123109 0.07878521126760568 0.23943661971830987
0 0.9353442268192487 0.47137019648756734 0.06470070422535217 0.13615023474178412
0 0.00048751711658841945 0.5512177230046948 0.0682218309859155 0.1742957746478874
0 0.13208229411189357 0.6369278169014084 0.05765845070422537 0.20598591549295775
0 0.18845547241784036 0.677423491566684 0.10827464788732395 0.2089201877934272
0 0.3182814333920188 0.6592353503738481 0.0858274647887324 0.21361502347417838
0 0.4243514035602504 0.6609986306729264 0.08010563380281698 0.21654929577464782
0 0.5158958088810642 0.6621837506520606 0.07306338028169006 0.22887323943661972
0 0.5990772324921754 0.7149419666145018 0.06558098591549281 0.16549295774647893
0 0.671268278071205 0.7014443140323422 0.07702464788732384 0.16549295774647893
0 0.9287466989436619 0.6938347678664579 0.07130281690140852 0.1866197183098593
0 0.0022603066314553994 0.80999011041558 0.08582746478873239 0.1414319248826292
