0 0.6651623049554184 0.14728747523243407 0.05594135802469135 0.1815843621399177
0 0.6007308813443072 0.39988283036122546 0.052469135802469126 0.2067901234567901
0 0.13622872728052127 0.4029754420057918 0.05825617283950617 0.21347736625514402
0 0.46416029020919064 0.1519128181679622 0.0574845679012346 0.17695473251028807
0 0.3939463841735253 0.15499638012498096 0.060570987654321035 0.17386831275720163
0 0.32565800754458163 0.15602280521262005 0.0586419753086419 0.17129629629629634
0 0.7326758616255143 0.1596302964487121 0.0532407407407408 0.17849794238683128
0 0.6655542695473251 0.40758649596098157 0.06481481481481484 0.19341563786008234
0 0.2646961269718793 0.15654197149824722 0.051311728395061706 0.176440329218107
0 0.08105334790809328 0.41788361149215053 0.050154320987654315 0.20318930041152264
0 0.5995804398148148 0.14884021109586953 0.0625 0.19187242798353907
0 0.46107654963991773 0.40452008078036883 0.06134259259259262 0.21502057613168724
0 0.5339875900205762 0.15653863740283494 0.053240740740740713 0.1728395061728395
0 0.38777381258573385 0.3998947378448407 0.060956790123456825 0.21965020576131689
0 0.2577589163237311 0.4060504305746076 0.06172839506172837 0.2011316872427983
0 0.19409695430384089 0.1627233843926231 0.05516975308641972 0.18569958847736626
0 0.5351474086934156 0.4091368503276939 0.056712962962963014 0.20113168724279842
0 0.21260797110768176 0.4255796563023929 0.04436728395061726 0.18158436213991766
0 0.07488238383058984 0.17916380887059896 0.05285493827160496 0.16358024691358025
0 0.1412369255829904 0.18069701646090536 0.047839506172839524 0.1527777777777778
0 0.012000868055555556 0.4255977556774882 0.059027777777777776 0.2011316872427983
0 0.8584488061556926 0.1123423449169334 0.055169753086419686 0.21862139917695472
0 0.17944878472222223 0.6828260745313214 0.07291666666666671 0.2299382716049383
0 0.33877073688271603 0.41991407559823196 0.052083333333333294 0.17386831275720174
0 0.034753568672839505 0.19407578875171466 0.04513888888888888 0.15740740740740744
0 0.8198701667524004 0.38497608977290054 0.0574845679012346 0.21862139917695467
0 0.7431011016803841 0.39114654778235025 0.0655864197530865 0.21604938271604937
0 0.7963378236454046 0.17195739978661786 0.059799382716049364 0.15843621399176958
0 0.8920181755829902 0.4060399519890261 0.06172839506172841 0.18981481481481471
0 0.9274991426611797 0.12159255448864502 0.04320987654320984 0.20884773662551442
0 0.9525805898491084 0.4014088934613626 0.0493827160493827 0.18827160493827158
0 0.47843766075102884 0.667916476146929 0.06134259259259254 0.2386831275720163
0 0.5802929955418381 0.6725351508916323 0.06635802469135801 0.22685185185185186
0 0.3422523362482853 0.6704694406340498 0.06558641975308646 0.21810699588477364
0 0.03553669410150891 0.6967078189300412 0.06172839506172839 0.2222222222222222
0 0.41477971750685866 0.6694344421582076 0.060570987654321035 0.2114197530864197
0 0.11771047668038406 0.6874542752629172 0.058641975308641986 0.22839506172839513
0 0.721103127143347 0.6781621513488798 0.05516975308641984 0.19290123456790118
0 0.00040964720507544585 0.6771652568206066 0.03433641975308642 0.22736625514403302
0 0.8063783329046639 0.6617512574302697 0.07368827160493825 0.24691358024691354
0 0.8935595100308641 0.6524891403749429 0.059027777777777936 0.24382716049382708
0 0.6574425047153636 0.6843540428288369 0.05054012345679 0.21347736625514402
0 0.9572104873971192 0.6468202255753697 0.04976851851851857 0.2325102880658436
