0 0.43060779963991774 0.3319201531778692 0.07523148148148151 0.1404320987654321
0 0.34649643132716046 0.33603252171925013 0.06597222222222227 0.1373456790123457
0 0.3191114218964335 0.0916995313214449 0.07600308641975309 0.14660493827160495
0 0.2639376500342936 0.3262569539704313 0.07021604938271603 0.13528806584362138
0 0.5143280071159122 0.3350046677335772 0.0767746913580246 0.1383744855967079
0 0.14357370970507544 0.09527939719554945 0.0794753086419753 0.12397119341563785
0 0.5177908521947874 0.5515427335771986 0.06327160493827158 0.11059670781893005
0 0.0833850415809328 0.33291276101204087 0.07445987654320987 0.10133744855967079
0 0.6902496463477367 0.7408179012345679 0.0706018518518519 0.08333333333333333
0 0.3453376843278464 0.5392022938576436 0.06404320987654322 0.1162551440329218
0 0.4279050390089163 0.5510288065843622 0.07214506172839508 0.11111111111111122
0 0.41479766803840873 0.10556651044048164 0.08641975308641985 0.12294238683127572
0 0.5054569615912208 0.1019837867703094 0.08024691358024698 0.1424897119341564
0 0.6971999849965707 0.35762126581313824 0.07908950617283952 0.11985596707818931
0 0.6871667095336077 0.5890665485444292 0.07561728395061738 0.08076131687242794
0 0.6065353330761317 0.10352556774881878 0.07754629629629627 0.14094650205761317
0 0.2326873821159122 0.11430993750952599 0.06983024691358024 0.12139917695473254
0 0.24504270618998628 0.5185613854595336 0.08371913580246916 0.046296296296296294
0 0.6061358667695473 0.5612835314738607 0.0578703703703704 0.07510288065843619
0 0.1574652777777778 0.3427030940405426 0.08333333333333329 0.1193415637860082
0 0.01817960176611797 0.5149958085657674 0.06751543209876544 0.08436213991769556
0 0.09996892146776407 0.5299020728547478 0.06635802469135801 0.07201646090534984
0 0.6991429290980795 0.10353366483767719 0.09915123456790119 0.14969135802469138
0 0.7928739068930042 0.3643394680688919 0.0717592592592592 0.1532921810699589
0 0.8137034893689987 0.01294391098917848 0.06635802469135793 0.09053497942386832
0 0.8140967935528121 0.12564633821063864 0.07716049382716048 0.14248971193415638
0 0.43907750342935536 0.7330880391708582 0.0493827160493827 0.06841563786008233
0 0.5756647055041153 0.8827646319158665 0.06828703703703698 0.0524691358024691
0 0.2049029063786008 0.6924754229538181 0.06018518518518516 0.09567901234567894
0 0.5135263953189301 0.6214458542905045 0.03356481481481484 0.05041152263374487
0 0.7716435185185185 0.7336210181374789 0.05555555555555555 0.08847736625514402
0 0.6859886724108367 0.6384178288370675 0.04591049382716055 0.046810699588477354
0 0.35073623971193413 0.715573559670782 0.06018518518518528 0.041666666666666664
0 0.03130224408436214 0.0016156073769242492 0.07523148148148148 0.07818930041152264
0 0.12388947830932782 0.00932975156226185 0.06751543209876544 0.07613168724279835
0 0.2033722886659808 0.0031559594573997863 0.0783179012345679 0.07510288065843622
0 0.2994429976851852 0.004683927754915409 0.08680555555555555 0.058641975308641986
0 0.40515528549382723 0.0005782274043590916 0.09027777777777769 0.06893004115226338
0 0.5085444530178326 0.011895576131687244 0.08179012345679015 0.06944444444444445
0 0.6034609696502058 0.001609891784788904 0.09490740740740745 0.07201646090534979
0 0.7114741405178328 0.006229995427526292 0.07831790123456778 0.061728395061728385
0 0.5185637967249657 0.7397919524462734 0.06520061728395063 0.08641975308641979
0 0.2847645533264746 0.8426616559975613 0.06095679012345678 0.07458847736625514
0 0.4040201153120713 0.8673263412589544 0.12229938271604944 0.04578189300411524
0 0.6563319830246913 0.8791685718640452 0.11805555555555555 0.05761316872427989
0 0.7809025098593965 0.8308251409846059 0.055169753086419686 0.06893004115226338
0 0.11193469221536352 0.680650815424478 0.07484567901234565 0.10288065843621397
0 0.00041580932784636486 0.67343440405426 0.043209876543209874 0.08693415637860075
0 0.000421971450617284 0.3529692501143118 0.052083333333333336 0.09567901234567905
0 0.001567054612482853 0.15905254534369762 0.03433641975308642 0.11008230452674894
0 0.6069168488511659 0.3355257392165828 0.07137345679012341 0.14557613168724282
0 0.7755079732510287 0.5531016613321141 0.06481481481481492 0.1275720164609053
0 0.04366373028120713 0.10916495198902607 0.09799382716049383 0.12037037037037036
0 0.18446394890260628 0.5407374066453285 0.07253086419753084 0.1075102880658436
0 0.9062805426954733 0.6117264898643499 0.04398148148148159 0.10905349794238678
0 0.9641452867798352 0.5844516841944825 0.035879629629629685 0.09670781893004117
0 0.9321413644547325 0.2939348041457095 0.0613425925925927 0.22736625514403286
0 0.8901189021776407 0.7840868388965098 0.10455246913580238 0.14711934156378592
