0 0.6519051374217527 0.787754303599374 0.08142605633802834 0.2112676056338029
0 0.7729579298708921 0.4093146844027125 0.10167253521126757 0.29929577464788737
0 0.47848903315727703 0.38700660754651367 0.08054577464788729 0.2910798122065728
0 0.720573527973396 0.01904886106764041 0.09066901408450702 0.29107981220657275
0 0.6703999168622848 0.43451954007998606 0.09419014084507056 0.267018779342723
0 0.6255031054381847 0.0043693488089028 0.09066901408450702 0.2822769953051643
0 0.3675802645735524 0.3887584767866458 0.09022887323943662 0.2816901408450703
0 0.8226855927230047 0.030175730307772562 0.08978873239436622 0.2658450704225352
0 0.15542962636932706 0.3840663580246913 0.0862676056338028 0.28462441314554
0 0.5695819884585289 0.41801806207616066 0.05721830985915501 0.1919014084507042
0 0.5119440165297339 0.007874174056685794 0.08670774647887332 0.2646713615023474
0 0.09733653658059467 0.014236111111111113 0.09419014084507044 0.16373239436619721
0 0.2821898840962442 0.010748674143627195 0.08582746478873236 0.20011737089201878
0 0.41643467576291077 0.019538993218570683 0.088468309859155 0.18661971830985916
0 0.19679247359154933 0.006021235437315249 0.07130281690140844 0.16490610328638497
0 0.008853555359937402 0.0060185185185185185 0.07306338028169014 0.1619718309859155
0 0.00048323796948356815 0.36583691966614496 0.06205985915492958 0.24471830985915502
0 0.8794610108568075 0.42514399669622677 0.08582746478873243 0.2822769953051642
0 0.917313123532864 0.04483731090245175 0.08582746478873228 0.2552816901408451
0 0.16643620402973397 0.7537363067292644 0.09066901408450705 0.23239436619718315
0 0.5577131626564945 0.7725085854633977 0.07878521126760568 0.22476525821596233
0 0.2654685054773083 0.7625244522691706 0.0915492957746479 0.21654929577464793
0 0.7403810886150235 0.7713212919492262 0.09242957746478864 0.21009389671361506
0 0.08191815825508607 0.7484736350199964 0.07482394366197186 0.25293427230046944
0 0.3666984546165885 0.7449400104329681 0.08802816901408445 0.23943661971830982
0 0.45956817292644764 0.7578486350199964 0.08802816901408445 0.23708920187793434
0 0.8363085631846636 0.7695558381151105 0.058978873239436465 0.2048122065727698
0 0.002246857883411581 0.750222787341332 0.06646126760563381 0.24061032863849766
0 0.9111499290884194 0.783065988523735 0.08406690140845083 0.21830985915492954
