0 0.15398689343278463 0.616820987654321 0.07445987654320986 0.05555555555555545
0 0.36231192129629636 0.8236463572626124 0.0625 0.09362139917695482
0 0.6416457690329218 0.3380158321902149 0.0810185185185184 0.05709876543209873
0 0.6374043531378601 0.2819430155464106 0.0844907407407408 0.05401234567901233
0 0.5567528828017833 0.11681527206218563 0.057484567901234525 0.04938271604938274
0 0.4680343900034294 0.3421372504191434 0.08063271604938278 0.06378600823045275
0 0.46957706404320987 0.29119179622008834 0.0798611111111111 0.04269547325102889
0 0.7388513803155007 0.33699417009602195 0.05709876543209873 0.06481481481481481
0 0.471117058899177 0.22689138469745465 0.07523148148148143 0.042695473251028786
0 0.46841670953360764 0.1667114388050602 0.0756172839506173 0.048353909465020585
0 0.05214763374485597 0.17905568891937204 0.0925925925925926 0.04681069958847741
0 0.4734273191015089 0.10858529568663314 0.06867283950617285 0.04989711934156378
0 0.6285030328360768 0.15642432556012803 0.0443672839506173 0.04938271604938273
0 0.04478470078875171 0.2978866598079561 0.04552469135802469 0.05092592592592598
0 0.05134575402949246 0.3503553193110806 0.04899691358024692 0.05041152263374492
0 0.037097586591220845 0.11990502591068432 0.08719135802469136 0.052983539094650214
0 0.6863747427983539 0.16260002286236858 0.04629629629629635 0.052469135802469126
0 0.18677099408436212 0.33646309632677945 0.06134259259259262 0.04681069958847741
0 0.40319599837105624 0.33286608367626885 0.04668209876543214 0.05092592592592592
0 0.14164442944101507 0.5124099794238683 0.07908950617283951 0.06944444444444445
0 0.7338273748285323 0.2243336572168877 0.044753086419753015 0.0581275720164609
0 0.3349161951303155 0.3246427754915409 0.05709876543209877 0.058641975308642014
0 0.5567539544753086 0.16568120332266423 0.059027777777777776 0.046810699588477354
0 0.5575242198216736 0.2773057651272671 0.05709876543209873 0.04578189300411524
0 0.7380663794581619 0.1661994170096022 0.037808641975308574 0.05092592592592592
0 0.5571392211076818 0.2186590268251791 0.05825617283950611 0.04063786008230452
0 0.16439713005829906 0.678035455723213 0.0652006172839506 0.05606995884773661
0 0.5556035129458162 0.3364711934156378 0.06905864197530866 0.05555555555555561
0 0.77319637345679 0.5941896242950769 0.06944444444444445 0.05812757201646095
0 0.4425585669581618 0.9367836457857035 0.062114197530864286 0.059670781893004024
0 0.06639446159122085 0.9187962010364275 0.05246913580246914 0.07767489711934149
0 0.43946625300068587 0.8215463534522177 0.05362654320987659 0.04783950617283947
0 0.639696662808642 0.8205461248285323 0.05208333333333341 0.0787037037037036
0 0.11925824116941014 0.826178840877915 0.06520061728395062 0.05092592592592592
0 0.5119976530349793 0.8220721879286694 0.054398148148148175 0.06018518518518529
0 0.12080439814814815 0.8843040313976528 0.06944444444444446 0.04835390946502053
0 0.1342970357510288 0.9480933737235178 0.054398148148148154 0.051954732510288044
0 0.7060546875 0.8184832723670173 0.05208333333333341 0.07304526748971196
0 0.05059049211248286 0.23821349641822892 0.07253086419753087 0.048353909465020585
0 0.18792438271604936 0.19242064852918764 0.05555555555555555 0.036522633744855953
0 0.1890879522462277 0.24077598689224203 0.06442901234567901 0.038065843621399156
0 0.2535204475308642 0.1821392508763908 0.06944444444444445 0.043724279835390976
0 0.2627764917695473 0.2351156454808718 0.0648148148148148 0.03600823045267489
0 0.26740665723593965 0.28810061347355587 0.06558641975308643 0.037551440329218096
0 0.26508728780864194 0.3318306089010821 0.05902777777777782 0.043724279835390956
0 0.3387565372085048 0.13069749276024994 0.031635802469135756 0.04218106995884775
0 0.37966901363168726 0.13536475003810394 0.05671296296296294 0.08281893004115227
0 0.3318249528463648 0.18676173601585122 0.05015432098765436 0.03600823045267489
0 0.33645377872085047 0.23204208581008992 0.0489969135802469 0.04989711934156378
0 0.33183031121399176 0.28501419372046943 0.0578703703703704 0.037551440329218096
0 0.39895511831275726 0.22123532998018594 0.05092592592592595 0.04526748971193415
0 0.4012731481481482 0.2803931374790428 0.055555555555555476 0.04681069958847741
0 0.6269716113683127 0.10652053802773967 0.06134259259259262 0.04218106995884775
0 0.7076169195816188 0.10652768251790885 0.0794753086419754 0.04989711934156378
0 0.6350906099965706 0.22585829141899105 0.08603395061728389 0.038065843621399156
0 0.7303586355452675 0.2850256249047401 0.04976851851851841 0.04989711934156376
0 0.8572940779320988 0.3076760402377686 0.059027777777777776 0.06790123456790122
0 0.42829218106995887 0.47689948178631303 0.07407407407407397 0.05144032921810709
0 0.43523260673868314 0.5468426116445664 0.06828703703703706 0.03446502057613164
0 0.4387024176954732 0.5874823769242494 0.06481481481481484 0.03652263374485598
0 0.45219987782921806 0.6265856005182137 0.05671296296296294 0.04578189300411524
0 0.5170114776234568 0.5226937585733881 0.05208333333333341 0.06481481481481492
0 0.518166473765432 0.5921143880506021 0.04861111111111119 0.039094650205761375
0 0.5235529728223594 0.6358405730833715 0.027391975308642062 0.04115226337448551
0 0.15089752657750344 0.5818177488187776 0.07021604938271607 0.029835390946502012
0 0.054060303069272966 0.6044672115531169 0.06905864197530866 0.04681069958847746
0 0.06293000900205761 0.6661975118122238 0.06365740740740741 0.04886831275720159
0 0.006206061385459535 0.5998375819234872 0.047839506172839504 0.04681069958847746
0 0.00042331104252400553 0.6553964715744551 0.05401234567901234 0.05041152263374487
0 0.3499552576303155 0.5149538942234416 0.04668209876543206 0.039094650205761375
0 0.22419061856995887 0.4954079980185947 0.05671296296296298 0.04063786008230455
0 0.22573677554869684 0.5391546639231823 0.060956790123456825 0.06481481481481492
0 0.22535284850823045 0.6039518556622466 0.06365740740740738 0.045781893004115136
0 0.22997765560699587 0.6615616902911141 0.056712962962963014 0.042181069958847725
0 0.5895503793724279 0.4738230643194635 0.06365740740740745 0.06224279835390947
0 0.5999622235082305 0.5453108329522939 0.05671296296296294 0.046810699588477354
0 0.5964924125514404 0.589032254991617 0.06018518518518516 0.043724279835391004
0 0.5976466049382716 0.6358515279682976 0.05555555555555555 0.05298353909465016
0 0.6609308020404665 0.479998761621704 0.07368827160493825 0.06532921810699588
0 0.6659406078532236 0.5494317748818778 0.0655864197530865 0.05298353909465026
0 0.6609286586934157 0.5998375819234872 0.0706018518518519 0.04681069958847746
0 0.6609246399176955 0.6553936137783875 0.06481481481481476 0.04732510288065852
0 0.7724261081104251 0.6584781283340954 0.0713734567901235 0.04526748971193418
0 0.7735644933127572 0.4923201493674746 0.04398148148148143 0.03909465020576117
0 0.8870078339334705 0.6117122008840116 0.06905864197530857 0.09362139917695482
0 0.22073339977709192 0.8385192805974698 0.07831790123456793 0.04526748971193418
0 0.20221434542181072 0.9295867626886144 0.07754629629629627 0.06481481481481492
0 0.06177019032921811 0.8354304793476603 0.06018518518518518 0.04269547325102889
0 0.3094513567386831 0.8462258039932937 0.054398148148148175 0.034979423868312806
0 0.3194704325274348 0.8853233119951227 0.037422839506172895 0.03806584362139926
0 0.37271840706447185 0.8570544695930498 0.047839506172839524 0.06327160493827164
0 0.43870000643004115 0.8642465896966924 0.06134259259259262 0.05298353909465026
0 0.5860615462105624 0.8338844116750496 0.0397376543209877 0.039609053497942436
0 0.7677862975823047 0.8555141175125742 0.05671296296296286 0.0663580246913581
0 0.5123866705246914 0.886875095259869 0.0590277777777777 0.04732510288065831
0 0.1879305448388203 0.2819377762536199 0.06442901234567905 0.048353909465020585
