0 0.2809185849622771 0.14872970964791954 0.07831790123456793 0.07253086419753085
0 0.05407450274348422 0.22329818244170097 0.08950617283950617 0.05092592592592595
0 0.28938668124142664 0.40592468754763 0.05015432098765433 0.06532921810699588
0 0.19294972779492453 0.15333695320835236 0.06983024691358024 0.048353909465020585
0 0.2045243377057613 0.3339148948331047 0.07060185185185183 0.07253086419753085
0 0.206835133744856 0.408487178021643 0.0648148148148148 0.0550411522633745
0 0.060247878086419744 0.288120141746685 0.09027777777777778 0.05864197530864196
0 0.057935206618655685 0.14871780216430425 0.09336419753086421 0.0596707818930041
0 0.5698779363854594 0.1440943644261546 0.06867283950617294 0.06635802469135801
0 0.09611786265432097 0.587008935375705 0.0763888888888889 0.08076131687242805
0 0.558681627229081 0.5911189224203627 0.05709876543209873 0.0751028806584363
0 0.1690396197702332 0.015477347203170245 0.0837191358024691 0.048868312757201646
0 0.19796489197530864 0.21404606767261086 0.06944444444444445 0.058641975308641986
0 0.6636343664266118 0.3966620941929584 0.07793209876543222 0.06172839506172841
0 0.8681150334362139 0.27577398643499473 0.0856481481481481 0.0581275720164609
0 0.8661873606824416 0.4126076436518823 0.08757716049382715 0.0606995884773663
0 0.8754396540637859 0.34007677945435144 0.07754629629629635 0.0606995884773663
0 0.880063389489026 0.2047934766041762 0.06905864197530873 0.06584362139917696
0 0.7731896754972564 0.4012950579180003 0.059799382716049364 0.06532921810699592
0 0.7643274712791497 0.34675830666057 0.07600308641975302 0.05452674897119339
0 0.7573873135288065 0.2752595831428136 0.08217592592592603 0.0581275720164609
0 0.6860170717592592 0.0036484529797286996 0.08680555555555564 0.051440329218107
0 0.6374006022805213 0.7500681108062796 0.07908950617283952 0.0735596707818929
0 0.3858485510973937 0.9552931146166743 0.06635802469135801 0.0498971193415636
0 0.022815393518518516 0.7834867017222984 0.0763888888888889 0.054526748971193334
0 0.5498229059499313 0.7433842021033379 0.07831790123456793 0.07716049382716053
0 0.8206554355281208 0.7742241083676269 0.07716049382716048 0.05092592592592592
0 0.9375270597565157 0.7624037875323884 0.038966049382716035 0.06275720164609047
0 0.0629450124314129 0.35139936747447037 0.08526234567901234 0.0668724279835391
0 0.06757464206104252 0.4131330018289895 0.08526234567901238 0.07253086419753085
0 0.00042625814471879283 0.4223841639993904 0.05825617283950617 0.06378600823045265
0 0.19257035536694103 0.2742274424630392 0.07908950617283948 0.05452674897119339
0 0.2855417845507544 0.2274053116902911 0.06905864197530866 0.042181069958847725
0 0.28785258058984914 0.2896538256363359 0.06327160493827158 0.048353909465020585
0 0.2920926568930041 0.3395647576588935 0.0578703703703704 0.06327160493827158
0 0.3885521154835391 0.2680631763450694 0.07060185185185183 0.06378600823045265
0 0.4194058641975309 0.2166128448407255 0.05555555555555555 0.05298353909465019
0 0.4738096386316872 0.20632763679317176 0.06365740740740745 0.05606995884773661
0 0.4715066122256516 0.2803959952751105 0.0806327160493827 0.04989711934156381
0 0.47150741598079565 0.3364616674287456 0.08179012345679008 0.04526748971193418
0 0.4726616083676269 0.389452351013565 0.07716049382716048 0.052983539094650214
0 0.37621956447187926 0.34110225194330135 0.0895061728395062 0.05709876543209873
0 0.39086612654320985 0.39511650281969213 0.06944444444444452 0.05915637860082307
0 0.5644842035322359 0.21660331885383324 0.07947530864197531 0.042695473251028807
0 0.566803840877915 0.2819377762536199 0.08641975308641968 0.048353909465020585
0 0.5749000664437586 0.3452108100899253 0.07831790123456786 0.04989711934156376
0 0.5691162444272977 0.4105371704008535 0.08294753086419746 0.04681069958847741
0 0.6701892575445816 0.33338524996189606 0.07253086419753103 0.05606995884773661
0 0.665560431670096 0.27268566148452983 0.07368827160493817 0.05606995884773661
0 0.662083654835391 0.20324550373418687 0.06712962962962961 0.06069958847736624
0 0.6632292738340192 0.14717554488645024 0.05015432098765429 0.06069958847736624
0 0.763169260116598 0.20480109739368998 0.07484567901234555 0.07407407407407404
0 0.3920227301954733 0.01855519356805365 0.06828703703703706 0.03960905349794239
0 0.06409143518518519 0.009315462581923487 0.06944444444444445 0.060699588477366256
0 0.2797579625342936 0.006742969821673526 0.0736882716049383 0.06018518518518518
0 0.49078414351851857 0.013919848346288677 0.062499999999999924 0.03343621399176955
0 0.01085605281207133 0.5952217649748515 0.07716049382716049 0.06172839506172836
0 0.014331490054869684 0.6708309518366102 0.08179012345679011 0.05298353909465016
0 0.01664067858367627 0.735634811766499 0.07368827160493828 0.04115226337448561
0 0.0992018711419753 0.6728885650053344 0.07291666666666667 0.05298353909465026
0 0.10730184756515776 0.7371804031397653 0.07021604938271606 0.043724279835391004
0 0.11655387302812072 0.7947878562719097 0.059799382716049385 0.037551440329218096
0 0.20144649134087791 0.7238102042371589 0.08294753086419754 0.048353909465020634
0 0.19797507287379973 0.7839901501295534 0.08410493827160496 0.042695473251028675
0 0.2786037701474623 0.7768075560128029 0.0783179012345679 0.06327160493827154
0 0.3160132137345679 0.6841982929431488 0.059027777777777776 0.04526748971193418
0 0.3966515560699589 0.6327651082152111 0.06712962962962968 0.05298353909465016
0 0.3989655671296296 0.6919172001219326 0.06597222222222222 0.048353909465020634
0 0.4024359139231824 0.7510721498247218 0.06327160493827158 0.046810699588477354
0 0.47149643132716046 0.5710267108672458 0.06597222222222222 0.042181069958847725
0 0.48421987525720167 0.6296744017680231 0.054398148148148015 0.048353909465020634
0 0.4703382201646091 0.681105204999238 0.06481481481481476 0.038065843621399156
0 0.4784352494855967 0.7284312604785856 0.057870370370370315 0.039094650205761375
0 0.5532849472736625 0.6631191891479957 0.06365740740740745 0.05761316872427979
0 0.6246685849622771 0.6723770195092211 0.07831790123456786 0.05606995884773661
0 0.6362418552812071 0.6193791914342326 0.07716049382716048 0.04063786008230455
0 0.6385494362997257 0.5633106614845297 0.0667438271604938 0.042181069958847725
0 0.5556043167009602 0.5725670629477214 0.07021604938271603 0.03909465020576127
0 0.7326924725651578 0.6194130086877 0.07716049382716048 0.07716049382716053
0 0.7380867412551441 0.7551973784484073 0.06712962962962968 0.05761316872427989
0 0.8198886531207132 0.7099256020423717 0.08410493827160508 0.05298353909465016
0 0.9298155649862826 0.7068325140984606 0.0455246913580246 0.045781893004115136
0 0.47612043467078186 0.9521981214753849 0.0578703703703704 0.04063786008230455
0 0.7346161265432098 0.7052864464258498 0.06944444444444445 0.042695473251028675
0 0.0008131322873799726 0.35139508078036885 0.05979938271604938 0.06224279835390947
0 0.0027362504286694103 0.28657693187014177 0.05131172839506173 0.05864197530864196
0 0.0038928540809327846 0.006745827617741198 0.050154320987654315 0.0632716049382716
0 0.0038872277949245537 0.14563805060204235 0.04205246913580247 0.0668724279835391
0 0.0008037551440329218 0.21251428898033836 0.0462962962962963 0.07098765432098765
0 0.5772226508916324 0.0005663199207437891 0.0895061728395062 0.05606995884773662
0 0.7936516739540467 0.0021052431031854902 0.0806327160493827 0.051440329218107
0 0.8846962341392318 0.0021066720012193263 0.07368827160493825 0.05298353909465021
