0 0.7897982038751714 0.6313466887669563 0.08719135802469143 0.18775720164609047
0 0.44488517018175583 0.22401739445206523 0.07908950617283961 0.27211934156378603
0 0.6103922860939643 0.23173963572626124 0.07600308641975302 0.2788065843621399
0 0.2824617948388203 0.589205627953056 0.07831790123456793 0.23096707818930043
0 0.36424441658093276 0.5814943415637859 0.0675154320987654 0.23611111111111122
0 0.43445993012688616 0.5933160912970583 0.06674382716049389 0.22582304526748972
0 0.8835358796296295 0.6308356195701874 0.06944444444444445 0.191358024691358
0 0.2963474687071331 0.22093478509373574 0.07368827160493834 0.2762345679012345
0 0.3750600137174211 0.0037460943453741804 0.08641975308641976 0.15689300411522633
0 0.4680384087791495 0.004260021338210639 0.08641975308641976 0.15637860082304525
0 0.37542250728737997 0.22246989788142052 0.052854938271605 0.2674897119341564
0 0.5490287958676269 0.237878181679622 0.04591049382716055 0.2417695473251028
0 0.032502518432784636 0.5099346517299193 0.13695987654320987 0.1738683127572017
0 0.29402568801440326 0.0032264517604023773 0.06365740740740743 0.15123456790123455
0 0.7072579089506174 0.8761435947264137 0.11805555555555564 0.12397119341563788
0 0.6497205611282578 0.5963953665599756 0.04205246913580254 0.21810699588477364
0 0.02280976723251029 0.28921086724584666 0.06828703703703705 0.12551440329218105
0 0.03363313400205761 0.07937099908550527 0.09837962962962962 0.1651234567901235
0 0.7342375578703704 0.00325645861911294 0.0798611111111111 0.18364197530864196
0 0.7500447423696845 0.29136183508611485 0.06442901234567905 0.22633744855967083
0 0.7045066550925926 0.2749061690291114 0.04513888888888905 0.23199588477366248
0 0.8175719628772291 0.001202179545800945 0.08140432098765445 0.18724279835390947
0 0.3719719864540466 0.8751157407407407 0.084104938271605 0.125
0 0.9036096643518519 0.001721822130772748 0.08680555555555555 0.19290123456790123
0 0.6439605838477366 0.0006772976680384088 0.08101851851851857 0.17592592592592593
0 0.882377668467078 0.2898186252095717 0.06828703703703715 0.22633744855967075
0 0.8175596386316872 0.30111311156835846 0.06365740740740745 0.20216049382716053
0 0.5143258637688616 0.8936171124828532 0.07368827160493817 0.10648148148148148
0 0.5019750943072702 0.6246708771528731 0.0663580246913581 0.20010288065843618
0 0.30018593535665294 0.8720293209876543 0.045524691358024685 0.1250000000000001
0 0.571809627914952 0.6431736777930194 0.07253086419753087 0.18312757201646096
0 0.8314750514403293 0.883852023319616 0.1018518518518519 0.11574074074074063
0 0.09342689043209874 0.309247351775644 0.0902777777777778 0.09825102880658435
0 0.9583595893347051 0.29597765203475085 0.03780864197530873 0.21141975308641978
0 0.07025998799725651 0.8262926764212774 0.06327160493827161 0.17386831275720158
