0 0.4124694346635368 0.4837588028169014 0.08274647887323938 0.20598591549295775
0 0.49829965033255086 0.4831708615892889 0.08670774647887317 0.20481220657277
0 0.7522529709507043 0.463233024691358 0.07526408450704215 0.22124413145539912
0 0.5854432585093897 0.4896230003477657 0.08054577464788722 0.20129107981220648
0 0.6686298782276996 0.45795350808555035 0.08054577464788729 0.22359154929577468
0 0.3244403486893584 0.4866898148148148 0.08142605633802817 0.20246478873239443
0 0.673019366197183 0.2196579942618675 0.06338028169014089 0.18838028169014084
0 0.7579631871087635 0.208516453660233 0.058538732394366216 0.19776995305164316
0 0.2359689822965571 0.4937271778821074 0.07702464788732395 0.19718309859154928
0 0.590718835582942 0.21438119457485655 0.07174295774647885 0.19366197183098588
0 0.3640371307707356 0.2284521170231264 0.05853873239436614 0.17899061032863853
0 0.16070031298904539 0.4972434141888367 0.0704225352112676 0.19190140845070425
0 0.5198414881651017 0.23313010780733787 0.050616197183098656 0.1607981220657277
0 0.4674610597613459 0.2313793253347244 0.04533450704225351 0.1713615023474178
0 0.20778957599765258 0.22317694748739347 0.06205985915492956 0.18603286384976525
0 0.0871955692488263 0.5019339027995131 0.06866197183098591 0.18720657276995306
0 0.8323573821400626 0.4638193357676926 0.07350352112676053 0.22065727699530524
0 0.08058031347809078 0.24136182837767348 0.049735915492957736 0.17781690140845066
0 0.15320385856807509 0.22962854286211096 0.05017605633802818 0.181924882629108
0 0.3961612993935838 0.01944770474700052 0.04973591549295762 0.0880281690140845
0 0.14572910553599375 0.016518322900365156 0.061179577464788734 0.09330985915492958
0 0.5202849911971831 0.008905516431924883 0.05545774647887324 0.11091549295774648
0 0.09554418525039124 0.03000891149365328 0.04841549295774647 0.08568075117370892
0 0.6021566901408449 0.010066184141888366 0.06338028169014089 0.09683098591549295
0 0.45558000782472613 0.011831637976004172 0.04929577464788737 0.10211267605633804
0 0.7562010954616588 0.04466668840201704 0.05633802816901405 0.07100938967136151
0 0.9238920065532081 0.231968896713615 0.05237676056338027 0.17429577464788729
0 0.8679974814162754 0.23782874717440444 0.05721830985915485 0.16490610328638494
0 0.9115821229460094 0.4620576856198922 0.07262323943661958 0.21948356807511743
0 0.8195780149647888 0.2214125804207964 0.051496478873239465 0.18192488262910803
0 0.8715259438575901 0.011253477656059815 0.06778169014084515 0.11150234741784039
0 0.41510233274647884 0.7830594679186228 0.07130281690140844 0.2112676056338029
0 0.2487260367762128 0.7947824291427578 0.06690140845070422 0.19600938967136153
0 0.33015362138106413 0.7789509433142063 0.06910211267605636 0.2106807511737089
0 0.4960854973591549 0.7818835854633975 0.06734154929577467 0.2089201877934273
0 0.16994143681533644 0.7824698965397323 0.06778169014084509 0.20833333333333334
0 0.5735524256651018 0.7754287297861241 0.07042253521126748 0.20950704225352107
0 0.09687591696009389 0.7760096070248653 0.06470070422535211 0.20305164319248828
0 0.7610686252934273 0.8211609937402191 0.09375 0.163732394366197
0 0.6567579958920188 0.8487306555381673 0.09771126760563378 0.15023474178403767
0 0.8561170407863851 0.8105872891671014 0.06205985915492944 0.15258215962441316
0 0.42344544698748043 0.22903408102938622 0.04313380281690142 0.17370892018779338
0 0.3094514133411581 0.24836767518692401 0.04665492957746476 0.1384976525821596
0 0.9186106220657279 0.7912064206225005 0.05281690140845067 0.13673708920187794
0 0.9696513717723004 0.7753646105025213 0.030369718309859194 0.14025821596244145
