0 0.0005251124804381847 0.00201378021213702 0.12235915492957747 0.2734741784037559
0 0.3333208015453834 0.16150071726656234 0.19322183098591547 0.12500000000000003
0 0.18503643388106417 0.23370718135976354 0.2552816901408451 0.1502347417840375
0 0.03715308343114241 0.39920448617631715 0.26100352112676056 0.1549295774647887
0 0.0005596513106416276 0.5142801251956182 0.1720950704225352 0.2112676056338029
0 0.06354319493348982 0.8217614327942967 0.2345950704225352 0.1784037558685446
0 0.23822500978090766 0.722551512780386 0.1566901408450704 0.14436619718309865
0 0.3328812720070422 0.5670535559033212 0.19410211267605632 0.16431924882629098
0 0.47195477552816906 0.4455828334202747 0.17825704225352115 0.1731220657276995
0 0.6669035480242567 0.24838180316466701 0.12984154929577457 0.15375586854460088
0 0.7390655565336463 0.18848461137193528 0.09947183098591555 0.11267605633802817
0 0.7945168842918624 0.1339174708746305 0.09022887323943662 0.12382629107981223
0 0.8710873312793428 0.07228797165710313 0.06998239436619716 0.11326291079812208
0 0.9208192732785604 0.011829464440966787 0.0642605633802816 0.09976525821596242
0 0.6589859032668232 0.6187413058598504 0.13688380281690157 0.21244131455399062
0 0.5599774427816903 0.7571938575899844 0.17033450704225345 0.16373239436619721
0 0.42313979362284826 0.8686663189010606 0.23679577464788729 0.13145539906103287
0 0.8640744204812205 0.726037319596592 0.11223591549295785 0.10622065727699521
0 0.9107134560837244 0.5617756694487914 0.08934859154929582 0.16842723004694837
0 0.7751812524452268 0.8610442749087116 0.13424295774647893 0.1390845070422535
0 0.11149562304381846 0.0007069422709094071 0.2015845070422535 0.12969483568075116
