0 0.7372728995500782 0.47836082855155626 0.05325704225352123 0.08039906103286378
0 0.16289857198748045 0.001256303251608416 0.06690140845070425 0.0892018779342723
0 0.17611991392801252 0.4619207529125369 0.09154929577464789 0.07159624413145546
0 0.8759212392410016 0.41913688923665454 0.058978873239436624 0.13262910798122063
0 0.03003197134194053 0.3198992566510172 0.14744718309859156 0.06866197183098595
0 0.2865992395344288 0.3979487263084681 0.09727112676056338 0.06631455399061031
0 0.6580524378912364 0.4853829768735871 0.06029929577464783 0.05868544600938974
0 0.32266908744131456 0.014166557989914797 0.06602112676056342 0.0886150234741784
0 0.39267165492957745 0.40558055120848546 0.09507042253521128 0.06924882629107983
0 0.8006571547339595 0.4912558685446009 0.058978873239436624 0.0633802816901408
0 0.4054149550078247 0.003030994609633107 0.06514084507042257 0.10446009389671361
0 0.027387458431142406 0.389148082942097 0.1421654929577465 0.06866197183098595
0 0.4921074188184663 0.4701367153538515 0.04313380281690142 0.0715962441314554
0 0.3961946156103287 0.33339690923317683 0.0977112676056337 0.0686619718309859
0 0.5982437157668232 0.3897458050773778 0.13292253521126765 0.08039906103286383
0 0.2835179479655712 0.47365675534689616 0.09683098591549294 0.07042253521126761
0 0.2412488385172144 0.007718222917753435 0.07438380281690138 0.09624413145539906
0 0.4740845681729264 0.04408689793079464 0.07614436619718302 0.07863849765258216
0 0.036617273082942096 0.4584012563032516 0.12323943661971831 0.07335680751173701
0 0.2813193833137715 0.3263568292470875 0.09991197183098595 0.07100938967136149
0 0.6003845119327074 0.4718978221178925 0.046654929577464796 0.07218309859154932
0 0.746560788341158 0.394442270909407 0.11795774647887325 0.08215962441314559
0 0.17699805604460092 0.394426512780386 0.08846830985915495 0.06514084507042257
0 0.38914594336854463 0.47952312641279776 0.08846830985915494 0.06807511737089197
0 0.0022893437010954617 0.6661841418883673 0.12764084507042256 0.1126760563380282
0 0.5810378765649452 0.000628151625804208 0.07482394366197183 0.04460093896713615
0 0.537442537167449 0.4777560424274039 0.04401408450704222 0.061032863849765216
0 0.8402955056729264 0.014212202225699879 0.09595070422535217 0.13791079812206575
0 0.07135294405320815 0.007700834637454356 0.0721830985915493 0.07746478873239439
0 0.9489763668818466 0.7279228612415232 0.04709507042253528 0.24119718309859153
0 0.21137978041862285 0.8481394540079986 0.16153169014084512 0.14553990610328651
0 0.6845648107394366 0.8616289558337681 0.20994718309859164 0.13673708920187783
0 0.47019604606807514 0.8322862328290732 0.18089788732394357 0.13673708920187794
0 0.24130018828247263 0.7488969309685273 0.14832746478873235 0.07629107981220647
0 0.023888033059467916 0.807067792557816 0.17341549295774647 0.15434272300469487
0 0.5722378105438184 0.053470592070944185 0.0787852112676056 0.0721830985915493
0 0.6659927009976525 0.0012166362371761432 0.08582746478873252 0.046361502347417836
0 0.67082783157277 0.061101330203442876 0.07658450704225343 0.07394366197183098
0 0.7579793867370891 0.0035814423578508087 0.08186619718309866 0.06514084507042255
0 0.7531283621870111 0.07166471048513302 0.06822183098591555 0.07394366197183097
0 0.9441400136932707 0.43497598243783686 0.05457746478873244 0.12617370892018778
0 0.140462086756651 0.7125412971657104 0.08230633802816904 0.10798122065727703
0 0.7892663707942096 0.724954355764215 0.13512323943661972 0.20422535211267592
