0 0.3636223591549295 0.2806446704920883 0.09507042253521136 0.13849765258215965
0 0.7386009634194053 0.4226623630672926 0.0642605633802816 0.13732394366197184
0 0.3785938722613459 0.4308875630325161 0.10475352112676053 0.14730046948356812
0 0.5907335069444445 0.015972765605981567 0.0928697183098592 0.13791079812206575
0 0.011970608372456963 0.7207610632933402 0.125 0.11208920187793422
0 0.4490543084898279 0.7055131716223266 0.15933098591549297 0.12323943661971828
0 0.1545566803599374 0.6696514736567554 0.09683098591549294 0.054577464788732336
0 0.48992535944835686 0.41328844983481133 0.06998239436619716 0.15434272300469482
0 0.008459262519561816 0.4302143105546862 0.13908450704225353 0.053990610328638465
0 0.14796740512519563 0.7319053208137716 0.11531690140845069 0.10563380281690134
0 0.2716799931533646 0.7172491740566859 0.16285211267605634 0.12206572769953043
0 0.62152594385759 0.30588593288123805 0.06778169014084515 0.1455399061032864
0 0.6144806338028169 0.4602031168492436 0.06338028169014089 0.11795774647887329
0 0.4423971782081378 0.0007112893409841767 0.08010563380281681 0.13438967136150234
0 0.015057401701877934 0.33400495565988525 0.13336267605633803 0.09154929577464788
0 0.5625379010172143 0.2976612762997739 0.05457746478873236 0.13615023474178406
0 0.8891590864632238 0.7254477482177013 0.10739436619718311 0.10328638497652576
0 0.1321422021713615 0.007142236132846462 0.14392605633802819 0.107981220657277
0 0.5656094116784037 0.43437663015127803 0.04093309859154925 0.11267605633802814
0 0.7324802547926448 0.9143784776560598 0.12367957746478879 0.06396713615023489
0 0.1475187059859155 0.8456969440097374 0.10299295774647889 0.04284037558685451
0 0.29187298268779344 0.0006982481307598679 0.08582746478873243 0.12030516431924883
0 0.9093939505086073 0.42268953225525996 0.09066901408450702 0.1666666666666666
0 0.7179109815140846 0.2771197400452095 0.059419014084507026 0.1343896713615024
0 0.4332025136932707 0.9067520865936358 0.14964788732394366 0.06690140845070423
0 0.2725621087636933 0.8451193270735524 0.16549295774647885 0.052816901408450724
0 0.8654104313380281 0.9038145539906104 0.13468309859154934 0.0633802816901408
0 0.26639555213223787 0.9096879890453835 0.15889084507042253 0.06866197183098606
0 0.4415673293231612 0.8316358024691358 0.15272887323943662 0.06807511737089197
0 0.5938453638497653 0.788233024691358 0.1373239436619719 0.09448356807511739
0 0.5986820226917058 0.89912732568249 0.13028169014084506 0.0715962441314553
0 0.036160321302816906 0.8832572596070248 0.09903169014084506 0.044600938967136225
0 0.03791966206964006 0.8380672926447574 0.09727112676056338 0.04225352112676064
0 0.7434923342136149 0.7360013475917232 0.13600352112676053 0.09272300469483567
0 0.7465638448748044 0.8328138584593983 0.12235915492957743 0.07276995305164326
0 0.8799225474374022 0.8363230307772562 0.11663732394366204 0.05985915492957737
0 0.000522972906885759 0.007133541992696923 0.11927816901408449 0.09859154929577466
0 0.015503655614241003 0.49184109285341676 0.1421654929577465 0.0616197183098592
0 0.036169490903755874 0.9366555816379759 0.11223591549295775 0.03873239436619732
0 0.14840540639671362 0.8996821205007823 0.11223591549295774 0.0369718309859155
0 0.14752604166666666 0.9442797991653625 0.11355633802816902 0.03345070422535217
