0 0.24704352066186558 0.1715315881725347 0.1871141975308642 0.2541152263374486
0 0.3662516610939643 0.5058699131229996 0.18016975308641975 0.22839506172839513
0 0.5602977109053499 0.5027682517908855 0.16203703703703698 0.21193415637860086
0 0.5340738597393689 0.14428917085810092 0.1774691358024692 0.2767489711934157
0 0.04604364926268862 0.1782073997866179 0.19174382716049382 0.24176954732510286
0 0.7801847565157749 0.5151315538789819 0.13271604938271603 0.23096707818930043
0 0.10739186814128945 0.5146447759487883 0.19984567901234562 0.2608024691358025
0 0.3593192729766805 0.006760116598079561 0.1975308641975308 0.0787037037037037
0 0.7933315114883402 0.2630329789666209 0.17515432098765443 0.18672839506172842
0 0.09896208419067215 0.8740878867550679 0.283179012345679 0.1260288065843621
0 0.41026100608710564 0.8555793705227861 0.22029320987654316 0.13683127572016476
0 0.003535718878600823 0.825235768175583 0.0914351851851852 0.14351851851851852
0 0.7686755186899862 0.906978261697912 0.2260802469135803 0.09207818930041153
0 0.8839541002229082 0.6395514212772443 0.1161265432098765 0.1599794238683128
0 0.6281424146947874 0.8581437661941779 0.0806327160493827 0.1286008230452673
