0 0.23197898327464786 0.7682560641627543 0.03565140845070422 0.06866197183098606
0 0.31428470999608765 0.7295144322726482 0.034771126760563376 0.05868544600938964
0 0.43532527631064166 0.6250695531211963 0.03741197183098587 0.07511737089201873
0 0.6840424491392801 0.09515953747174404 0.09154929577464783 0.09624413145539908
0 0.09113849765258215 0.5669698748043819 0.042253521126760556 0.073943661971831
0 0.5744391260758998 0.09222526517127455 0.07966549295774657 0.09624413145539905
0 0.21261462001173712 0.5241327595200834 0.03829225352112679 0.07746478873239442
0 0.27951663976917057 0.22307098765432098 0.03917253521126764 0.07159624413145538
0 0.22889983127934274 0.22365566857937752 0.03829225352112676 0.0692488262910798
0 0.33101128472222224 0.22952203964527912 0.036531690140845105 0.0669014084507042
0 0.6254954641040688 0.6860937228308119 0.07966549295774648 0.06572769953051649
0 0.1373493128912363 0.5716696009389671 0.03653169014084507 0.07922535211267613
0 0.8266254645931143 0.4754265562510867 0.058978873239436624 0.08039906103286398
0 0.8112425420579031 0.7154299252303947 0.09066901408450702 0.05868544600938964
0 0.8680222393388106 0.10512899930446878 0.0928697183098592 0.08861502347417839
0 0.4960775503716745 0.6626135672057033 0.05589788732394364 0.05927230046948361
0 0.3855960851917058 0.6121641888367241 0.047095070422535204 0.08098591549295775
0 0.6554097589006259 0.4666155885932881 0.05765845070422534 0.07159624413145535
0 0.7214504474765259 0.6344478134237524 0.08582746478873228 0.06279342723004694
0 0.27291513839984355 0.5370163884541819 0.040052816901408446 0.04812206572769955
0 0.5726602234937402 0.4613415058250739 0.05325704225352115 0.07981220657277001
0 0.7148507800273864 0.7054506824900018 0.08934859154929582 0.055751173708920077
0 0.0642957135172144 0.22188695444270562 0.0506161971830986 0.06044600938967135
0 0.2126167595852895 0.35157744305338207 0.04137323943661973 0.05575117370892018
0 0.21305628912363067 0.4243441358024691 0.04049295774647889 0.052230046948356854
0 0.11225975645539907 0.7400837897756912 0.034330985915492954 0.06514084507042242
0 0.5585766334115806 0.6684804816553642 0.05457746478873244 0.057511737089201896
0 0.3759071791862285 0.39502314814814815 0.03873239436619708 0.07570422535211271
0 0.14306992126369328 0.21249673969744393 0.034771126760563396 0.05985915492957743
0 0.3336588541666667 0.3979644844374891 0.04621478873239436 0.08333333333333333
0 0.17960375097809075 0.571666340636411 0.037852112676056315 0.07570422535211271
0 0.3376182878521126 0.6109883063814989 0.043573943661971905 0.07863849765258216
0 0.5603378080985916 0.5968885845939836 0.05545774647887324 0.06220657276995307
0 0.17960375097809075 0.2066368892366545 0.037852112676056315 0.0692488262910798
0 0.5026619351525822 0.2805952225699878 0.030369718309859274 0.085093896713615
0 0.494300176056338 0.7829573117718657 0.031690140845070325 0.10093896713615028
0 0.9155409453247262 0.46897333072509134 0.06910211267605636 0.08274647887323935
0 0.7848233934859156 0.09515464701790993 0.0752640845070423 0.09096244131455399
0 0.7610808514280126 0.3181544513997565 0.11135563380281674 0.08568075117370898
0 0.8741823772496089 0.323422556946618 0.09022887323943662 0.07100938967136149
0 0.771195226917058 0.23716473222048337 0.09859154929577459 0.08157276995305167
0 0.7024947427621283 0.8346021344114067 0.04313380281690142 0.10269953051643188
0 0.8393770173122066 0.8563092288297687 0.04093309859154933 0.09565727699530534
0 0.933570520344288 0.8756786863154234 0.04577464788732392 0.09917840375586867
0 0.6545206132629107 0.8257987741262388 0.04489436619718311 0.10211267605633813
0 0.22405950459702662 0.699000173882803 0.040052816901408446 0.061032863849765216
0 0.40496686717527386 0.8087549991305859 0.05369718309859163 0.07511737089201884
0 0.6118238947574335 0.8199166449313163 0.04049295774647885 0.08744131455399053
0 0.1866466158059468 0.7694199921752739 0.0387323943661972 0.05809859154929577
0 0.5290780271909233 0.8122739523561119 0.04137323943661973 0.07276995305164326
0 0.7487125880281691 0.8346015910276473 0.04753521126760552 0.10211267605633802
0 0.8811958993544601 0.8680425143453312 0.04885563380281689 0.09154929577464783
0 0.017636810446009392 0.03234165797252652 0.0448943661971831 0.06983568075117372
0 0.07132940874413146 0.04874424013215093 0.038292253521126765 0.038145539906103296
0 0.1105031665688576 0.04521930968527212 0.040052816901408425 0.034037558685446015
0 0.14703821889671362 0.04229481829247087 0.04489436619718309 0.04460093896713616
0 0.19457220755086072 0.037014214919144486 0.04313380281690142 0.045774647887323945
0 0.5026912778755869 0.0881151104155799 0.07262323943661973 0.09389671361502347
0 0.5343588003716745 0.28234980872891674 0.04005281690140837 0.07863849765258216
0 0.5955616074921753 0.21953844983481133 0.07350352112676045 0.059272300469483584
0 0.5880792131259781 0.2788330290384281 0.07350352112676062 0.08333333333333329
0 0.6787482272104851 0.21486208920187794 0.0735035211267607 0.07922535211267606
0 0.6818310470461658 0.3023055772909059 0.07614436619718302 0.08157276995305161
0 0.8697834140258215 0.23539873500260827 0.09375 0.07570422535211269
0 0.37194285504694835 0.24360709007129192 0.034330985915492974 0.06748826291079815
0 0.11446718505477309 0.3369126021561467 0.044014084507042264 0.062793427230047
0 0.1712386296948357 0.3527516953573292 0.034330985915492954 0.05633802816901405
0 0.17123924100156496 0.4255020865936359 0.0352112676056338 0.035211267605633784
0 0.13119039759389672 0.4260938315075639 0.04093309859154931 0.040492957746478875
0 0.09685268730438185 0.420820292123109 0.03125000000000002 0.04929577464788735
0 0.266314859643975 0.4061918579377499 0.04269366197183098 0.09565727699530524
0 0.01499718798904538 0.5470260606850982 0.04665492957746479 0.0839201877934273
0 0.2174580032276995 0.5980747913406363 0.04093309859154929 0.07570422535211271
0 0.2751170652386541 0.5898517649104503 0.04181338028169021 0.06807511737089197
0 0.4960787729851331 0.5951253042949053 0.057658450704225254 0.05927230046948361
0 0.6241823772496087 0.6133368109893932 0.09022887323943671 0.0798122065727699
0 0.8081575826486699 0.6461800121717961 0.08494718309859148 0.057511737089201896
0 0.9019158352895148 0.6726123717614327 0.09683098591549298 0.08333333333333344
0 0.3921997261345853 0.7242365458181185 0.04929577464788729 0.06279342723004704
0 0.4423666128716745 0.7324579420970267 0.03609154929577466 0.06866197183098585
0 0.35521750293427234 0.7271757085724222 0.0343309859154929 0.06807511737089197
0 0.3239726990414711 0.8028772170057382 0.041813380281690134 0.06514084507042252
0 0.36226220168231615 0.7934793948878456 0.037852112676056274 0.056338028169014155
0 0.1294231098395931 0.685503608068162 0.03125 0.06220657276995307
0 0.27599123386150237 0.7195373630672927 0.03301056338028169 0.05809859154929577
0 0.2751152313184663 0.7899539210572074 0.03917253521126764 0.05164319248826288
0 0.1536351354655712 0.7729378586332812 0.037411971830985914 0.05457746478873244
0 0.15759701437793427 0.7195351895322553 0.03829225352112676 0.055751173708920077
0 0.19676251956181534 0.6984149495739872 0.028169014084507026 0.06279342723004683
0 0.32087551349765253 0.5863436793601114 0.018485915492957736 0.08215962441314549
