0 0.20382586316510173 0.12686489306207616 0.05853873239436618 0.11267605633802817
0 0.2782121112089202 0.07461474091462354 0.06205985915492956 0.090962441314554
0 0.4261150234741784 0.31466592766475393 0.08450704225352115 0.1208920187793427
0 0.3710949726134586 0.38976699704399237 0.0809859154929577 0.10328638497652581
0 0.8552633509389671 0.8979568770648583 0.10035211267605636 0.07511737089201873
0 0.007513876662754303 0.48012084854807857 0.04533450704225352 0.07981220657277001
0 0.042724227308294206 0.4337506520605112 0.04401408450704225 0.07042253521126761
0 0.07090088272691707 0.36452301773604595 0.05501760563380281 0.09330985915492959
0 0.1105221170774648 0.2993838028169014 0.06734154929577464 0.09507042253521127
0 0.15892996870109546 0.24713636758824556 0.056338028169014086 0.07629107981220652
0 0.32267886834898274 0.01941510172143975 0.08010563380281693 0.05281690140845071
0 0.11139322916666666 0.7465348417666493 0.054137323943661955 0.06044600938967135
0 0.014580888106416275 0.6773050339071466 0.08098591549295775 0.08098591549295775
0 0.09115622554773083 0.8791759041905756 0.06778169014084506 0.07335680751173712
0 0.058584886052425664 0.9167345896365849 0.0664612676056338 0.07335680751173712
0 0.15672620794209705 0.6849368588071639 0.051936619718309825 0.0839201877934273
0 0.20162363067292643 0.6397479786124152 0.05633802816901413 0.08274647887323947
0 0.2513604631259781 0.5793079464440967 0.05765845070422537 0.08920187793427235
0 0.3010884316314554 0.5206263041210225 0.046214788732394395 0.09330985915492965
0 0.33718792791471053 0.4742577377847331 0.057658450704225296 0.08568075117370892
0 0.5088449970657278 0.2858861502347418 0.06073943661971823 0.09507042253521127
0 0.5616823772496087 0.21664819161884888 0.09022887323943662 0.10680751173708919
0 0.6430919283059469 0.1491333029038428 0.06646126760563378 0.0780516431924883
0 0.6981183978873239 0.06463767170926796 0.07922535211267609 0.09037558685446008
0 0.5687041519953051 0.045263323769779165 0.06073943661971839 0.08157276995305164
0 0.5220464715375588 0.10569466179794818 0.05677816901408445 0.06572769953051642
0 0.8957590595657277 0.14623924100156493 0.10431338028169014 0.12147887323943662
0 0.8561280443075118 0.2724009954790471 0.07790492957746473 0.1085680751173709
0 0.8076991026017214 0.3492762128325509 0.058538732394366064 0.10563380281690139
0 0.7456465791275431 0.40971896191966606 0.06910211267605636 0.10211267605633807
0 0.6849028633607199 0.4877597374369675 0.06294014084507032 0.0903755868544601
0 0.5968795848004695 0.5793106633628934 0.06998239436619716 0.09213615023474181
0 0.5348203369522692 0.623316053729786 0.07086267605633796 0.08274647887323947
0 0.49872084066901406 0.6790476656233698 0.059419014084507026 0.0616197183098592
0 0.45999272544992176 0.7283591984002783 0.06558098591549298 0.07863849765258216
0 0.42741435592723015 0.7782271561467571 0.05413732394366188 0.06279342723004694
0 0.3380856318466353 0.772362958615893 0.08274647887323942 0.06748826291079811
0 0.395733079029734 0.8427773430707702 0.06690140845070418 0.05868544600938974
0 0.2975761688184664 0.8310359067988176 0.05897887323943658 0.053990610328638465
0 0.3517055457746479 0.8955888106416277 0.047535211267605605 0.052816901408450724
0 0.9239085118348983 0.581124478351591 0.07614436619718311 0.1496478873239436
0 0.8301496478873239 0.6485747043992348 0.0633802816901408 0.1085680751173709
0 0.7601727552816901 0.7072389584420101 0.07130281690140837 0.08568075117370902
0 0.7275934687989045 0.7571286515388628 0.058538732394366064 0.09330985915492965
0 0.6589299687010954 0.800522735176491 0.05633802816901413 0.057511737089201896
0 0.6959021053403756 0.8504135150408626 0.05677816901408461 0.06631455399061026
0 0.5867490096830986 0.8445237784733091 0.059419014084507026 0.04342723004694838
0 0.6461267605633803 0.886150234741784 0.0 0.0
0 0.6272468578834116 0.8897322204833942 0.06646126760563378 0.0657276995305164
0 0.5369999510954616 0.8850194531385845 0.04049295774647892 0.04636150234741794
0 0.5775084971635368 0.955440358198574 0.06294014084507032 0.044600938967136225
0 0.21528205692488261 0.9284526604068858 0.07658450704225352 0.052816901408450724
