0 0.01587471879890454 0.2636563206398887 0.04269366197183099 0.1713615023474178
0 0.07796269806338027 0.26189032342201357 0.08318661971830989 0.16549295774647887
0 0.20209036336071987 0.2818629368805426 0.09463028169014084 0.1866197183098591
0 0.1716729631259781 0.2589392062250043 0.025968309859154954 0.14730046948356806
0 0.26281054381846636 0.11925262997739523 0.06690140845070422 0.13086854460093897
0 0.31167198503521126 0.2648387237002261 0.0752640845070423 0.1807511737089202
0 0.3407044698748044 0.10987708659363589 0.05105633802816902 0.14612676056338028
0 0.3970626711658843 0.10696944009737437 0.08010563380281681 0.17488262910798127
0 0.39486746870109546 0.29065162580420795 0.08802816901408453 0.17136150234741784
0 0.48421606025039127 0.1116637323943662 0.08802816901408445 0.17429577464788734
0 0.4877338248239437 0.2924132759520083 0.08318661971830979 0.17253521126760563
0 0.6184574897300469 0.2936081768388107 0.08582746478873236 0.19542253521126757
0 0.7179290150625979 0.29243718483741954 0.08538732394366187 0.19835680751173712
0 0.600390625 0.12042905581637976 0.05545774647887324 0.1338028169014084
0 0.6681683416471048 0.1327415884194053 0.049735915492957854 0.1214788732394366
0 0.5744103946596244 0.28478471135454697 0.03829225352112676 0.17312206572769961
0 0.031750354557902975 0.6938141192836027 0.08670774647887325 0.16431924882629118
0 0.22363831426056338 0.5793465266910103 0.06734154929577467 0.13086854460093902
0 0.305954127543036 0.5523430707703008 0.08098591549295774 0.12206572769953065
0 0.30595351623630673 0.6773637193531559 0.08010563380281685 0.14436619718309865
0 0.39397924002347423 0.557036276299774 0.07658450704225352 0.12030516431924873
0 0.38826443906494523 0.7032086810989394 0.08670774647887325 0.16960093896713613
0 0.48420352846244136 0.5581947704747001 0.06998239436619724 0.10387323943661973
0 0.4850987871674491 0.722578138584594 0.0915492957746479 0.17312206572769956
0 0.5629801814358373 0.5581849895670318 0.05765845070422534 0.09330985915492965
0 0.5810345143779343 0.7313641105894626 0.06998239436619708 0.15492957746478875
0 0.6611456499413145 0.7178887367414362 0.07790492957746464 0.17899061032863847
0 0.7491612871674492 0.712002260476439 0.05985915492957743 0.1596244131455399
0 0.010174894855242568 0.5435038471570162 0.0743838028169014 0.08274647887323935
0 0.0902799173513302 0.5493713049904365 0.07350352112676056 0.08157276995305161
0 0.8869568539710484 0.26476101982263955 0.1051936619718311 0.09683098591549293
0 0.8328042473591548 0.6820639888715007 0.08318661971831003 0.15023474178403745
0 0.9142015722809076 0.6503434185359067 0.041813380281690134 0.11737089201877937
