0 0.010159306533646323 0.18848624152321333 0.05193661971830986 0.11443661971830985
0 0.0801472026604069 0.24537200052164843 0.05985915492957747 0.07218309859154928
0 0.1567436301838811 0.18550578160319947 0.07702464788732391 0.06455399061032863
0 0.1567427132237872 0.25768181620587727 0.07570422535211267 0.05692488262910797
0 0.24169509242957746 0.18374793514171447 0.08318661971830986 0.06748826291079814
0 0.24477179919796554 0.25415960267779514 0.07702464788732395 0.05575117370892018
0 0.3327840742370892 0.18849167536080683 0.054137323943662 0.12030516431924886
0 0.38604417302425664 0.19905505564249698 0.058538732394366216 0.12030516431924883
0 0.4547046165884194 0.1838093375065206 0.05633802816901413 0.13380281690140844
0 0.5132366246087636 0.18556827073552426 0.04665492957746488 0.13204225352112672
0 0.564305188771518 0.22134031038080332 0.0642605633802816 0.10387323943661968
0 0.63208535064554 0.2260335159102765 0.0620598591549296 0.10211267605633799
0 0.6703782154733959 0.14327182229177535 0.06294014084507056 0.08568075117370892
0 0.7390374364241001 0.14151832290036515 0.058978873239436624 0.09330985915492959
0 0.6963483592527387 0.23190097374369675 0.06558098591549281 0.10093896713615028
0 0.7619275112480437 0.23190369066249344 0.06294014084507056 0.10387323943661973
0 0.10612407081377151 0.40035211267605636 0.07218309859154928 0.12676056338028172
0 0.11052853579812207 0.5329725265171275 0.07658450704225349 0.11737089201877927
0 0.06077642067683881 0.5071482133541992 0.05325704225352113 0.11443661971830991
0 0.002232797828638498 0.5147898191618848 0.04621478873239437 0.12793427230046944
0 0.2650118593505477 0.4021208268127282 0.06778169014084506 0.13556338028169013
0 0.26852656739045383 0.5388399843505477 0.058538732394366216 0.11619718309859163
0 0.3385159917840376 0.40036298035124324 0.06866197183098595 0.13849765258215954
0 0.33411855682707353 0.5406016344983482 0.07438380281690142 0.11737089201877927
0 0.41861948601330207 0.3974216440619023 0.06558098591549298 0.13086854460093897
0 0.4129016285211268 0.5329779603547209 0.07130281690140844 0.12323943661971828
0 0.49080411287167447 0.5194971526691011 0.06778169014084506 0.1414319248826291
0 0.554162998826291 0.3915389714832203 0.03697183098591547 0.11561032863849766
0 0.5651747725938967 0.5235926360632933 0.04885563380281689 0.12793427230046955
0 0.604788059956964 0.4214495305164319 0.04973591549295762 0.09507042253521127
0 0.6171150601525821 0.5376700791166753 0.05413732394366204 0.12030516431924883
0 0.6782860793231612 0.5271175665101722 0.04181338028169006 0.13204225352112675
0 0.7245109546165884 0.46956561902277866 0.05633802816901405 0.08861502347417838
0 0.7209907448161189 0.5599439227960354 0.057658450704225254 0.09154929577464793
0 0.8081526921948358 0.4443602199617458 0.07790492957746488 0.12030516431924883
0 0.8046300371674492 0.5734415753781951 0.07570422535211271 0.09154929577464783
0 0.0035593334311424104 0.7119560728568944 0.05501760563380282 0.10974178403755865
0 0.018954482100938964 0.8246435402538689 0.04093309859154929 0.12206572769953054
0 0.05857418818466354 0.8428414623543731 0.05105633802816902 0.12793427230046936
0 0.11976201829029731 0.7495261693618502 0.06294014084507042 0.12206572769953054
0 0.11844342967527387 0.8698286167623022 0.06558098591549295 0.1191314553990612
0 0.18622511981611894 0.7495218222917754 0.06558098591549298 0.11737089201877937
0 0.18402502689749609 0.8745201921404973 0.06646126760563383 0.11561032863849766
0 0.25400436473004695 0.7436614284472266 0.06205985915492956 0.12617370892018773
0 0.251805188771518 0.8715902669101027 0.06426056338028169 0.12030516431924873
0 0.31914612676056336 0.8657271561467571 0.06338028169014084 0.12617370892018773
0 0.3926426178599374 0.8322683011650147 0.05325704225352108 0.11737089201877937
0 0.4481086169796557 0.8610377543035994 0.06514084507042249 0.13204225352112686
0 0.5158866392801252 0.7360393844548774 0.05985915492957735 0.13380281690140836
0 0.5167623361697965 0.8698199226221526 0.05325704225352115 0.10974178403755885
0 0.5810244278169014 0.7583154016692748 0.05545774647887324 0.10739436619718316
0 0.5757448772496088 0.8698199226221526 0.058538732394366216 0.10974178403755885
0 0.22230016383020343 0.48896441923143796 0.041813380281690134 0.12382629107981215
0 0.9107055090962441 0.1644654190575552 0.07790492957746488 0.15786384976525825
0 0.6573048097613459 0.7290416884020171 0.2513204225352113 0.18192488262910803
0 0.9186069542253522 0.8293199008868023 0.04753521126760552 0.10211267605633813
0 0.8838294087441315 0.7541704703529821 0.03829225352112676 0.06748826291079811
0 0.8345391358568075 0.21841038515040861 0.04621478873239448 0.10856807511737093
