0 0.005769512910798122 0.12339158407233526 0.06866197183098592 0.16431924882629106
0 0.07445685397104851 0.04819868283776735 0.10519366197183098 0.08274647887323944
0 0.08102687304381848 0.15387541297165713 0.058978873239436624 0.12910798122065725
0 0.14791147055946793 0.13862860806816205 0.03477112676056336 0.14143192488262912
0 0.18974838615023476 0.11165829855677273 0.06866197183098587 0.16842723004694837
0 0.20075374119718312 0.04817912102243088 0.07130281690140844 0.06161971830985914
0 0.352150882726917 0.1597347200486872 0.05501760563380288 0.11913145539906103
0 0.4142131871087637 0.1550480351243262 0.05853873239436614 0.12793427230046947
0 0.47627457453051647 0.15094114067118763 0.06073943661971831 0.12910798122065728
0 0.5405320813771517 0.1550469483568075 0.05633802816901413 0.12676056338028174
0 0.5990726476917059 0.15387432620413843 0.058978873239436624 0.1279342723004695
0 0.6602488629694836 0.15211647974265347 0.05413732394366204 0.13086854460093894
0 0.718792485817684 0.15094385758998435 0.06117957746478879 0.13204225352112672
0 0.7821678770539906 0.1509465745087811 0.05413732394366204 0.13497652582159625
0 0.8384933734350548 0.17322911232829072 0.036091549295774746 0.11561032863849768
0 0.8780950459702661 0.17791851417144847 0.02024647887323946 0.10974178403755865
0 0.9018877151799687 0.16267170926795338 0.05633802816901405 0.12206572769953049
0 0.9626130917449139 0.11752956007650844 0.036091549295774746 0.17136150234741787
0 0.0009557780712050079 0.38093375065206053 0.10871478873239437 0.07042253521126761
0 0.10966628765649453 0.38093809772213527 0.10255281690140843 0.07511737089201878
0 0.21882366246087637 0.38856285863328116 0.10607394366197183 0.07042253521126761
0 0.32710870256259783 0.3821123500260824 0.12103873239436617 0.07570422535211271
0 0.4569627836463224 0.32693227264823516 0.1390845070422535 0.05868544600938964
0 0.45695881015258216 0.38856014171448444 0.13336267605633803 0.06748826291079811
0 0.6026469581377153 0.3914933272474352 0.13556338028169013 0.06631455399061037
0 0.7483381626564944 0.3961946835332986 0.1421654929577465 0.07335680751173707
0 0.9085133631651019 0.4079165579899148 0.09022887323943662 0.05692488262910797
0 0.8271117590962442 0.3310250391236307 0.12544014084507024 0.04225352112676059
0 0.0044775161384976525 0.4982839940879847 0.10959507042253522 0.04812206572769955
0 0.011082074041471048 0.5552213745435576 0.1131161971830986 0.0616197183098593
0 0.1400219459115806 0.5030358850634672 0.082306338028169 0.10974178403755865
0 0.22233378570031298 0.4983524604416623 0.09022887323943662 0.12206572769953054
0 0.3147743666862285 0.5599107763867154 0.10607394366197179 0.05575117370892018
0 0.42524605095852896 0.5646066988349853 0.10079225352112668 0.056924882629108026
0 0.534846317488263 0.5446835332985568 0.108274647887324 0.08920187793427235
0 0.6501632188967137 0.5511383889758302 0.10827464788732384 0.08861502347417838
0 0.7650644317292644 0.5839674621804903 0.14348591549295786 0.05105633802816901
0 0.912032961658842 0.5974591375412972 0.08802816901408445 0.04460093896713612
0 0.010181924882629109 0.7089745261693617 0.08450704225352113 0.05868544600938964
0 0.09602192145931142 0.7283396365849417 0.10255281690140847 0.057511737089201896
0 0.2144161409428795 0.7195389932185706 0.09727112676056333 0.05985915492957748
0 0.31169399207746473 0.7166134150582507 0.10695422535211271 0.06924882629107992
0 0.5608155443075117 0.6755140410363416 0.10959507042253527 0.04812206572769945
0 0.552886590375587 0.7254189488784559 0.10035211267605627 0.07218309859154917
0 0.6589599227308294 0.7236502347417839 0.09947183098591547 0.06338028169014091
0 0.7628362187010954 0.7042894713962788 0.10387323943661973 0.06924882629107983
0 0.868032020246479 0.7031266301512781 0.10695422535211271 0.08098591549295775
0 0.9142290810837245 0.8563537862980349 0.08142605633802825 0.1437793427230048
0 0.7830765845070423 0.879181338028169 0.09507042253521121 0.07922535211267603
0 0.6928241759585291 0.87745174752217 0.06117957746478864 0.1126760563380282
0 0.5990647007042255 0.9407825812902104 0.047535211267605605 0.05927230046948361
0 0.5304131210876369 0.936092092679534 0.0625 0.06396713615023478
0 0.36669142458920195 0.8792177447400452 0.07790492957746473 0.11854460093896702
0 0.24388723836071988 0.8862436967483914 0.07086267605633804 0.10093896713615028
0 0.16377854802425665 0.8715929838288994 0.06646126760563384 0.12323943661971828
0 0.08102687304381848 0.9167166579725264 0.058978873239436624 0.05399061032863836
0 0.0004820153560250391 0.8686445835506869 0.06029929577464789 0.10798122065727703
0 0.28083033793035994 0.16149365327769086 0.029489436619718312 0.11737089201877934
