0 0.002270393192488263 0.1253385280820727 0.10035211267605633 0.3656103286384977
0 0.13222717380672927 0.15523604590505996 0.2662852112676056 0.33098591549295775
0 0.1704833602308294 0.005913102069205356 0.2143485915492958 0.04812206572769954
0 0.16124682120500783 0.0499282733437663 0.22359154929577466 0.04929577464788733
0 0.15113061179577464 0.1027440879846983 0.2337147887323944 0.04812206572769954
0 0.4051108299100156 0.11460669883498523 0.26100352112676056 0.18368544600938963
0 0.3998398376369327 0.2982975786819683 0.2764084507042253 0.1895539906103287
0 0.6669176080790297 0.14332344374891323 0.15008802816901404 0.14143192488262904
0 0.6863330154538342 0.290679881759694 0.2209507042253521 0.20187793427230039
0 0.8161488898669798 0.14910993740219092 0.18397887323943662 0.052816901408450724
0 0.8262650992762128 0.20484426621457136 0.17385563380281688 0.034624413145539934
0 0.8227464177425665 0.2441651451921405 0.17737676056338028 0.03638497652582157
0 0.914230303697183 0.2936125239088854 0.08318661971830986 0.20011737089201873
0 0.005808636541471048 0.5478253781950965 0.12500000000000003 0.3133802816901409
0 0.1999868569053208 0.6503211398017735 0.2345950704225352 0.09330985915492965
0 0.438014414612676 0.7195797470005217 0.10695422535211271 0.10387323943661973
0 0.4402215375586855 0.8293199008868023 0.11619718309859156 0.10211267605633813
0 0.43579965033255086 0.6156967266562338 0.08670774647887317 0.09330985915492955
0 0.5304143437010954 0.6186157842114415 0.06426056338028177 0.07687793427230055
0 0.5506858861502348 0.7119479221005043 0.10035211267605619 0.10093896713615028
0 0.5542070129107982 0.8205002390888542 0.10035211267605619 0.0839201877934272
0 0.6012953589593114 0.6156967266562338 0.0906690140845071 0.09330985915492955
0 0.6523443613067293 0.7101650799860894 0.08010563380281689 0.07687793427230044
0 0.6532426765453834 0.7947025517301338 0.1060739436619719 0.10974178403755874
0 0.7606410162363066 0.6485578595026951 0.11179577464788729 0.09037558685446019
0 0.7641603090766823 0.737751043296818 0.10915492957746473 0.08098591549295775
0 0.7650378398865414 0.820504586158929 0.1051936619718311 0.08861502347417838
0 0.8746249633215962 0.636823487219614 0.09375 0.09330985915492955
0 0.8759459971635367 0.731297274387063 0.09463028169014097 0.08274647887323956
0 0.8759514989241001 0.821664710485133 0.10255281690140852 0.073943661971831
0 0.9718505477308295 0.6426741001564945 0.028169014084507026 0.073943661971831
0 0.9718487138106416 0.7301235654668753 0.025528169014084452 0.08274647887323956
0 0.2470376075899843 0.9407793209876543 0.170774647887324 0.05575117370892018
