0 0.9147890946502057 0.8159293552812072 0.07407407407407413 0.09259259259259249
0 0.2582192001028807 0.2789775758268556 0.16898148148148145 0.18467078189300412
0 0.4337526256001372 0.2769328227404359 0.15933641975308643 0.19855967078189307
0 0.46730752743484216 0.034572187928669416 0.14506172839506173 0.11574074074074074
0 0.4730683084705075 0.5433546715439719 0.10725308641975309 0.15637860082304528
0 0.06648716135116597 0.2552950198140527 0.18595679012345684 0.1630658436213992
0 0.29405355152606305 0.5536189224203627 0.10378086419753091 0.13065843621399176
0 0.6389853395061728 0.07210838667885994 0.13888888888888898 0.0992798353909465
0 0.18679858967764057 0.5515479728699895 0.10108024691358028 0.1162551440329218
0 0.08340352794924555 0.55101308870599 0.10108024691358024 0.09413580246913576
0 0.7527638460219478 0.5351232662703856 0.09104938271604937 0.15534979423868306
0 0.7844202782064472 0.08959190672153634 0.12075617283950603 0.09259259259259259
0 0.18180860982510288 0.02838839353757049 0.13773148148148143 0.10390946502057613
0 0.3550122170781893 0.022206980643194634 0.10648148148148147 0.09465020576131687
0 0.8086765367798354 0.3576193606157598 0.04976851851851841 0.11779835390946508
0 0.6771216456618655 0.4064386145404664 0.055169753086419686 0.06481481481481481
0 0.025175218621399178 0.025296258192348726 0.1412037037037037 0.09773662551440328
0 0.6393740890775035 0.0005744170096021947 0.14313271604938269 0.0648148148148148
0 0.6103826410322359 0.3375176230757507 0.06211419753086421 0.07458847736625514
0 0.6123119212962963 0.4197988111568358 0.0625 0.0493827160493827
0 0.6721075531550069 0.27886040618808106 0.05709876543209873 0.0581275720164609
0 0.8665509259259261 0.35762221841182745 0.05555555555555555 0.12088477366255143
0 0.7805183149005487 0.23517041990550222 0.05748456790123445 0.09516460905349797
0 0.8623279963991768 0.5227499618960524 0.08564814814814825 0.12551440329218116
0 0.89819235468107 0.23722469897881418 0.06365740740740745 0.09156378600823048
0 0.787893840020576 0.0005982319768327999 0.12268518518518524 0.0905349794238683
0 0.7407779813957476 0.41466620941929583 0.05362654320987666 0.06172839506172841
0 0.9178811406893004 0.07419219631153787 0.08217592592592587 0.12757201646090535
0 0.5876387817215364 0.7408855357415028 0.0887345679012346 0.15637860082304528
0 0.48386407964677636 0.7388441167504954 0.09760802469135801 0.17386831275720158
0 0.6902544688786009 0.7655754648681603 0.07754629629629635 0.15483539094650212
0 0.018187639317558298 0.8190152987349489 0.07908950617283951 0.09207818930041153
0 0.7859372320816187 0.7496284865112025 0.08294753086419746 0.15432098765432095
0 0.6778967335390946 0.3395618998628258 0.06018518518518524 0.06018518518518518
0 0.741546371313443 0.3395618998628258 0.048996913580246985 0.06018518518518518
0 0.6018960583847737 0.26805888965096786 0.06365740740740745 0.05915637860082307
0 0.8426255465534979 0.2336329256210943 0.04745370370370381 0.10133744855967076
0 0.4001227066186557 0.5510426192653559 0.06558641975308643 0.1260288065843621
0 0.601913473079561 0.5227471040999846 0.0887345679012346 0.1224279835390947
0 0.8935688871742111 0.751079294314891 0.07253086419753095 0.05452674897119344
0 0.00041125471536351165 0.5695782845602804 0.03665123456790123 0.14454732510288062
0 0.00041822059327846365 0.22913380201188843 0.046682098765432105 0.24228395061728397
0 0.6940972222222223 0.520682822740436 0.055555555555555636 0.11522633744855969
0 0.9267227151920439 0.3468116521871666 0.0362654320987654 0.11213991769547328
