0 0.34496527777777775 0.08923039551897577 0.08333333333333341 0.2577160493827161
0 0.06487268518518517 0.076385078494132 0.08333333333333333 0.2736625514403292
0 0.6080675582990399 0.45753029263831735 0.061728395061728336 0.2438271604938272
0 0.52859734010631 0.4302974013107758 0.06905864197530866 0.2767489711934157
0 0.25237080975651577 0.08204827770156989 0.0806327160493827 0.2788065843621399
0 0.45490424597050755 0.4492836457857034 0.062114197530864126 0.2263374485596708
0 0.3079092185356653 0.4410593850022862 0.05594135802469139 0.23302469135802464
0 0.5899477023319616 0.11339496646852613 0.08024691358024683 0.24434156378600821
0 0.3835329325274348 0.4503029263831733 0.06520061728395063 0.21604938271604937
0 0.18060244127229083 0.09180003048315805 0.06751543209876544 0.2551440329218107
0 0.44025152177640603 0.12726956637707662 0.07330246913580246 0.22890946502057616
0 0.20761182913237314 0.44005248818777626 0.07214506172839504 0.256687242798354
0 0.6809780628429355 0.47192691662856273 0.052854938271605 0.23662551440329216
0 0.11153576174554182 0.4415575941167505 0.05594135802469137 0.21553497942386832
0 0.5258897569444445 0.11698388203017832 0.059027777777777776 0.23148148148148154
0 0.8619095078875172 0.18227499618960524 0.03858024691358016 0.1903292181069959
0 0.7373140646433469 0.1247042181069959 0.0655864197530865 0.2361111111111111
0 0.17170433599108367 0.4425883058984911 0.03202160493827159 0.21759259259259264
0 0.00042545438957476 0.09128467459228776 0.05709876543209876 0.2541152263374486
0 0.9035850158607682 0.1581275720164609 0.05131172839506175 0.2222222222222222
0 0.7454180598422496 0.4647319387288523 0.06867283950617285 0.24382716049382713
0 0.8341571823559671 0.46934918457552194 0.0752314814814816 0.23045267489711938
0 0.9159269440157751 0.47346726870903827 0.045910493827160476 0.23353909465020578
0 0.8048123499657065 0.19614340420667584 0.04089506172839508 0.16820987654320985
0 0.6728628150720165 0.13087134202103334 0.03356481481481476 0.2299382716049383
0 0.08183674125514404 0.7804960181374789 0.06712962962962961 0.15792181069958847
0 0.6671020340363512 0.7856167123914037 0.07137345679012333 0.13271604938271597
0 0.6018928433641976 0.7892151539399482 0.05902777777777786 0.1301440329218108
0 0.42983190800754456 0.7922968106995885 0.06905864197530866 0.125
0 0.2704855752743484 0.7830370751409846 0.05478395061728393 0.12448559670781895
0 0.7500436706961591 0.7861396890717879 0.06288580246913572 0.14197530864197536
0 0.3441816165123457 0.7727733005639383 0.06597222222222222 0.15072016460905366
0 0.20104514960562417 0.7789513793629019 0.06057098765432099 0.15637860082304528
0 0.009299447016460904 0.8103014022252706 0.05787037037037038 0.12551440329218105
0 0.8368559242112482 0.7933075179088553 0.07253086419753095 0.10545267489711936
0 0.9217252336248285 0.7819958847736626 0.062114197530864286 0.1111111111111111
0 0.003878654406721536 0.4425730643194635 0.02970679012345679 0.20113168724279837
0 0.9652925132887518 0.23675268632830362 0.021219135802469206 0.13734567901234562
