0 0.13029880672926447 0.6346081116327594 0.024647887323943646 0.2359154929577465
0 0.5502197647691704 0.6510449269692229 0.06294014084507056 0.24119718309859142
0 0.42036965717918623 0.6334365762476091 0.05061619718309858 0.23826291079812217
0 0.4736254768192489 0.6451682316118935 0.04885563380281681 0.23239436619718307
0 0.2029397740610329 0.6521729916536255 0.05017605633802814 0.19190140845070425
0 0.507516627543036 0.3171269127108329 0.04929577464788737 0.24354460093896713
0 0.45161690629890455 0.29659678751521473 0.046654929577464796 0.2541079812206573
0 0.5290813893779343 0.6627597374369675 0.04621478873239432 0.2171361502347418
0 0.39044038536776215 0.2877869066249348 0.05105633802816898 0.24647887323943668
0 0.589381602112676 0.6480900060858981 0.047535211267605605 0.21889671361502352
0 0.5700163218896713 0.3182962745609459 0.04885563380281697 0.23884976525821605
0 0.28744284282081384 0.2960142801251956 0.04445422535211263 0.25880281690140844
0 0.2663130257237872 0.6328486350199964 0.040052816901408404 0.23708920187793422
0 0.33938007384585284 0.2883922361328465 0.04533450704225359 0.26643192488262907
0 0.36886706523865415 0.6381232611719702 0.04181338028169021 0.2294600938967136
0 0.6994131455399061 0.6316874239262736 0.042253521126760694 0.2505868544600939
0 0.9269723811619719 0.6709778734133195 0.051496478873239465 0.2194835680751174
0 0.6853393363654148 0.3135949182750826 0.05765845070422534 0.23180751173708913
0 0.6232791715571204 0.3241490610328639 0.05721830985915501 0.22183098591549297
0 0.2363849765258216 0.3130009998261172 0.042253521126760535 0.22417840375586856
0 0.646155186326291 0.6316809033211616 0.04093309859154933 0.24354460093896713
0 0.7117490096830986 0.014261650147800384 0.059419014084507026 0.19131455399061034
0 0.6492459531494522 0.012484785254738305 0.055017605633802764 0.17370892018779344
0 0.3169286116001565 0.6351889888715005 0.03917253521126756 0.2294600938967137
0 0.8191326780125197 0.6732970352982091 0.044014084507042306 0.18896713615023467
0 0.7782087490219092 0.012488045557294382 0.05721830985915501 0.1772300469483568
0 0.07573417938184662 0.6187527169187967 0.04313380281690142 0.22476525821596255
0 0.46218670530125194 0.010738349852199616 0.055897887323943726 0.18896713615023475
0 0.21878667840375587 0.011904994783515909 0.05281690140845067 0.1813380281690141
0 0.34158169503129887 0.012488045557294382 0.04665492957746484 0.1772300469483568
0 0.2804073136737089 0.007215049556598852 0.054137323943662 0.18661971830985916
0 0.5898226599178404 0.020707811684924363 0.04885563380281689 0.1813380281690141
0 0.40936093994522693 0.006628195096504956 0.04313380281690142 0.18661971830985916
0 0.5242401457355242 0.0259797209181012 0.04665492957746472 0.17077464788732394
0 0.01015594434663537 0.28484285341679705 0.04709507042253521 0.23591549295774655
0 0.9366570080203444 0.023043275082594333 0.05369718309859148 0.16842723004694835
0 0.021598689358372454 0.6240284298382891 0.045774647887323945 0.21830985915492954
0 0.7566345119327074 0.6457404147104852 0.04665492957746472 0.21654929577464782
0 0.9089269121674493 0.31006020692053554 0.051936619718309866 0.21713615023474186
0 0.8723943050665101 0.6686320857242218 0.0506161971830985 0.221244131455399
0 0.748277031983568 0.2954268822813424 0.05413732394366204 0.25821596244131456
0 0.8468719434663537 0.31709811337158755 0.058978873239436624 0.21244131455399062
0 0.9569037925469485 0.3241490610328639 0.05413732394366188 0.22183098591549297
0 0.862718542155712 0.008969092331768388 0.06117957746478879 0.17957746478873238
