0 0.03965393926056338 0.17502716918796732 0.05941901408450705 0.15610328638497653
0 0.12767141040688576 0.20316303686315423 0.04401408450704224 0.12030516431924883
0 0.17170566803599374 0.1474634846113719 0.07306338028169015 0.176056338028169
0 0.25046673268779346 0.1550790079986089 0.03829225352112676 0.1613849765258216
0 0.29316375684663537 0.05893214223613285 0.04313380281690138 0.26643192488262907
0 0.3341044967723005 0.05306196748391584 0.05413732394366204 0.2646713615023474
0 0.4071697109741785 0.05775680316466701 0.05677816901408445 0.26467136150234744
0 0.46834745451877935 0.03487545644235785 0.05413732394366188 0.27112676056338025
0 0.5585598224765259 0.08179284037558686 0.030369718309859114 0.2376760563380282
0 0.5898327464788733 0.048380173013388976 0.0633802816901408 0.27875586854460094
0 0.6545089984350547 0.08590679881759693 0.028169014084507102 0.24413145539906103
0 0.6871014280125196 0.07828312467396975 0.05985915492957743 0.25
0 0.7605963908450704 0.08884107111806641 0.04753521126760568 0.2441314553990611
0 0.8103384194053207 0.09645876804034081 0.056338028169014204 0.2318075117370892
0 0.8701960460680752 0.08004368805425144 0.05413732394366188 0.25
0 0.9300567292644757 0.07125608589810467 0.05633802816901405 0.2664319248826291
0 0.04982669454225353 0.45322280907668233 0.1307218309859155 0.18485915492957752
0 0.20212398523082942 0.4532385672057033 0.14304577464788729 0.2018779342723005
0 0.36450630868544603 0.4502972309163623 0.10035211267605636 0.19424882629107992
0 0.4683654880672927 0.45617664319248824 0.08010563380281689 0.20598591549295775
0 0.5924842894170579 0.4274408798469831 0.07878521126760568 0.22769953051643194
0 0.6783141994327073 0.46086332811684927 0.08230633802816899 0.19718309859154928
0 0.9230224227308294 0.41855275169535733 0.06778169014084515 0.13556338028169007
0 0.028262238360719876 0.7271670144322726 0.13424295774647887 0.05868544600938974
0 0.01109857932316119 0.7858589810467745 0.13688380281690143 0.0657276995305164
0 0.01374309223395931 0.8533380064336638 0.14216549295774647 0.05575117370892018
0 0.1545890796165884 0.8580355590332116 0.14348591549295772 0.05868544600938964
0 0.1510694811228482 0.79172209181012 0.14568661971830987 0.05985915492957748
0 0.17175212734741782 0.7301012867327421 0.13996478873239435 0.05868544600938964
0 0.3262421752738654 0.734216331942271 0.1408450704225352 0.06631455399061037
0 0.31171508215962435 0.800521105025213 0.1373239436619719 0.055751173708920077
0 0.3090745427425665 0.8609627673448096 0.13776408450704222 0.05105633802816901
0 0.4538579567683881 0.7994115153886281 0.10475352112676062 0.125
0 0.5665089495305164 0.7994044513997567 0.06866197183098595 0.11737089201877927
0 0.6430952904929578 0.7296372370022605 0.07130281690140844 0.19131455399061037
0 0.7223227821791863 0.7794807424795688 0.07438380281690134 0.14906103286384972
0 0.7562050689553991 0.6350977003999304 0.0620598591549296 0.13086854460093902
0 0.8213382726917059 0.6427257216136324 0.051056338028168904 0.12969483568075127
0 0.8746060128129891 0.647424360980699 0.06646126760563378 0.13380281690140836
0 0.9410587221244131 0.6550545557294384 0.05413732394366204 0.13497652582159622
0 0.9639335142801253 0.7964897409146235 0.036091549295774586 0.13849765258215965
0 0.8847326144366198 0.7871114806120675 0.07130281690140837 0.15082159624413155
0 0.8226657252543036 0.7794682446531038 0.06117957746478879 0.13556338028169007
