0 0.022076206704389575 0.16783836305441244 0.12307098765432099 0.15432098765432098
0 0.19372910236625518 0.1508859167809785 0.08101851851851849 0.17901234567901234
0 0.2886579432441701 0.15447959533607683 0.1118827160493827 0.17129629629629634
0 0.4097961676954733 0.1616745732357872 0.10648148148148151 0.16409465020576136
0 0.5274664566186557 0.15704827770156987 0.10725308641975309 0.16769547325102882
0 0.6513020833333333 0.16682289285169943 0.09722222222222222 0.16872427983539096
0 0.7724467378257888 0.16066481862520957 0.10108024691358032 0.18467078189300412
0 0.0039051783264746225 0.3859410722450846 0.06790123456790123 0.14969135802469138
0 0.08649048353909465 0.38492655464106085 0.10185185185185186 0.16512345679012344
0 0.22612150634430728 0.37976013565005334 0.059413580246913573 0.14094650205761322
0 0.3160410772462277 0.3910803421734492 0.09915123456790127 0.14454732510288068
0 0.43448752572016464 0.41525158131382417 0.10648148148148151 0.13837448559670773
0 0.5502213005829903 0.417830265965554 0.09645061728395063 0.14557613168724276
0 0.6624788344478738 0.4286184461210181 0.0806327160493827 0.13014403292181073
0 0.7689584405006857 0.4044557803688462 0.07793209876543222 0.14557613168724282
0 0.8835106953017833 0.47647462277091907 0.03317901234567905 0.14814814814814814
0 0.9178583676268862 0.28564338515470206 0.0493827160493827 0.16152263374485598
0 0.9452530221193415 0.0701231710105167 0.0532407407407408 0.17746913580246915
0 0.7596930191186557 0.6235801516537113 0.06905864197530857 0.13323045267489703
0 0.6566901899005486 0.6554926840420666 0.07831790123456786 0.15432098765432106
0 0.5455892596879288 0.6323364388050602 0.09297839506172834 0.14557613168724276
0 0.4475983796296296 0.6385035627190977 0.09722222222222222 0.13940329218106995
0 0.32877470207476 0.6066129401005945 0.10223765432098762 0.14197530864197536
0 0.2149519890260631 0.6173915942691662 0.08641975308641972 0.1162551440329218
0 0.0926718964334705 0.6050711591220851 0.11419753086419754 0.14351851851851852
0 0.02319449802812071 0.6066062719097698 0.06674382716049382 0.13477366255144033
0 0.49502421982167355 0.8426673715896967 0.05709876543209873 0.08076131687242805
0 0.29597104338134433 0.8292814548087182 0.08719135802469132 0.06841563786008223
0 0.08648807227366255 0.8282312147538485 0.09837962962962961 0.04526748971193418
0 0.6833571780692729 0.8611711248285322 0.14544753086419754 0.06481481481481481
0 0.9132300775891633 0.8735120408474318 0.05131172839506175 0.05967078189300413
0 0.8954820923353909 0.694544467306813 0.04976851851851857 0.10802469135802466
0 0.9332912701474623 0.49754134278311235 0.05054012345679016 0.1224279835390946
