0 0.3174231587441314 0.250733024691358 0.1175176056338028 0.15786384976525825
0 0.5832709800469483 0.35045155190401667 0.12147887323943662 0.10739436619718316
0 0.40853017410015646 0.5342054642670839 0.11443661971830994 0.18133802816901404
0 0.7474202856025038 0.5494691140671188 0.08802816901408461 0.18720657276995295
0 0.4815623777386541 0.3246386498000347 0.06954225352112675 0.11678403755868545
0 0.3707043476134585 0.8046263693270735 0.1522887323943663 0.05281690140845083
0 0.5929494938380281 0.046463115110415586 0.11487676056338027 0.1097417840375587
0 0.4375916960093897 0.03121848374195792 0.13204225352112675 0.12441314553990611
0 0.29629303599374024 0.017732785602503916 0.11267605633802821 0.1373239436619718
0 0.6558792424687011 0.8164004086245871 0.09991197183098595 0.09272300469483567
0 0.5273376369327074 0.5383243131629282 0.07042253521126757 0.19307511737089197
0 0.07927333969092333 0.6157445444270562 0.06910211267605633 0.14495305164319242
0 0.2192570789319249 0.7852536515388628 0.09639084507042249 0.045774647887323966
0 0.5797550493935837 0.25770137802121373 0.12896126760563378 0.07805164319248824
0 0.16689988018388108 0.26247228742827333 0.12455985915492954 0.16021126760563384
0 0.6136379474765258 0.6033988654147106 0.11751760563380292 0.12147887323943668
0 0.15149128276604068 0.04176827942966441 0.11927816901408453 0.10974178403755867
0 0.16600064798513303 0.5488534602677796 0.09727112676056338 0.1561032863849766
0 0.010166336561032866 0.6163042296991827 0.06205985915492958 0.11561032863849777
0 0.283513974471831 0.5787710832898626 0.09110915492957747 0.1431924882629108
0 0.7667611135563379 0.8070226917057903 0.05149647887323962 0.10563380281690134
0 0.7271597466744913 0.025371131107633456 0.06778169014084515 0.14730046948356806
0 0.19858604753521128 0.9149479438358545 0.11883802816901405 0.04518779342722999
0 0.36717527386541465 0.8803392888193358 0.14084507042253527 0.06220657276995296
0 0.5357250709115806 0.8293541340636411 0.10607394366197175 0.1390845070422535
0 0.2060623288341158 0.8404152538688924 0.11003521126760564 0.042840375586854405
0 0.8851816192292645 0.8756748826291079 0.08406690140845068 0.09507042253521115
0 0.025598469287949923 0.38865414710485136 0.10123239436619717 0.16901408450704225
0 0.025589299687010954 0.12455877238741088 0.08802816901408451 0.15727699530516434
