0 0.33456450508607194 0.6931653190749434 0.08274647887323942 0.09741784037558696
0 0.3420566803599374 0.11335093896713615 0.09683098591549298 0.09507042253521128
0 0.7535834800469483 0.6843244653103808 0.08978873239436622 0.05633802816901405
0 0.22629933245305164 0.10982872543905407 0.09639084507042249 0.09389671361502348
0 0.46265649452269164 0.2858687619544427 0.09859154929577467 0.07629107981220652
0 0.5731459066901408 0.28940021300643365 0.11883802816901413 0.08744131455399058
0 0.08942347662363066 0.12038069466179796 0.10783450704225352 0.08157276995305164
0 0.340302535700313 0.5446617979481829 0.10607394366197183 0.06572769953051649
0 0.354370843114241 0.27178860198226396 0.08274647887323947 0.08098591549295775
0 0.24697892214397493 0.2776560598156842 0.08626760563380284 0.07981220657277001
0 0.4340296116979656 0.6890388628064685 0.07306338028169014 0.07746478873239432
0 0.11493727992957746 0.2841168927143105 0.08714788732394367 0.08568075117370898
0 0.711358079029734 0.11922002695183447 0.13028169014084498 0.09565727699530516
0 0.5665581597222222 0.11746326725786821 0.139524647887324 0.09976525821596242
0 0.3446996650039124 0.44841168927143105 0.09991197183098587 0.059272300469483556
0 0.5295435372652582 0.6919709615719005 0.07790492957746488 0.07511737089201873
0 0.8565691021126761 0.17022854720918104 0.07922535211267592 0.04401408450704225
0 0.22892672877543035 0.7066510172143975 0.07702464788732395 0.08450704225352118
0 0.6409098689358373 0.6931332594331421 0.09330985915492944 0.06279342723004704
0 0.7606171752738654 0.2941059163623717 0.07746478873239432 0.09917840375586856
0 0.029537729851330206 0.29290829855677275 0.06954225352112678 0.07335680751173712
0 0.8530449188184664 0.10861154581811858 0.07482394366197175 0.04694835680751175
0 0.46748826291079815 0.5264709398365502 0.08450704225352115 0.06748826291079811
0 0.46221604802425664 0.43315945053034255 0.09815140845070426 0.0657276995305164
0 0.8253722857981222 0.586890866805773 0.1558098591549296 0.039319248826290974
0 0.4565006357589984 0.11628629803512432 0.10739436619718311 0.09624413145539909
0 0.13737804430751174 0.6984470092157886 0.07790492957746478 0.09741784037558684
0 0.7060189260563381 0.2946889671361502 0.047535211267605605 0.09507042253521131
0 0.835482993446792 0.4830192575204313 0.13776408450704214 0.04107981220657269
0 0.15146194004303598 0.48541775343418525 0.07702464788732395 0.0962441314553991
0 0.8521997872652581 0.34335169970439916 0.12544014084507055 0.045187793427230095
0 0.8539511810446009 0.2787993392453486 0.1122359154929577 0.04694835680751176
0 0.7482693906494523 0.7494875891149365 0.0431338028169015 0.08039906103286387
0 0.7975706670579031 0.7524175143453312 0.051056338028168904 0.07570422535211271
0 0.33325172388497654 0.8873733915840724 0.09375 0.05340375586854449
0 0.33764977014866976 0.9401919231438011 0.08890845070422541 0.05516431924882631
0 0.15672498532863852 0.9173225308641976 0.05017605633802814 0.07453051643192475
0 0.4327324188184663 0.9536814249695706 0.1065140845070423 0.046361502347417836
0 0.08146854215571205 0.9167286124152321 0.06117957746478874 0.06690140845070414
0 0.5577116343896714 0.8973814336637107 0.07658450704225352 0.08744131455399043
0 0.2342087245696401 0.9337354373152494 0.07746478873239432 0.053990610328638465
0 0.6677520417644758 0.8838968222917754 0.08406690140845074 0.10152582159624414
0 0.2372857369913928 0.8691830768561989 0.07174295774647889 0.055751173708920285
0 0.8675720119327074 0.9548480699008868 0.07834507042253512 0.03873239436619732
0 0.8728524794600939 0.7617936011128499 0.07658450704225352 0.06103286384976533
0 0.7676667644757433 0.9120511650147801 0.08802816901408445 0.08568075117370881
0 0.8658065580985915 0.9014421404973049 0.07130281690140852 0.03638497652582163
0 0.027365757042253518 0.49481829247087467 0.11091549295774648 0.10798122065727693
0 0.23553984497261346 0.505965810293862 0.09286971830985916 0.10504694835680747
0 0.2293876540492958 0.43023115545122587 0.10695422535211263 0.07218309859154928
0 0.5933887177230047 0.5170867023126412 0.11355633802816906 0.07335680751173712
0 0.7390505795187792 0.5294274908711528 0.07790492957746488 0.09154929577464783
0 0.06869437108763694 0.6896773387237003 0.04665492957746479 0.1332159624413146
0 0.15673598884976528 0.84571976612763 0.06602112676056338 0.06748826291079811
0 0.0805928452660407 0.8556778169014083 0.06778169014084506 0.04753521126760568
0 0.0005134976525821597 0.002396865762476091 0.1056338028169014 0.0534037558685446
0 0.11362755526212834 0.0035651408450704226 0.10255281690140844 0.04753521126760564
0 0.22718542155712054 0.005898974091462354 0.10475352112676053 0.03286384976525821
0 0.34030009047339593 0.007070509476612764 0.10255281690140844 0.03051643192488263
0 0.4675093529929577 0.007067249174056686 0.11487676056338027 0.026995305164319246
0 0.5894066656885758 0.009420644235785081 0.08362676056338027 0.03345070422535211
0 0.7245265429381847 0.007070509476612764 0.07878521126760553 0.03051643192488263
0 0.8666746136541472 0.010588375934620066 0.05369718309859148 0.02699530516431925
0 0.9252078442879499 0.005898974091462354 0.04577464788732407 0.03286384976525821
0 0.44856067830594676 0.892061163275952 0.08230633802816906 0.04577464788732407
0 0.8288903560250391 0.5317330681620587 0.15140845070422526 0.04636150234741794
0 0.8262443148474178 0.44017453486350205 0.1439260563380281 0.03638497652582157
