0 0.8268965942215364 0.3803531283340954 0.17554012345679015 0.22582304526748972
0 0.6181817451131687 0.0567815500685871 0.18171296296296285 0.21296296296296294
0 0.4283653227880659 0.06706008992531627 0.17939814814814803 0.20267489711934153
0 0.1552737054183813 0.37360444292028655 0.2608024691358025 0.15946502057613168
0 0.4534872256515775 0.44256877762536195 0.24382716049382722 0.19650205761316872
0 0.1891833311899863 0.014658112330437434 0.20177469135802464 0.2752057613168724
0 0.08224558470507545 0.03416590458771529 0.10030864197530863 0.23251028806584362
0 0.015906582218792868 0.3622909045877153 0.1277006172839506 0.1630658436213992
0 0.002783939900548697 0.5221898338667886 0.11998456790123459 0.07613168724279831
0 0.8507708011831275 0.08148529187623839 0.10995370370370365 0.2263374485596708
0 0.4855340149176955 0.7038608824874257 0.28009259259259256 0.16975308641975312
0 0.2231647590877915 0.6812828646547783 0.24614197530864199 0.2299382716049383
0 0.017892661179698215 0.6663203970431337 0.20987654320987656 0.18158436213991766
0 0.48743569958847743 0.8781550068587105 0.24074074074074078 0.07407407407407397
0 0.795270436814129 0.7496789742417315 0.18942901234567905 0.2088477366255144
0 0.705304516032236 0.3999242684042067 0.08294753086419754 0.2515432098765432
