0 0.10616024734224964 0.1138779340039628 0.09297839506172842 0.2103909465020576
0 0.25700526191700956 0.14269594955037343 0.08757716049382722 0.22273662551440326
0 0.36270951217421127 0.1395900015241579 0.0794753086419754 0.20164609053497948
0 0.45452889231824417 0.16374457018747146 0.07716049382716048 0.17746913580246915
0 0.5397856117112483 0.1534726985215668 0.06905864197530866 0.19495884773662556
0 0.6181185163751715 0.14421677335771987 0.09066358024691357 0.198559670781893
0 0.7199609910836764 0.15965268251790887 0.07716049382716048 0.20267489711934158
0 0.8210318608539094 0.16272624218869078 0.06365740740740745 0.18878600823045266
0 0.7982711226851851 0.3741298010973937 0.06597222222222222 0.17129629629629634
0 0.9244330847050753 0.4060170896204847 0.0725308641975308 0.16512345679012339
0 0.6188769933127571 0.38493750952598693 0.07175925925925929 0.1769547325102881
0 0.6941009730795611 0.36949445587562874 0.06095679012345675 0.16512345679012339
0 0.5417124807098765 0.35305450769699737 0.06597222222222214 0.18775720164609058
0 0.4556895147462277 0.3710543362292334 0.08179012345679015 0.1831275720164609
0 0.3569216713820302 0.3684794619722603 0.07831790123456786 0.18004115226337455
0 0.2762844007201646 0.36845802850175274 0.07175925925925924 0.15689300411522641
0 0.1867859975137174 0.3499695168419448 0.08294753086419754 0.18930041152263372
0 0.1412613061556927 0.6086962734339277 0.08294753086419754 0.16975308641975323
0 0.22651025591563786 0.6055927069044352 0.06365740740740738 0.1512345679012346
0 0.17751093106995885 0.7809780330742265 0.06018518518518518 0.12294238683127566
0 0.24695751886145403 0.7583609586953208 0.06327160493827158 0.14094650205761322
0 0.3206468621399177 0.7465363511659808 0.0648148148148148 0.14814814814814825
0 0.3920109417866941 0.714626676573693 0.05131172839506175 0.1301440329218108
0 0.44334276406035666 0.6025067634506936 0.08024691358024683 0.15174897119341554
0 0.5328451860425241 0.6148410112787686 0.07484567901234555 0.13940329218106995
0 0.5339969671639232 0.7568191777168114 0.0667438271604938 0.1424897119341564
0 0.4444940093449931 0.7552816834324035 0.0713734567901235 0.1486625514403292
0 0.6065431027091908 0.7918109853680841 0.0887345679012346 0.15586419753086422
0 0.7052846900720164 0.7799892356348117 0.054398148148148175 0.1661522633744856
0 0.6076908650548696 0.611775548696845 0.07484567901234579 0.16203703703703703
0 0.8334083504801097 0.6226085009907028 0.1080246913580246 0.1949588477366255
0 0.8403219843106996 0.820589468068892 0.06365740740740745 0.12551440329218094
0 0.7562114197530865 0.6179145709495504 0.05555555555555555 0.12551440329218116
0 0.7643242562585735 0.7810170896204847 0.07137345679012333 0.16512345679012339
0 0.9105482145919067 0.8128762764822436 0.07831790123456793 0.1286008230452674
0 0.6894675925925925 0.6163756477671087 0.055555555555555636 0.13014403292181068
0 0.3083017189643347 0.6297067901234569 0.06558641975308643 0.08333333333333323
0 0.9178773898319617 0.0006191891479957323 0.0767746913580246 0.11316872427983539
0 0.0016179591049382716 0.0014393766194177714 0.1076388888888889 0.9989711934156377
