0 0.7430075679773083 0.3164330116501478 0.07174295774647893 0.1279342723004695
0 0.6831361869131455 0.5564896322378717 0.054137323943661955 0.1637323943661971
0 0.8301575948748044 0.30237078334202744 0.0748239436619719 0.15199530516431928
0 0.1822662974374022 0.5447552599547905 0.06910211267605632 0.16666666666666677
0 0.49608305213223786 0.0834670057381325 0.06382042253521128 0.1443661971830986
0 0.5651925004890453 0.2924083854981742 0.0743838028169015 0.1672535211267606
0 0.6008304601917058 0.5676165014780038 0.05501760563380284 0.13849765258215965
0 0.5682725694444445 0.08287363067292644 0.07306338028169014 0.13732394366197184
0 0.36007800273865415 0.308235524256651 0.0616197183098592 0.147887323943662
0 0.6532215864632237 0.2853683055120849 0.07570422535211271 0.16960093896713613
0 0.515440385367762 0.5541438445487741 0.051056338028169064 0.16549295774647893
0 0.43885893485915495 0.5646876630151278 0.05545774647887324 0.14436619718309857
0 0.25357125391236307 0.10282939923491567 0.07218309859154928 0.1402582159624413
0 0.4243348982785602 0.08875141279777429 0.05633802816901413 0.14730046948356806
0 0.25841158059467917 0.5535504694835681 0.07042253521126764 0.15845070422535218
0 0.34291495500782465 0.09402929925230394 0.06514084507042257 0.1431924882629108
0 0.9151060005868545 0.2912243522865588 0.07658450704225352 0.1561032863849766
0 0.6593798904538342 0.06176751869240132 0.07042253521126772 0.1596244131455399
0 0.060349117273082946 0.11457735611198053 0.07174295774647886 0.15199530516431922
0 0.03789398718701095 0.5664449660928534 0.06029929577464789 0.14084507042253513
0 0.2038286140453834 0.3375537949921753 0.0625 0.12147887323943662
0 0.12416464935446009 0.34576269344461835 0.06470070422535214 0.11384976525821594
0 0.03920951926838811 0.34870674665275603 0.053257042253521125 0.12441314553990614
0 0.4881660186815336 0.2924007781255433 0.07174295774647893 0.15903755868544603
0 0.7346335827464789 0.07230644670492088 0.05545774647887324 0.13321596244131456
0 0.3574389915884194 0.5617267649104503 0.06426056338028169 0.11561032863849766
0 0.10479600694444445 0.5599982611719702 0.061179577464788734 0.15023474178403756
0 0.14659471586463224 0.12804566597113545 0.040052816901408446 0.12030516431924886
0 0.2905317757237872 0.32347961224134936 0.055897887323943685 0.13262910798122068
0 0.19370140111502346 0.11983676751869242 0.05677816901408453 0.12793427230046947
0 0.8297192879499218 0.5535515562510868 0.07746478873239432 0.1596244131455399
0 0.9190617664319249 0.5424159928708052 0.0686619718309858 0.17546948356807504
0 0.8231248166079812 0.06703127716918797 0.088468309859155 0.1402582159624413
0 0.759281164417058 0.5494250999826118 0.05501760563380284 0.13967136150234738
0 0.9173033426251958 0.06468548948009041 0.07174295774647861 0.14201877934272303
0 0.9195058807707356 0.7817846896191966 0.07438380281690134 0.10211267605633813
0 0.28305977357198747 0.8317254607894279 0.070862676056338 0.16490610328638494
0 0.5242539001369327 0.8188206398887149 0.06646126760563378 0.17136150234741795
0 0.6866704567683881 0.8381786863154234 0.07306338028169021 0.16255868544600957
0 0.14044435886150233 0.8252760389497478 0.05677816901408451 0.17136150234741784
0 0.20427364534428796 0.8287901017214397 0.06954225352112675 0.1637323943661971
0 0.065625 0.8194118414188836 0.06338028169014086 0.1760563380281691
0 0.3635985181924883 0.8211680577290906 0.06073943661971831 0.17136150234741773
0 0.4485447843309859 0.8440184315771171 0.0594190140845071 0.13145539906103287
0 0.8499630159428795 0.8328953660233002 0.07350352112676053 0.16079812206572786
0 0.002239522202660407 0.8188298774126238 0.055897887323943664 0.18133802816901415
0 0.6100749462050078 0.8093896713615023 0.05721830985915501 0.1267605633802816
0 0.7650185837245697 0.8375874847852548 0.07746478873239447 0.1578638497652582
0 0.0013500709115805945 0.13334365762476091 0.042693661971830985 0.13791079812206578
0 0.4309302865805947 0.31293633715875496 0.046654929577464796 0.15434272300469487
0 0.0013436521909233176 0.3340576638845419 0.03345070422535212 0.1484741784037559
0 0.002664991686228482 0.5336066553642845 0.03477112676056338 0.1684272300469483
0 0.9278624437597808 0.8950503173361155 0.06558098591549298 0.10504694835680747
