0 0.0004932377400548697 0.17304145709495503 0.15470679012345678 0.21810699588477367
0 0.0020034936556927296 0.13582961819844536 0.10725308641975309 0.029320987654321007
0 0.00045251414609053507 0.09057117817405884 0.09606481481481483 0.03909465020576131
0 0.16723492155349795 0.15351747065996035 0.2627314814814815 0.24331275720164608
0 0.43916511274005493 0.1775805898491084 0.17554012345679007 0.12037037037037032
0 0.43722967035322363 0.30409474546563026 0.16628086419753088 0.08899176954732509
0 0.6181589720507544 0.1971074340801707 0.1489197530864197 0.09825102880658439
0 0.61275907707476 0.30614950083828685 0.15084876543209874 0.08590534979423874
0 0.7955833654835391 0.17663989864349944 0.08449074074074063 0.21553497942386837
0 0.897431466478052 0.19511745541838135 0.07908950617283952 0.1712962962962963
0 0.7651534636488341 0.49762993446121023 0.15432098765432095 0.21810699588477364
0 0.931373778292181 0.48991293247980494 0.06712962962962968 0.21707818930041153
0 0.6686551568930041 0.5988640260631002 0.0856481481481481 0.1064814814814816
0 0.637359074931413 0.5917090573083371 0.01929012345679008 0.15689300411522636
0 0.48698211376886147 0.594272976680384 0.14313271604938269 0.14814814814814814
0 0.3407613704561043 0.5037151348879744 0.14081790123456786 0.12345679012345682
0 0.3426922582304527 0.6369289170858101 0.1435185185185185 0.10545267489711926
0 0.1698546274862826 0.4913775529644871 0.14621913580246912 0.13220164609053503
0 0.20495434670781892 0.6322945244627344 0.13425925925925924 0.10030864197530857
0 0.04331436471193416 0.6297248894985521 0.15046296296296297 0.10288065843621397
0 0.0213198731138546 0.5037084666971499 0.1450617283950617 0.1162551440329218
0 0.1277402692043896 0.8304021871665905 0.05709876543209873 0.1676954732510288
0 0.041323731138545955 0.8345093164151806 0.06172839506172839 0.15895061728395068
0 0.20577444487311386 0.8915528311233044 0.20408950617283952 0.09927983539094645
0 0.4650251307441701 0.9295810470964792 0.19174382716049382 0.058641975308642014
0 0.6659856181412894 0.8930993750952599 0.13040123456790126 0.10288065843621408
0 0.8083378879458162 0.8977247180307879 0.11766975308641968 0.09825102880658455
0 0.8048737032750343 0.8071406797744247 0.12924382716049382 0.04526748971193418
0 0.9398550025720165 0.8062333295229385 0.057870370370370475 0.17644032921810698
0 0.8056428969478738 0.8637126581313824 0.12577160493827158 0.03189300411522635
0 0.5082017854080932 0.8853233119951227 0.1439043209876543 0.03806584362139926
0 0.49779235253772286 0.47275615378753244 0.15432098765432095 0.02109053497942376
0 0.4904591585219479 0.4985430003048316 0.15007716049382713 0.09310699588477366
