0 0.31005844092331764 0.3510606850982438 0.28697183098591555 0.13145539906103293
0 0.2660082893192488 0.6973971917927317 0.23503521126760568 0.2312206572769953
0 0.0796997261345853 0.010756281516258043 0.049295774647887335 0.20833333333333334
0 0.18577244718309857 0.015458724569640063 0.04753521126760564 0.21654929577464788
0 0.23770814994131456 0.016027103981916188 0.046214788732394395 0.19659624413145543
0 0.6111166128716745 0.4942509998261172 0.28961267605633795 0.1291079812206572
0 0.025120121772300465 0.013684576595374719 0.046214788732394374 0.20187793427230047
0 0.13735175811815337 0.014868609806990089 0.040052816901408446 0.21302816901408453
0 0.604961059761346 0.3768708702834289 0.2988556338028168 0.11913145539906103
0 0.0006226159037558686 0.7050045644235785 0.26276408450704225 0.20774647887323935
0 0.3104988874217527 0.4678740653799339 0.28741197183098594 0.16314553990610334
0 0.0006235328638497653 0.39106188054251434 0.2640845070422535 0.23415492957746484
0 0.5001717771909233 0.7108850634672231 0.24735915492957744 0.22065727699530524
0 0.6827229435641627 0.06231850982437837 0.09286971830985911 0.12089201877934275
0 0.2989250171165884 0.19318270735524257 0.09991197183098595 0.11619718309859153
0 0.585455484643975 0.0623212267431751 0.09815140845070418 0.1238262910798122
0 0.48862144219483566 0.19025658581116325 0.09375 0.12500000000000006
0 0.5823720535015648 0.18966647104851328 0.09463028169014089 0.12147887323943665
0 0.3024421703834116 0.05294840027821248 0.09419014084507037 0.14201877934272303
0 0.3944355804968701 0.05704334028864546 0.09991197183098595 0.1279342723004695
0 0.7755905223004693 0.18438695444270561 0.08978873239436622 0.1238262910798122
0 0.3904733959311424 0.18673600243435926 0.09859154929577467 0.1255868544600939
0 0.6809581010367762 0.19083854981742307 0.08670774647887325 0.11971830985915491
0 0.7531916324334897 0.7120538819335768 0.15933098591549297 0.21537558685445998
