0 0.8584640775034293 0.23222260326169794 0.07716049382716048 0.24485596707818932
0 0.28977409122085046 0.5073835924401768 0.05246913580246917 0.1965020576131687
0 0.40937848293895746 0.805159750800183 0.06057098765432095 0.12808641975308646
0 0.6185043188443072 0.8087458085657674 0.09066358024691357 0.11213991769547323
0 0.3511311514060357 0.21985215668343241 0.07330246913580246 0.21810699588477364
0 0.5228100351508916 0.22242417314433774 0.06867283950617285 0.21810699588477364
0 0.2014363104423868 0.2218973860691968 0.06828703703703702 0.20473251028806583
0 0.6076863104423867 0.20548744474927602 0.06828703703703715 0.2597736625514403
0 0.27551493912894376 0.22550868770004573 0.07484567901234568 0.2160493827160494
0 0.20877459490740738 0.5150877343392776 0.0798611111111111 0.1836419753086419
0 0.400129940414952 0.5089187052278615 0.07600308641975309 0.18775720164609058
0 0.43176976165980796 0.21883001828989485 0.08179012345679015 0.22530864197530864
0 0.4734439300411523 0.5305269775948788 0.09259259259259255 0.191358024691358
0 0.13700515474965708 0.5042862178021643 0.06520061728395063 0.18467078189300412
0 0.6836829668209877 0.21370598994055787 0.05902777777777786 0.24691358024691354
0 0.12157895018861455 0.23782102575826855 0.0736882716049383 0.18004115226337444
0 0.37890062371399175 0.0011426421277244323 0.06134259259259262 0.12294238683127572
0 0.020094146519204388 0.47704046639231823 0.046682098765432105 0.2037037037037037
0 0.7203320580418381 0.0021909769852156685 0.055941358024691426 0.14403292181069957
0 0.30945751886145406 0.00680060204237159 0.06327160493827158 0.12242798353909466
0 0.5964966992455418 0.5227604404816338 0.06635802469135801 0.13683127572016465
0 0.6408613040123458 0.008858215211095869 0.0625 0.12242798353909463
0 0.5640852730624143 0.001145976223136717 0.06057098765432095 0.1265432098765432
0 0.44988345550411524 0.007311194939795762 0.054398148148148175 0.11831275720164611
0 0.17788762431412897 0.0006125209571711629 0.047067901234567895 0.10596707818930041
0 0.10111829132373115 0.005750361987501906 0.05478395061728393 0.0992798353909465
0 0.8503381129972564 0.005279778235025148 0.04243827160493841 0.14660493827160495
0 0.23189434370713308 0.00729023776863283 0.038966049382716035 0.09567901234567902
0 0.2739476165980796 0.0036984644109129706 0.040123456790123455 0.10545267489711935
0 0.760069176526063 0.22243369913123 0.05516975308641984 0.22839506172839508
0 0.8395294817386831 0.5937866750495352 0.03356481481481476 0.17849794238683123
0 0.8835160536694101 0.5978961857948484 0.04089506172839508 0.17232510288065842
0 0.8912337105624142 0.004765851242188691 0.04320987654320984 0.147119341563786
0 0.94563534164952 0.24557994208199968 0.04822530864197524 0.2263374485596708
0 0.7893858774862825 0.6025177183356197 0.048996913580246826 0.1635802469135801
0 0.7920875664437587 0.008370008382868466 0.05054012345679 0.15072016460905352
0 0.9390809863683126 0.005285017527815882 0.05439814814814825 0.1522633744855967
0 0.6759478952331962 0.5268585200426765 0.03163580246913579 0.11831275720164604
0 0.7377221043381345 0.9146457285474776 0.0976080246913581 0.03960905349794222
0 0.18947214720507546 0.7794391098917849 0.06211419753086421 0.1275720164609053
0 0.4911951303155006 0.8072145061728396 0.09876543209876548 0.125
0 0.3352936921296297 0.8498628257887516 0.04513888888888889 0.07407407407407407
0 0.2693249528463648 0.8334066834324035 0.05015432098765433 0.07921810699588476
0 0.9294190457818929 0.60869341563786 0.03009259259259254 0.16666666666666677
0 0.7427029749657065 0.5922406073769243 0.047839506172839524 0.17541152263374488
0 0.8480626821844993 0.8241088439262307 0.09915123456790127 0.037551440329218096
0 0.8577010459533607 0.9028120713305898 0.0895061728395062 0.037037037037037035
0 0.7411785193758572 0.8158931565310167 0.07484567901234572 0.05349794238683122
0 0.8569350673010975 0.9516851470812376 0.09760802469135793 0.04218106995884762
0 0.3387637710048011 0.5058084705075446 0.0420524691358025 0.16203703703703715
0 0.5193190586419754 0.0006277625361987502 0.04166666666666659 0.12242798353909466
