0 0.7890182934670782 0.8149877114769091 0.07523148148148143 0.18672839506172825
0 0.41556391460905345 0.5413518327998781 0.07870370370370373 0.21553497942386826
0 0.5089348100994513 0.24043257506477672 0.08834876543209881 0.2227366255144033
0 0.6046084640775036 0.2342654511507392 0.0806327160493827 0.22890946502057613
0 0.6883289394718792 0.25789228014022253 0.08256172839506175 0.19032921810699588
0 0.23192702974965707 0.5428950426764213 0.08603395061728397 0.21553497942386815
0 0.32991335519547327 0.5454613435451914 0.07523148148148151 0.20936213991769545
0 0.4074759945130315 0.23785293781435757 0.09876543209876548 0.21450617283950618
0 0.689478845164609 0.5773071940253011 0.07175925925925929 0.15843621399176952
0 0.009766696673525376 0.5362535246151502 0.1751543209876543 0.264917695473251
0 0.3021497770919067 0.23785960600518216 0.09567901234567905 0.22170781893004116
0 0.6034513245884774 0.5295305593659504 0.08101851851851849 0.2263374485596707
0 0.5100887345679013 0.5439057498856883 0.08333333333333333 0.1959876543209876
0 0.7828430426954733 0.2769123418686176 0.07175925925925937 0.17644032921810698
0 0.8032881622942385 0.5552140489254688 0.06828703703703715 0.18672839506172847
0 0.8816001693244169 0.5510850099070264 0.059799382716049364 0.17181069958847736
0 0.889313003686557 0.31956637707666513 0.055169753086419686 0.13168724279835392
0 0.9479531035665295 0.5433761050144794 0.05246913580246921 0.17952674897119344
0 0.6034443587105625 0.8226875666819082 0.07098765432098762 0.16923868312757195
0 0.33416629158093275 0.8211548353909465 0.08834876543209881 0.18055555555555544
0 0.5131703317901235 0.8304036160646243 0.07638888888888881 0.16923868312757184
0 0.4263647762345679 0.8684342135345222 0.0763888888888889 0.1311728395061727
0 0.6933462469993141 0.8622623266270385 0.08526234567901231 0.13220164609053503
0 0.23463246956447187 0.8663799344612102 0.09297839506172838 0.13477366255144033
0 0.881989186814129 0.846836896052431 0.06442901234567905 0.13940329218107006
0 0.0004755551268861455 0.20140365416857187 0.12924382716049382 0.293724279835391
