0 0.6453552914710484 0.1615979829594853 0.1566901408450705 0.2300469483568075
0 0.8064401163928012 0.16160069987828204 0.14700704225352124 0.23298122065727694
0 0.449922669698748 0.1245343201182403 0.14216549295774641 0.13086854460093894
0 0.45080386834898284 0.26771594070596416 0.1434859154929577 0.11913145539906103
0 0.40319652288732394 0.26185446009389673 0.039612676056338045 0.12676056338028172
0 0.2654957086267606 0.17390453834115807 0.13072183098591555 0.2112676056338028
0 0.08944028755868544 0.17976764910450357 0.13204225352112675 0.20539906103286384
0 0.23197500978090765 0.1739105155625109 0.02992957746478875 0.21772300469483566
0 0.0567998704029734 0.1967820813771518 0.03124999999999999 0.20070422535211266
0 0.0013534330985915492 0.17507716049382716 0.04753521126760563 0.21009389671361506
0 0.8680469972613458 0.5817455659885238 0.12852112676056338 0.1866197183098591
0 0.8112131993348983 0.5723586115458181 0.04841549295774649 0.18955399061032865
0 0.6523795114436619 0.5307278082072683 0.13072183098591555 0.22828638497652587
0 0.5207749535406886 0.5336593635889412 0.12720070422535218 0.2253521126760563
0 0.4762605144757433 0.5260318857589985 0.04049295774647885 0.22711267605633792
0 0.36846238018388106 0.5858280081724917 0.0928697183098592 0.15903755868544595
0 0.27954475987871674 0.5846553860198226 0.07966549295774648 0.16021126760563378
0 0.22846274696791863 0.5817211137193531 0.04269366197183102 0.1602112676056339
0 0.08592160602503912 0.5043253347243958 0.13556338028169013 0.23474178403755874
0 0.004891370794209702 0.5060799208833247 0.07174295774647886 0.22828638497652576
0 0.6025833822378718 0.1615979829594853 0.04401408450704222 0.2300469483568075
0 0.5283612700508608 0.842280690314728 0.2768485915492958 0.15610328638497636
0 0.8135059052230046 0.8686663189010606 0.18089788732394366 0.13145539906103287
0 0.21544405320813773 0.8499043644583552 0.3098591549295775 0.15023474178403745
0 0.9626140087050078 0.16159961311076335 0.03741197183098595 0.23180751173708922
