0 0.887035429526749 0.7357210219478738 0.10879629629629635 0.13425925925925927
0 0.8843420460390948 0.07010269013869838 0.11921296296296302 0.15534979423868311
0 0.10734283907750344 0.5376828989483311 0.12924382716049382 0.14197530864197525
0 0.32488667052469133 0.3499028349336991 0.05902777777777782 0.11728395061728392
0 0.4587488747427983 0.32369779759183054 0.042824074074074125 0.14917695473251033
0 0.63545122813786 0.3118817634506935 0.04976851851851857 0.1656378600823045
0 0.40362413194444446 0.07215172991921964 0.1076388888888889 0.14609053497942387
0 0.6451396926440329 0.05519213915561652 0.1122685185185184 0.1630658436213992
0 0.28479911479766806 0.07164066072245084 0.11072530864197531 0.14969135802469138
0 0.5702506108539095 0.3231810128029263 0.04976851851851849 0.14660493827160498
0 0.29168970764746227 0.36172648986434996 0.03317901234567901 0.10905349794238682
0 0.21607483496227708 0.34476308870599 0.03665123456790123 0.1219135802469136
0 0.5139231824417009 0.3175230528882792 0.049382716049382776 0.14711934156378603
0 0.2014387217078189 0.07934385002286236 0.07175925925925924 0.1358024691358025
0 0.7608608753429356 0.07523529187623838 0.08410493827160492 0.14300411522633746
0 0.12194037208504799 0.3504115226337448 0.03858024691358024 0.1111111111111111
0 0.40512152777777777 0.3709728890413047 0.04166666666666659 0.09516460905349794
0 0.5236129865397804 0.07832314052735863 0.11381172839506183 0.14454732510288062
0 0.10306900505829905 0.005345507544581619 0.08603395061728394 0.2175925925925926
0 0.25465133101851856 0.35247008840115834 0.03125 0.11213991769547328
0 0.3920698838305899 0.5376814700502972 0.13618827160493827 0.14043209876543217
0 0.8391632373113853 0.3303874218869075 0.06172839506172841 0.1517489711934156
0 0.9221024627057613 0.33705180231672 0.04976851851851857 0.12705761316872433
0 0.8334359460733882 0.5361525491540924 0.1477623456790124 0.15586419753086414
0 0.7527488425925926 0.33758859167809785 0.06944444444444445 0.1512345679012346
0 0.6983354230967079 0.3514498552049993 0.04745370370370365 0.12139917695473254
0 0.3245289994855967 0.751132163542143 0.09953703703703698 0.11162551440329217
0 0.5332465277777777 0.7480486015851242 0.09722222222222222 0.11471193415637862
0 0.6374148019547325 0.7449664685261392 0.09953703703703698 0.11934156378600815
0 0.12351653592249658 0.7614335657674135 0.08603395061728393 0.12602880658436222
0 0.4294691465192044 0.7495927640603567 0.10223765432098762 0.11574074074074074
0 0.21341842421124826 0.7542390641670477 0.10030864197530862 0.1337448559670782
0 0.6628659765089163 0.9604200007620789 0.08256172839506166 0.03137860082304529
0 0.7789960026577504 0.962994875019052 0.08757716049382715 0.03446502057613164
0 0.21303047839506176 0.9599132182594118 0.09722222222222218 0.03960905349794222
0 0.6814273619684499 0.5284493598536809 0.14429012345679015 0.169753086419753
0 0.7789997535150892 0.7403287418076513 0.09297839506172825 0.11059670781893005
0 0.895500846622085 0.9511693148910227 0.07677469135802475 0.04063786008230455
0 0.24354289909122084 0.5407707475994513 0.14621913580246912 0.1435185185185184
0 0.5375141996742112 0.5345993369913122 0.13155864197530864 0.1450617283950617
0 0.13122803069272976 0.9552883516232283 0.0794753086419753 0.044753086419753015
0 0.33185094092935524 0.9568301326017374 0.08757716049382722 0.043209876543209944
