0 0.0016032235939643347 0.04894404435299497 0.08641975308641975 0.08179012345679011
0 0.00391000085733882 0.13535379515317786 0.07484567901234568 0.07098765432098765
0 0.08923691486625514 0.0880667962200884 0.16782407407407404 0.11213991769547325
0 0.26284802597736623 0.04433965858862978 0.1678240740740741 0.10905349794238682
0 0.2709498778292181 0.15645433241883858 0.16782407407407404 0.08179012345679013
0 0.5136086462620028 0.06852518670934309 0.15200617283950618 0.11831275720164608
0 0.5101230281207133 0.18935089925316265 0.13271604938271603 0.05452674897119339
0 0.022115322788065845 0.3606695816186557 0.17939814814814814 0.0787037037037037
0 0.006313228737997256 0.45274919981710104 0.20216049382716048 0.08024691358024694
0 0.007465813614540467 0.5437900091449475 0.19521604938271608 0.07098765432098762
0 0.23431311085390946 0.3411193987197074 0.1886574074074074 0.07561728395061725
0 0.2343248992626886 0.4378172153635117 0.20563271604938274 0.06481481481481476
0 0.22314439729080932 0.5103666552354824 0.21682098765432103 0.08487654320987661
0 0.44533366555212617 0.33033788675506787 0.16936728395061731 0.09825102880658435
0 0.44759570044581615 0.42865750266727637 0.09336419753086421 0.17232510288065847
0 0.1571587791495199 0.8462929622008841 0.19753086419753088 0.1075102880658436
0 0.026710123028120716 0.87813119189148 0.12924382716049382 0.048353909465020634
0 0.05060871056241427 0.8446797363206828 0.09876543209876544 0.03189300411522624
0 0.033653763717421126 0.7130553650358176 0.1280864197530864 0.09979423868312773
0 0.3500206297153635 0.6904187623837829 0.14081790123456794 0.09670781893004127
0 0.3569674854252401 0.7784336419753087 0.14429012345679015 0.15277777777777768
0 0.5055054548182442 0.6796472527053803 0.15007716049382722 0.1301440329218108
0 0.517082475994513 0.8143942424935223 0.15432098765432103 0.10133744855967079
