0 0.007966243642410015 0.15794209702660408 0.06294014084507042 0.0845070422535211
0 0.008849276212832552 0.2406733611545818 0.06690140845070422 0.06807511737089203
0 0.005758509389671361 0.3058305077377847 0.05281690140845071 0.08568075117370892
0 0.06650375342331769 0.3029043861937054 0.061179577464788734 0.09448356807511739
0 0.08101434125586855 0.22307424795687705 0.04093309859154929 0.07511737089201875
0 0.08102442781690142 0.1368153364632238 0.05545774647887324 0.08450704225352113
0 0.13648278560250393 0.13271115892888194 0.05633802816901407 0.0886150234741784
0 0.12064107736697967 0.22717951225873761 0.06117957746478871 0.07218309859154926
0 0.12856514084507042 0.29938217266562334 0.06338028169014084 0.09330985915492959
0 0.189737382629108 0.30406885758998436 0.05281690140845067 0.08450704225352113
0 0.22010159917840377 0.22600689010606853 0.044894366197183073 0.07335680751173704
0 0.3622625073356808 0.298199769605286 0.03829225352112676 0.08392018779342726
0 0.36314064945226915 0.24419394453138585 0.035211267605633784 0.06748826291079811
0 0.44237822769953056 0.1309315771170231 0.05281690140845067 0.06807511737089203
0 0.43005672926447575 0.20311847939488784 0.05633802816901405 0.07218309859154932
0 0.41510233274647884 0.2800214093201182 0.07130281690140844 0.0991784037558685
0 0.49300237187010953 0.17145224743522866 0.0642605633802816 0.09800469483568072
0 0.4877222099960876 0.27122674317510004 0.06646126760563385 0.10798122065727693
0 0.5643036605046949 0.18552099634846114 0.062059859154929516 0.08098591549295772
0 0.5572708822378716 0.2741599287080508 0.07570422535211278 0.10680751173708919
0 0.6444123508411581 0.16851797513475916 0.0664612676056337 0.09800469483568074
0 0.643099263986698 0.2682968179447053 0.07702464788732384 0.11267605633802814
0 0.7152728873239437 0.17614545296470177 0.0633802816901408 0.09624413145539905
0 0.7231969508020343 0.2753309207094418 0.06558098591549298 0.10387323943661968
0 0.782174907081377 0.1808386584941749 0.06426056338028177 0.09448356807511739
0 0.8499611820226918 0.1714609415753782 0.07086267605633813 0.10739436619718311
0 0.7922886712636933 0.2724020822465658 0.0506161971830985 0.1097417840375587
0 0.8499572085289515 0.28295024778299427 0.06514084507042257 0.09330985915492959
0 0.9164053330399061 0.18377456094592243 0.04621478873239432 0.09624413145539908
0 0.9120023963223788 0.28295024778299427 0.044014084507042146 0.09330985915492959
0 0.9604129988262912 0.2753271170231264 0.03697183098591539 0.09976525821596242
0 0.11976690874413144 0.6397773213354199 0.06998239436619721 0.11443661971830991
0 0.06562072085289515 0.5752200704225351 0.05721830985915493 0.11091549295774648
0 0.30682982443270734 0.6004955659885238 0.07438380281690146 0.15492957746478875
0 0.31826095461658843 0.45784646148495917 0.056338028169014086 0.10798122065727693
0 0.3825254914906103 0.5963984524430533 0.0620598591549296 0.16666666666666677
0 0.419931044600939 0.45785080855503396 0.05281690140845067 0.1126760563380282
0 0.4749504841549296 0.4560902451747522 0.055457746478873166 0.1126760563380281
0 0.5361291446596245 0.46195498608937574 0.054137323943661955 0.10856807511737096
0 0.4727513081964006 0.5617365458181185 0.05765845070422534 0.12617370892018795
0 0.5304167889280125 0.5723249217527386 0.06778169014084515 0.15316901408450714
0 0.6171205619131455 0.4514155146930968 0.062059859154929675 0.13438967136150234
0 0.6048021200117372 0.6034146235437315 0.06998239436619716 0.13849765258215965
0 0.6747799295774648 0.599303382020518 0.06338028169014089 0.1349765258215963
0 0.7526723273669798 0.5781755346896192 0.04533450704225336 0.13380281690140847
0 0.7980089739827855 0.5752287645626847 0.04841549295774664 0.12030516431924894
0 0.9151023327464789 0.61398778473309 0.07130281690140837 0.14906103286384972
0 0.8926487309272301 0.8246228916710137 0.0620598591549296 0.09976525821596254
0 0.05418653413536775 0.827572378716745 0.07086267605633803 0.11619718309859142
0 0.12504859888497652 0.8340218005564249 0.0699823943661972 0.10974178403755865
