0 0.5443956832990398 0.4585171848803536 0.04089506172839508 0.19855967078189302
0 0.35921156978738006 0.46931965401615605 0.042438271604938176 0.19855967078189313
0 0.27357440629286695 0.27739102270995275 0.05825617283950611 0.13786008230452682
0 0.6447078082133059 0.43952046181984455 0.045910493827160476 0.2376543209876543
0 0.06600008573388204 0.19773614921505867 0.040123456790123455 0.22170781893004116
0 0.7226409786522633 0.4266656188081085 0.04745370370370381 0.24331275720164602
0 0.8140761638374485 0.43796677335771983 0.04745370370370381 0.22633744855967075
0 0.15512447487997255 0.16378743712848653 0.04591049382716052 0.2237654320987654
0 0.23536415466392316 0.20338077274805672 0.035493827160493846 0.2067901234567901
0 0.3711998456790124 0.17089715744551137 0.08333333333333333 0.12448559670781895
0 0.5637107231652949 0.18117569730224053 0.0767746913580246 0.11419753086419754
0 0.4545187114197531 0.49963467840268255 0.062499999999999924 0.16100823045267493
0 0.5652646497770919 0.0006234758420972413 0.09220679012345682 0.11779835390946503
0 0.04131328232167353 0.4836929393385155 0.046682098765432105 0.1661522633744855
0 0.20025505829903978 0.1792076284103033 0.033950617283950636 0.21090534979423867
0 0.00041125471536351165 0.19106033760097546 0.03665123456790123 0.2340534979423868
0 0.4599437907235939 0.17912427602499617 0.09683641975308643 0.12088477366255143
0 0.5868350265775034 0.4631091868617589 0.042438271604938335 0.15792181069958847
0 0.40935758530521266 0.4939852918762383 0.030478395061728412 0.17078189300411534
0 0.4664970743312757 0.0006139498552049993 0.08912037037037039 0.10751028806584362
0 0.37968803583676275 0.001647043133668648 0.08410493827160492 0.11213991769547324
0 0.9163068522805212 0.43177773967383015 0.03742283950617286 0.2088477366255144
0 0.7469658243312757 0.1806674859015394 0.0752314814814816 0.12088477366255143
0 0.8607472779492454 0.3916018899557994 0.031635802469135874 0.15226337448559676
0 0.8457320601851852 0.1919824531321445 0.0763888888888889 0.11882716049382715
0 0.6532187714334705 0.18632211172077429 0.07947530864197531 0.11676954732510289
0 0.9560490612139917 0.44669972184118273 0.04398148148148159 0.21347736625514407
0 0.7539196459190671 0.002674897119341564 0.0887345679012346 0.1111111111111111
0 0.21377073688271603 0.8144194863587868 0.052083333333333336 0.1286008230452674
0 0.1720946930727023 0.8082461705532694 0.03858024691358024 0.12808641975308635
0 0.26739299339849104 0.8082595069349184 0.04591049382716052 0.1424897119341564
0 0.08259146733539095 0.7645523738759336 0.04282407407407408 0.16100823045267493
0 0.38545122813786004 0.7676516537113246 0.04976851851851849 0.17489711934156382
0 0.04593460648148149 0.7362797210791038 0.034722222222222224 0.18209876543209874
0 0.7623713991769547 0.7578932327389117 0.037037037037036986 0.191358024691358
0 0.6724788880315501 0.7388750762078952 0.0362654320987654 0.20730452674897112
0 0.1277282128772291 0.7645599946654473 0.039737654320987637 0.16923868312757206
0 0.31947686256858704 0.7959152568206066 0.046682098765432105 0.14403292181069957
0 0.560602066186557 0.7393580437433318 0.044753086419753015 0.17335390946502063
0 0.7091250321502057 0.7450298163389727 0.028935185185185237 0.18775720164609047
0 0.45643379200960216 0.735745313214449 0.042438271604938335 0.16049382716049376
0 0.8927755808470508 0.7558284750800183 0.04128086419753079 0.183641975308642
0 0.9452441808127573 0.7625061918914801 0.0405092592592592 0.17335390946502052
0 0.851490965792181 0.7573597774729462 0.035879629629629685 0.17078189300411523
0 0.005039812671467764 0.7326479385764365 0.03510802469135802 0.1486625514403293
0 0.933301183127572 0.1909545991464716 0.06481481481481476 0.11985596707818928
0 0.8484401791838135 0.0037098955951836614 0.08719135802469127 0.11779835390946503
0 0.9467962319958848 0.0021681146166742872 0.05324074074074064 0.11934156378600823
0 0.78937140989369 0.43020642813595494 0.028163580246913494 0.17849794238683123
0 0.3229362247085048 0.4939852918762383 0.02816358024691357 0.17078189300411534
0 0.19796006944444444 0.49398386297820446 0.0625 0.16923868312757206
0 0.2662414801954733 0.49706885383325705 0.05439814814814813 0.16769547325102888
0 0.145865751457476 0.5016579980185947 0.046682098765432105 0.12397119341563788
0 0.5100560485253772 0.7449931412894376 0.0362654320987654 0.14814814814814814
