0 0.016780981025039124 0.2530429490523387 0.0801056338028169 0.11737089201877932
0 0.10173733372456964 0.18211017649104505 0.09330985915492959 0.20011737089201878
0 0.20427242273082943 0.18386258911493653 0.06778169014084506 0.19131455399061034
0 0.27776707991001565 0.17330464267083986 0.0550176056338028 0.1971830985915493
0 0.49873826291079815 0.26387802121370196 0.08450704225352115 0.41079812206572774
0 0.5982061204029734 0.26857285689445315 0.0787852112676056 0.41079812206572763
0 0.6840335851917058 0.27150006520605113 0.07878521126760568 0.40316901408450706
0 0.7672211218701095 0.2744289036689272 0.08010563380281689 0.39730046948356806
0 0.8552541813380281 0.2638584593983655 0.08714788732394364 0.3896713615023474
0 0.4877274061032864 0.7302969048861067 0.07394366197183094 0.26995305164319255
0 0.5709109692879498 0.7361600156494523 0.06954225352112675 0.2640845070422535
0 0.6479383680555556 0.7390915710311251 0.07350352112676053 0.26115023474178395
0 0.7311341573748045 0.7314695270387758 0.08670774647887325 0.2687793427230048
