0 0.6559134756455399 0.3846064814814815 0.14920774647887325 0.23415492957746473
0 0.8103845730633803 0.3857736697965571 0.12279929577464799 0.22711267605633798
0 0.09251118691314554 0.3799007781255434 0.11751760563380283 0.22241784037558684
0 0.21223958333333334 0.36876793166405836 0.1320422535211268 0.24119718309859153
0 0.11846054626369326 0.7355095852895149 0.0902288732394366 0.19542253521126768
0 0.6638436521909233 0.0031239132324813075 0.16021126760563378 0.20481220657276997
0 0.3689291128716745 0.3869500956355416 0.13116197183098596 0.23004694835680758
0 0.4965886027973396 0.0031266301512780383 0.1580105633802816 0.20774647887323944
0 0.5023049320226917 0.3840201704051469 0.15008802816901412 0.2347417840375587
0 0.33197806631455395 0.000777038775865067 0.16109154929577466 0.20539906103286384
0 0.021628337734741782 0.7372527603894975 0.08846830985915494 0.17664319248826288
0 0.827107785602504 0.003133694140149539 0.11971830985915485 0.2153755868544601
0 0.9151124193075119 0.6825666188488959 0.08582746478873228 0.05927230046948361
0 0.6462022569444444 0.749012671709268 0.10871478873239432 0.20129107981220648
0 0.35528016187402195 0.7425627064858286 0.12455985915492952 0.20715962441314548
0 0.5035950948748044 0.7495864849591375 0.10651408450704222 0.18720657276995295
0 0.2293836805555556 0.7407852982090072 0.10123239436619716 0.18896713615023467
0 0.7861633778364632 0.7607378064684401 0.10343309859154949 0.1883802816901409
0 0.9089544209702661 0.7658928881933578 0.09154929577464799 0.05164319248826288
0 0.004434419014084507 0.012513041210224308 0.04753521126760563 0.20422535211267606
0 0.05862187010954616 0.007819835680751175 0.11971830985915491 0.20598591549295775
0 0.004461927816901409 0.3763715006085898 0.08714788732394367 0.21361502347417843
