0 0.45341842723004694 0.6716081985741611 0.10563380281690142 0.2664319248826292
0 0.3829928354851331 0.2544128195096505 0.10123239436619716 0.32922535211267606
0 0.15895961707746478 0.2555479481829247 0.0990316901408451 0.2875586854460095
0 0.5167831205985914 0.27082844287949925 0.08318661971830986 0.3116197183098591
0 0.2755978579812206 0.25732318292470874 0.1003521126760564 0.30340375586854457
0 0.33809999755477305 0.6809853721091984 0.10343309859154928 0.25293427230046933
0 0.7333473933881065 0.25849743522865587 0.10475352112676038 0.3039906103286384
0 0.11450661433881064 0.6546051773604591 0.10079225352112675 0.2834507042253522
0 0.23553373190532081 0.7009063641105894 0.08406690140845072 0.21830985915492965
0 0.6210974178403756 0.29773898017736045 0.08450704225352115 0.2200704225352112
0 0.055521628032081376 0.22618240306033735 0.09198943661971831 0.2629107981220657
0 0.0057857125391236304 0.6739208398539385 0.09198943661971831 0.22887323943661972
0 0.9023562817879499 0.6886329551382369 0.09727112676056338 0.272887323943662
0 0.5744492126369326 0.7214658320292122 0.09419014084507056 0.23943661971830982
0 0.6862480438184663 0.7126679055816381 0.09859154929577467 0.24471830985915496
