0 0.5339620623043818 0.2513878021213702 0.10255281690140852 0.23122065727699537
0 0.2817604411189359 0.26027049643540257 0.1012323943661972 0.3174882629107982
0 0.7852934883607199 0.2978128803686315 0.11839788732394364 0.2998826291079812
0 0.15808605976134585 0.2391643844548774 0.10871478873239436 0.33978873239436624
0 0.6541269317292645 0.26433500695531215 0.11179577464788737 0.2705399061032864
0 0.1765615830399061 0.6528397235263432 0.09374999999999999 0.2781690140845071
0 0.6096687328834116 0.6686766431924883 0.10607394366197175 0.2693661971830987
0 0.4120402973395931 0.2543557642149191 0.09859154929577467 0.2676056338028169
0 0.05024360573161189 0.2403005998956703 0.09727112676056338 0.29929577464788737
0 0.26064774061032864 0.008925078247261346 0.12147887323943662 0.13204225352112678
0 0.02074683343114241 0.005981025039123631 0.08670774647887323 0.12147887323943662
0 0.50930439407277 0.7337870587723875 0.08846830985915494 0.23650234741784026
0 0.3957459164710485 0.7255624021909234 0.08538732394366196 0.227112676056338
0 0.2786782325899843 0.7314265997217874 0.09947183098591555 0.22241784037558696
0 0.7232168182707355 0.7144159711354547 0.09419014084507041 0.23122065727699542
0 0.1114418280516432 0.0007140062597809076 0.12411971830985914 0.13732394366197181
0 0.4151322867762128 0.0006928142931664059 0.11443661971830979 0.11443661971830986
0 0.5572956401604069 0.00538764997391758 0.11135563380281704 0.11443661971830986
0 0.6928629939358373 0.0007270474700052166 0.11707746478873228 0.15140845070422537
0 0.8689184150039123 0.00369283602851678 0.11575704225352124 0.18544600938967137
0 0.850396432413928 0.8364192097026605 0.06382042253521121 0.1637323943661971
0 0.9463401066118937 0.8375793340288646 0.05369718309859148 0.14906103286384972
0 0.9120256259780908 0.48551067205703347 0.07746478873239432 0.19659624413145552
