0 0.36183337001173704 0.3123527430012172 0.05413732394366204 0.1578638497652582
0 0.8640365194640061 0.7008362676056338 0.057658450704225414 0.14260563380281704
0 0.8213376613849765 0.1421307163971483 0.050176056338028095 0.12089201877934277
0 0.7038188331377151 0.4255933750652061 0.04841549295774657 0.13380281690140847
0 0.7980163096635368 0.6908548513302034 0.05897887323943678 0.1373239436619719
0 0.7403569419992174 0.6908640888541122 0.057658450704225254 0.14730046948356812
0 0.7759979582355241 0.13626651886628413 0.042693661971831096 0.1255868544600939
0 0.8217836096439749 0.43497109198400274 0.058538732394366216 0.12089201877934286
0 0.7553211194248827 0.4250016301512781 0.05677816901408445 0.12852112676056332
0 0.23639750831377151 0.7131547774300122 0.06029929577464791 0.13673708920187802
0 0.14306961561032863 0.5036558859328812 0.034330985915492974 0.1455399061032864
0 0.8913188331377152 0.4338049904364459 0.04841549295774649 0.12910798122065736
0 0.1831374095266041 0.5060152582159625 0.05589788732394364 0.15845070422535207
0 0.2940504572574335 0.5142306772735177 0.05237676056338031 0.1578638497652582
0 0.2319875415688576 0.3088337897756912 0.04797535211267608 0.16021126760563384
0 0.8763531274452269 0.1421328899321857 0.04709507042253528 0.12323943661971831
0 0.41464568661971823 0.35575497739523565 0.04753521126760568 0.1308685446009389
0 0.4938780687597809 0.7272441749260998 0.05765845070422534 0.14201877934272297
0 0.35039154196009387 0.5230280603373326 0.05677816901408457 0.15199530516431928
0 0.0898247994913928 0.5089321422361328 0.051936619718309866 0.13967136150234738
0 0.552407631553208 0.7237263084680925 0.04445422535211271 0.1455399061032864
0 0.537440091940532 0.5746114806120675 0.04049295774647885 0.08744131455399064
0 0.09246258802816902 0.30881694487915146 0.04753521126760564 0.14201877934272303
0 0.4943041495500783 0.3157874717440445 0.03741197183098587 0.0645539906103286
0 0.4921025283646322 0.4014812641279778 0.03609154929577466 0.07863849765258211
0 0.14748691803599376 0.30647496087636933 0.05721830985915493 0.14788732394366202
0 0.14439859643974962 0.11340256042427403 0.04665492957746478 0.15082159624413144
0 0.7231853359741783 0.13743533733263782 0.04885563380281689 0.12030516431924883
0 0.4172831695031299 0.5370538819335767 0.04269366197183102 0.08861502347417838
0 0.5053104215571206 0.11927382194400975 0.04137323943661957 0.15375586854460094
0 0.2421116979655712 0.5171502782124847 0.04929577464788729 0.14201877934272308
0 0.3970479998043819 0.10050752043122935 0.058978873239436624 0.16784037558685447
0 0.5515368251173709 0.11693238132498696 0.0580985915492959 0.16021126760563378
0 0.533478213028169 0.40207192227438704 0.039612676056338045 0.08274647887323941
0 0.1897288243348983 0.7031679273169883 0.04049295774647889 0.12558685446009388
0 0.0880642361111111 0.1051914884367936 0.05193661971830987 0.15610328638497653
0 0.4617383118153364 0.10168340288645451 0.04401408450704222 0.17018779342723006
0 0.9300570349178403 0.7025973743696748 0.05677816901408445 0.1431924882629107
0 0.958652741099374 0.43497543905407754 0.03741197183098595 0.12558685446009393
0 0.6954497383607199 0.6861697965571205 0.03917253521126764 0.147887323943662
0 0.1919362529342723 0.8962169622674317 0.05017605633802818 0.09741784037558696
0 0.4146569957942096 0.7155098026430186 0.06382042253521136 0.14495305164319253
0 0.3235395882237872 0.8979802425665102 0.051936619718309825 0.10035211267605619
0 0.3578724080594679 0.7219630281690141 0.05457746478873244 0.14260563380281693
0 0.29625146713615025 0.7131623848026429 0.05281690140845071 0.14495305164319253
0 0.1399999388693271 0.8827350678142931 0.0506161971830986 0.11443661971830982
0 0.537451706768388 0.9126369327073552 0.05721830985915501 0.08450704225352107
0 0.37239613898669793 0.9056039167101374 0.05325704225352115 0.09448356807511739
0 0.12944236600156495 0.7090386454529646 0.058978873239436624 0.12793427230046955
0 0.7095461658841941 0.9173285080855504 0.05633802816901413 0.08098591549295754
0 0.9164093065336464 0.8727547383063815 0.051936619718309866 0.11032863849765251
0 0.19060574383802817 0.1092972961224135 0.03565140845070422 0.153755868544601
0 0.22407050811815338 0.10930653364632237 0.055897887323943685 0.16373239436619721
0 0.2786366637323943 0.10226862719527038 0.03961267605633808 0.16842723004694837
0 0.3169286116001565 0.09992446965745087 0.03917253521126756 0.17194835680751175
0 0.3583015453834116 0.10226482350895497 0.038732394366197236 0.1643192488262911
0 0.004009560837245697 0.10636465397322206 0.06954225352112677 0.1555164319248826
0 0.00048140404929577466 0.3047236350199965 0.05941901408450703 0.15786384976525825
0 0.2874514011150235 0.3135324291427578 0.056778169014084494 0.16431924882629104
0 0.004877616392801251 0.5065983089897409 0.051936619718309866 0.15434272300469487
0 0.4634869547143975 0.560514475743349 0.02684859154929574 0.073943661971831
0 0.4951884047339593 0.5798823030777256 0.04313380281690142 0.0757042253521126
0 0.42565715473395926 0.9085354720918102 0.058978873239436624 0.09154929577464783
0 0.08718609399452269 0.8874233828899322 0.05501760563380281 0.10739436619718305
0 0.6452886590375587 0.9278837376108503 0.06073943661971839 0.07218309859154928
0 0.8235343921165886 0.877460985046079 0.04445422535211255 0.12265258215962442
0 0.7716029685054774 0.9214343157711703 0.051936619718310026 0.07863849765258216
0 0.8706419943270736 0.6473548078595027 0.0625 0.05868544600938964
0 0.7980230340375586 0.6373755651191098 0.06866197183098612 0.055751173708920077
0 0.7355236453442878 0.6373706746652757 0.06954225352112692 0.05046948356807514
0 0.6985401995305165 0.35158613719353154 0.05281690140845059 0.06514084507042252
0 0.7579634927621284 0.36566249347939483 0.058978873239436624 0.056338028169014155
0 0.82354570129108 0.363316162406538 0.06073943661971823 0.05751173708920184
0 0.885165419600939 0.3685918753260302 0.06073943661971823 0.05105633802816901
