0 0.7293803183685446 0.048791514519214055 0.09639084507042257 0.0892018779342723
0 0.6162616759585289 0.34633215962441316 0.09286971830985927 0.09507042253521127
0 0.7201306362480437 0.28355340375586857 0.08670774647887325 0.11091549295774643
0 0.5225070911580594 0.06287493479394887 0.08626760563380292 0.08802816901408451
0 0.8548057878521129 0.4332018344635716 0.07526408450704215 0.11150234741784036
0 0.9371121258802818 0.43378923230742483 0.07526408450704215 0.11208920187793428
0 0.4063212172339593 0.4237551078073378 0.10255281690140852 0.04988262910798121
0 0.5771337661384977 0.6045122587376108 0.15713028169014073 0.056338028169014155
0 0.058171642703442876 0.10627825595548601 0.10519366197183098 0.06220657276995304
0 0.16204457648669798 0.6444868283776735 0.10475352112676053 0.13028169014084492
0 0.16996680604460093 0.10451660580768561 0.10431338028169015 0.06103286384976526
0 0.7963196278364632 0.7248163362893411 0.15096830985915502 0.055164319248826206
0 0.7835488189553991 0.6620174752217006 0.14128521126760551 0.0492957746478874
0 0.5815302841353677 0.679040058250739 0.1500880281690142 0.0534037558685447
0 0.5700960974178404 0.7248168796731004 0.16373239436619716 0.055751173708920077
0 0.17569536140453834 0.16671883150756392 0.11399647887323941 0.05633802816901407
0 0.15939914661580598 0.32282755173013394 0.09815140845070422 0.06220657276995307
0 0.46177040541862285 0.5969380325160841 0.09022887323943662 0.11561032863849766
0 0.06301655418622848 0.1696558207268301 0.11003521126760564 0.059272300469483584
0 0.30420517899061034 0.14854427490871155 0.09771126760563374 0.07570422535211266
0 0.30200264084507045 0.3298638280299078 0.09507042253521128 0.05575117370892018
0 0.6307823503521126 0.07693933663710659 0.08714788732394373 0.06631455399061034
0 0.04321113311815336 0.03761356720570336 0.1113556338028169 0.059272300469483556
0 0.6408985597613459 0.1602737567379586 0.07702464788732391 0.06748826291079814
0 0.15852956279342725 0.027059967831681447 0.11355633802816899 0.06983568075117369
0 0.013729032179186227 0.6397838419405321 0.12191901408450706 0.12147887323943657
0 0.41158976428012517 0.3093434837419579 0.08362676056338027 0.0768779342723005
0 0.06035706426056338 0.3198998000347765 0.08318661971830986 0.06924882629107983
0 0.30596299149061035 0.3803295079116675 0.09374999999999996 0.05164319248826298
0 0.5154715620109546 0.3087560858981047 0.09595070422535217 0.07629107981220658
0 0.2998037705399061 0.07049154494870458 0.09771126760563383 0.07453051643192489
0 0.7359650088028169 0.15733839766997046 0.07130281690140837 0.06631455399061034
0 0.06168726770344288 0.41730568596765777 0.09727112676056338 0.0563380281690141
0 0.1629227186032864 0.43490316901408443 0.10167253521126762 0.04753521126760574
0 0.8592065849960876 0.1433641975308642 0.0743838028169015 0.18544600938967135
0 0.5731908377347418 0.8076122630846809 0.18353873239436622 0.1085680751173709
0 0.44594214593114234 0.7354585072161364 0.11443661971830994 0.14025821596244126
0 0.050689859643974954 0.8292655625108677 0.10607394366197186 0.04342723004694838
0 0.03001454910015649 0.7711745783342028 0.12235915492957744 0.05164319248826298
0 0.8042577513693271 0.799390866805773 0.1734154929577465 0.10269953051643188
0 0.17305268241392802 0.7835213441140672 0.11135563380281686 0.07629107981220647
0 0.33369492126369327 0.6820172578681969 0.09815140845070422 0.09976525821596233
0 0.3402976452464789 0.781763497652582 0.09903169014084506 0.07922535211267613
0 0.34822018045774655 0.8580453399408798 0.09903169014084506 0.06924882629107972
0 0.4516508338223787 0.8744604199269692 0.09551056338028177 0.05105633802816901
0 0.7179222906885759 0.39618109893931497 0.07570422535211271 0.05868544600938964
0 0.7122099349569639 0.4531157624760911 0.08934859154929566 0.06924882629107987
0 0.6166984546165886 0.4402223526343245 0.08802816901408445 0.08802816901408445
0 0.5097595119327073 0.37563847591723176 0.1100352112676056 0.05575117370892018
0 0.5132745256259781 0.43138149886976174 0.10123239436619724 0.04694835680751181
0 0.5163493984741784 0.47950247782994265 0.09242957746478879 0.04577464788732386
0 0.40631816070031296 0.3697683011650148 0.09815140845070426 0.053990610328638465
0 0.3028826168818466 0.4266855764214919 0.09463028169014089 0.045774647887323966
0 0.30509035113458527 0.4765665753781951 0.10475352112676058 0.04401408450704225
0 0.17215986893583726 0.48829551382368286 0.09330985915492958 0.035211267605633784
0 0.15983378570031298 0.3856084811337159 0.09022887323943662 0.04870892018779342
0 0.06300524501173708 0.39439064945226915 0.09375000000000001 0.026408450704225362
0 0.0740063209115806 0.4706953138584594 0.09022887323943662 0.041079812206572745
0 0.0026821082746478872 0.3112132672578682 0.059419014084507046 0.19483568075117375
0 0.05993404000391236 0.8773773039471396 0.10783450704225356 0.03227699530516433
0 0.6285892874608764 0.005933750652060511 0.09815140845070418 0.07042253521126761
0 0.5198665517410015 0.14091842723004697 0.08670774647887325 0.07922535211267606
0 0.41511700410798125 0.06462571726656234 0.09242957746478872 0.07746478873239436
0 0.41863721390845066 0.14384563554164492 0.09110915492957743 0.0715962441314554
0 0.4186350743348983 0.002991327595200834 0.08802816901408453 0.061619718309859156
0 0.30068344092331767 0.0029886106764041034 0.09683098591549298 0.05868544600938967
