0 0.3580822938100137 0.12920048392013414 0.08294753086419754 0.0920781893004115
0 0.3584488061556927 0.5058418114616674 0.05516975308641976 0.19804526748971196
0 0.4124678497942387 0.512015127267185 0.06481481481481476 0.1985596707818929
0 0.17441057956104253 0.5289547134583142 0.040123456790123475 0.1599794238683128
0 0.4792055148319616 0.5212710524310318 0.05594135802469135 0.1949588477366255
0 0.666700424382716 0.5150910684346899 0.04861111111111111 0.18724279835390953
0 0.6061329196673526 0.5197278425544888 0.05362654320987651 0.1949588477366254
0 0.5424773876886145 0.5151001181222374 0.05632716049382714 0.19701646090534983
0 0.2535022290809328 0.5042962200884011 0.04320987654320988 0.19547325102880656
0 0.2978719242969821 0.5197111720774272 0.04668209876543214 0.17695473251028804
0 0.13466703103566527 0.5238025834476452 0.03163580246913581 0.1512345679012346
0 0.21299430941358027 0.5027487235177563 0.04513888888888889 0.19084362139917704
0 0.03783168295610425 0.5196883097088859 0.03317901234567901 0.15226337448559663
0 0.08259548611111112 0.5176245046486816 0.0486111111111111 0.14557613168724276
0 0.5995780285493828 0.15234053497942388 0.0590277777777777 0.08333333333333333
0 0.22654454946844996 0.15592754534369763 0.11304012345679013 0.0684156378600823
0 0.21839741941015092 0.3339396623990246 0.047839506172839524 0.09927983539094645
0 0.07333060056584363 0.15387993446121018 0.040509259259259245 0.07921810699588479
0 0.7909317665466392 0.5798692081999695 0.05285493827160492 0.1476337448559672
0 0.15319064000342933 0.17084524081694866 0.038966049382716035 0.06841563786008227
0 0.5343691057956104 0.1543967192501143 0.04706790123456786 0.08179012345679013
0 0.2492584019204389 0.0036627419600670625 0.04320987654320992 0.0668724279835391
0 0.8607534400720165 0.32624266499009297 0.04050925925925936 0.11985596707818925
0 0.023943061985596707 0.13743855738454505 0.03356481481481481 0.10030864197530866
0 0.9004975244341562 0.5135545267489712 0.049768518518518726 0.19444444444444445
0 0.8476382994684498 0.5197221269623533 0.04359567901234571 0.1887860082304526
0 0.6486028056412894 0.343718087943911 0.09915123456790134 0.1044238683127572
0 0.7218626757544583 0.534638869836915 0.037808641975308574 0.18775720164609058
0 0.951034968707133 0.516608558146624 0.045910493827160476 0.15946502057613163
0 0.49772055041152263 0.7630172610882487 0.050925925925926034 0.169753086419753
0 0.55134923696845 0.7630144032921811 0.0540123456790123 0.16666666666666657
0 0.6157809284979423 0.7707385497637557 0.057870370370370475 0.17541152263374477
0 0.6786702139060358 0.7661103490321597 0.06288580246913579 0.17695473251028804
0 0.3511252572016461 0.7558137098003352 0.06481481481481484 0.16769547325102888
0 0.08760743527091906 0.7285470012193264 0.04359567901234567 0.1640946502057614
0 0.44987086334019205 0.7583623875933545 0.0362654320987654 0.1424897119341564
0 0.05056370027434843 0.7342001981405274 0.033950617283950615 0.15843621399176952
0 0.3017205718449931 0.7537118007925621 0.03317901234567901 0.11985596707818931
0 0.13698800797325103 0.732660798658741 0.040509259259259266 0.1625514403292181
0 0.2504144697359396 0.7526544162475232 0.041280864197530874 0.08899176954732518
0 0.020093074845679012 0.7269828341716202 0.04513888888888889 0.14146090534979427
0 0.7917114090363512 0.7769171048620638 0.06442901234567905 0.18158436213991766
0 0.8835332004458162 0.7769037684804145 0.0655864197530865 0.1671810699588477
0 0.9529610339506173 0.7768699512269472 0.041666666666666664 0.13065843621399176
0 0.10728630829903979 0.009319749276024997 0.04783950617283948 0.06532921810699588
0 0.1628536522633745 0.0005829903978052126 0.0648148148148148 0.07407407407407406
0 0.30483431927297666 0.006748685413808871 0.07253086419753087 0.06635802469135801
0 0.38314203960905346 0.0005858481938728852 0.0578703703703704 0.07716049382716049
0 0.4487356931584362 0.002121913580246914 0.06828703703703698 0.06944444444444443
0 0.5224247685185186 0.002119055784179241 0.06944444444444445 0.06635802469135801
0 0.6018976658950617 0.0036665523548239597 0.06597222222222222 0.07098765432098765
0 0.673662283521948 0.0005815614997713764 0.07368827160493817 0.07253086419753085
0 0.00041420181755829906 0.039180860387136106 0.04089506172839506 0.09310699588477366
0 0.4545130851337449 0.15182327389117514 0.0543981481481481 0.08024691358024694
0 0.0015700017146776408 0.35760983462886753 0.038580246913580245 0.10751028806584365
0 0.027830557698902605 0.29387717192501145 0.07600308641975309 0.1651234567901235
0 0.11424548825445816 0.30464296601127877 0.06905864197530867 0.12551440329218105
0 0.28671821416323734 0.32726575598231983 0.09645061728395056 0.1136831275720164
0 0.38855747385116596 0.3180136412132297 0.07831790123456793 0.12139917695473249
0 0.47036501200274355 0.31236473098613016 0.103395061728395 0.13168724279835392
0 0.9163140860768174 0.006755829903978053 0.047839506172839524 0.07407407407407406
0 0.9683856310013719 0.008304279073311995 0.030864197530864126 0.07973251028806584
0 0.8912479102366254 0.13386535970126506 0.06365740740740745 0.13014403292181068
0 0.002720443244170096 0.5011888431641518 0.028549382716049385 0.17283950617283947
0 0.18098877957818926 0.7357676992836458 0.06828703703703702 0.18467078189300412
0 0.42054183813443075 0.758329999237921 0.02469135802469135 0.1075102880658437
