0 0.12548520018861456 0.9069739750038104 0.1431327160493827 0.08744855967078191
0 0.22428117498285324 0.0053035932022557535 0.18711419753086417 0.17232510288065847
0 0.6193506730109739 0.09440634049687548 0.19830246913580246 0.2921810699588477
0 0.4218184692215364 0.050723975003810394 0.1963734567901234 0.33744855967078186
0 0.14510727451989025 0.12924096936442617 0.0655864197530864 0.13580246913580243
0 0.00041286222565157756 0.5166709533607682 0.03896604938271605 0.22685185185185186
0 0.8187974215534979 0.05842430650815425 0.17939814814814808 0.32047325102880664
0 0.844573313185871 0.5612644795000762 0.07445987654321 0.05452674897119344
0 0.6848995841906722 0.5378400777320531 0.14429012345679015 0.31172839506172845
0 0.4499729402434843 0.9234286884621248 0.1832561728395061 0.08076131687242805
0 0.6076838991769546 0.6848217687852463 0.06481481481481492 0.16306584362139914
0 0.27288612397119344 0.9187957247370828 0.17824074074074073 0.07716049382716053
0 0.8303452396262003 0.6282840839811005 0.14158950617283952 0.21347736625514402
0 0.9163368591392318 0.9069768327998781 0.0806327160493827 0.09053497942386825
0 0.7840323323902606 0.90235148986435 0.11766975308641968 0.09516460905349788
0 0.04134784379286694 0.03818110806279531 0.09645061728395062 0.12448559670781895
0 0.20962550368655689 0.18948997866178938 0.19405864197530864 0.20473251028806583
0 0.035920621141975306 0.5135845336076817 0.0590277777777778 0.22685185185185186
0 0.14935753172153635 0.5300149557994208 0.07484567901234568 0.1939300411522634
