0 0.6809559614632238 0.18576117197009218 0.08362676056338042 0.3403755868544602
0 0.4239185983959311 0.16289340984176665 0.0906690140845071 0.3615023474178404
0 0.24084017996870108 0.5918899973917578 0.11971830985915498 0.36795774647887325
0 0.7579555457746479 0.19218342462180488 0.04753521126760568 0.30457746478873243
0 0.014610536482785604 0.5713479177534342 0.12367957746478875 0.3656103286384976
0 0.13650509829812207 0.14705159972178752 0.08846830985915491 0.36502347417840375
0 0.5995513008607198 0.6136079594853069 0.11443661971830994 0.37265258215962443
0 0.04451505037167449 0.14586756651017213 0.08758802816901408 0.35387323943661975
0 0.15982675567292645 0.5736600156494523 0.08010563380281689 0.32746478873239443
0 0.2262950533059468 0.15643094679186229 0.09022887323943662 0.3538732394366197
0 0.51941907521518 0.17110176491045034 0.07614436619718311 0.35328638497652576
0 0.00046826095461658843 0.13062347852547385 0.040492957746478875 0.3691314553990611
0 0.6034896444640062 0.18283233350721612 0.08142605633802825 0.3462441314553991
0 0.8033163390062598 0.18163417231785778 0.08538732394366204 0.31983568075117363
0 0.8547822525430361 0.6368897800382542 0.04137323943661957 0.16490610328638494
0 0.36759615854851335 0.6071498435054774 0.11311619718309858 0.3697183098591549
0 0.4833516725352112 0.6141926404103635 0.11091549295774648 0.3703051643192486
0 0.9511782937206572 0.6405467527386542 0.04885563380281689 0.3116197183098592
0 0.3328057756259781 0.16521746218049035 0.085387323943662 0.3362676056338028
0 0.8794689578442878 0.0036026343244653105 0.09727112676056338 0.08802816901408451
