0 0.42326817558299046 0.780990893156531 0.06172839506172841 0.13683127572016465
0 0.36922877014746225 0.5073221498247219 0.02276234567901238 0.13014403292181068
0 0.7851297260802468 0.24556089010821522 0.03125 0.205761316872428
0 0.38621211634087793 0.22909712696235332 0.034336419753086427 0.20267489711934153
0 0.4845869234396433 0.22446463953665602 0.027391975308641982 0.19958847736625512
0 0.5235529728223594 0.22549392242036276 0.027391975308642062 0.2001028806584362
0 0.30828135716735255 0.23064176573693035 0.036265432098765434 0.2042181069958848
0 0.1890667866941015 0.5089225156226185 0.033950617283950595 0.19187242798353904
0 0.05750734096364883 0.21729204770614238 0.03279320987654322 0.23096707818930037
0 0.3522574802812071 0.22446987882944675 0.028549382716049444 0.20524691358024694
0 0.5578915359224965 0.22754534369760707 0.030478395061728492 0.19341563786008234
0 0.1342758701989026 0.22909855586038713 0.023919753086419762 0.20421810699588477
0 0.49191234782235943 0.5145409426916628 0.02044753086419754 0.1486625514403292
0 0.006588648834019205 0.22037418076512724 0.04320987654320988 0.2263374485596708
0 0.4506371099108368 0.5083866788599298 0.028549382716049364 0.168724279835391
0 0.0972396369170096 0.5088991769547325 0.025077160493827164 0.16666666666666666
0 0.5964677640603567 0.21827370065538793 0.02469135802469135 0.18004115226337447
0 0.15048225308641974 0.5094312033226642 0.02777777777777776 0.18569958847736626
0 0.4421521347736626 0.23063033455265963 0.03240740740740738 0.19187242798353912
0 0.09917347179355282 0.21162503810394756 0.03202160493827161 0.22170781893004116
0 0.4533481760116598 0.014513793629019967 0.04359567901234571 0.11934156378600826
0 0.234203800154321 0.23011926535589083 0.03125 0.1954732510288066
0 0.43635196973593965 0.5032316910531931 0.013503086419753094 0.15689300411522636
0 0.3055810078017833 0.5094421582075903 0.03665123456790119 0.1975308641975309
0 0.559040369941701 0.510970126505106 0.0181327160493827 0.1810699588477365
0 0.741920653292181 0.5418195587562871 0.03240740740740746 0.1651234567901235
0 0.22726123113854596 0.5145728547477518 0.033950617283950636 0.18312757201646096
0 0.6392963927469136 0.5196925964029874 0.03125 0.15689300411522636
0 0.2643012152777778 0.5130382182594116 0.03819444444444445 0.1923868312757202
0 0.38081463263031556 0.013479747751867095 0.03973765432098762 0.11368312757201644
0 0.1350686406893004 0.01913723136716964 0.054398148148148154 0.11265432098765432
0 0.07102114411865569 0.0006268099375095259 0.04822530864197531 0.12139917695473251
0 0.1705506794410151 0.23629686785550982 0.03742283950617284 0.20061728395061731
0 0.5698562349965706 0.013488797439414724 0.037422839506172936 0.12345679012345677
0 0.33413146219135803 0.029407197835695776 0.03819444444444445 0.09310699588477368
0 0.7782045717592592 0.0006387174211248286 0.059027777777777936 0.13425925925925927
0 0.5069768625685871 0.026841373266270386 0.04668209876543214 0.09979423868312759
0 0.5212381580075446 0.5094073883554336 0.027391975308642062 0.1599794238683128
0 0.24347699116941013 0.01040380658436214 0.051311728395061706 0.125
0 0.28359616126543213 0.04020680917543057 0.04513888888888889 0.09002057613168726
0 0.6732413837448559 0.5520799992379211 0.023148148148148175 0.13528806584362138
0 0.056733056841563795 0.5150924973327236 0.02893518518518519 0.1887860082304527
0 0.823699792095336 0.239909122085048 0.016589506172839524 0.21296296296296297
0 0.703337459276406 0.2578841830513641 0.02816358024691365 0.18158436213991772
0 0.7438499335562413 0.25275443910989176 0.032793209876543175 0.1970164609053498
0 0.8453039266117969 0.5253753238835545 0.015432098765432063 0.18312757201646085
0 0.7781783157578874 0.5289728128334095 0.021219135802469206 0.17952674897119344
0 0.9163068522805212 0.5670034103033075 0.03742283950617286 0.14146090534979427
0 0.8483991876714678 0.2496737349489407 0.028163580246913494 0.20318930041152258
0 0.7326646090534978 0.020177469135802466 0.037037037037036986 0.12500000000000003
0 0.8877529149519892 0.21573073845450388 0.030864197530864126 0.21141975308641978
0 0.9217027284807956 0.21316253238835542 0.029706790123456825 0.21553497942386832
0 0.7060362011316872 0.5233072321292486 0.025462962962963093 0.17181069958847736
0 0.6797992219650205 0.2568649024538942 0.021990740740740873 0.1918724279835391
0 0.6794302983539094 0.019140565462581926 0.04629629629629627 0.11625514403292181
0 0.7095389660493827 0.7959314509983234 0.06944444444444452 0.16152263374485598
0 0.19294249399862828 0.7943877648224357 0.05941358024691361 0.16100823045267493
0 0.258521412037037 0.7969545419905502 0.04861111111111111 0.15534979423868306
0 0.49193887174211254 0.7979614388050601 0.058641975308641986 0.13168724279835387
0 0.09223867241083676 0.7691429469593051 0.045910493827160496 0.1188271604938272
0 0.14084764017489712 0.7701731824417009 0.042824074074074084 0.12037037037037036
0 0.5636978630829904 0.8221493484224964 0.05825617283950611 0.14351851851851863
0 0.0015992048182441702 0.7650377229080932 0.08063271604938271 0.12962962962962973
0 0.7874560613854595 0.7959285932022557 0.047839506172839524 0.1584362139917694
0 0.8457194680212621 0.8046420134125895 0.05825617283950619 0.12448559670781904
0 0.6312175818758574 0.7938409731748209 0.06442901234567897 0.12602880658436202
0 0.9109171382030179 0.8041114159426918 0.05401234567901238 0.10699588477366254
0 0.2727835112311386 0.22755248818777624 0.030478395061728374 0.20113168724279837
0 0.3943115569272976 0.5073531092821217 0.030864197530864206 0.16358024691358022
0 0.5825815543552813 0.5253796105776558 0.028549382716049444 0.18775720164609036
0 0.809820816186557 0.5253753238835545 0.030864197530864126 0.18312757201646085
0 0.8673029728223594 0.5269199626581315 0.027391975308641906 0.18467078189300412
0 0.0038706168552812073 0.5089029873494895 0.018132716049382717 0.17078189300411514
