0 0.898391040688576 0.8117892540427751 0.09154929577464783 0.18309859154929586
0 0.4851357712245696 0.43685065640758125 0.14480633802816906 0.24941314553990607
0 0.4926065507629108 0.8135438402017041 0.12808098591549288 0.17664319248826288
0 0.06743263399843505 0.443875521648409 0.13116197183098594 0.23063380281690143
0 0.6391734521713615 0.45385693792383935 0.12808098591549297 0.2359154929577465
0 0.40322769953051646 0.428055990262563 0.08450704225352115 0.25821596244131456
0 0.20561210142801253 0.45912232655190405 0.09551056338028165 0.21830985915492948
0 0.9199481611893584 0.4743734785254739 0.07746478873239432 0.2106807511737089
0 0.7765041202073554 0.4591337376108503 0.13776408450704214 0.2306338028169014
0 0.6281604557902973 0.824097439575726 0.11443661971830986 0.1660798122065728
0 0.7527349863067292 0.8164813728047297 0.13556338028169013 0.1801643192488262
0 0.08723499853286384 0.8287911884889585 0.12544014084507044 0.16490610328638505
0 0.4027863360719875 0.8170709441836203 0.08274647887323947 0.18309859154929575
0 0.005787546459311423 0.06475884628760215 0.09463028169014084 0.22124413145539906
0 0.11496387177230047 0.0665248435054773 0.12544014084507044 0.22711267605633806
0 0.26500238409624416 0.0635797035298209 0.054137323943661955 0.2153755868544601
0 0.37902484350547727 0.05889845244305338 0.0915492957746479 0.23004694835680753
0 0.4899690678794993 0.07414145366023299 0.13292253521126757 0.21361502347417838
0 0.6387391187402192 0.0665319074943488 0.13644366197183094 0.2347417840375587
0 0.7879358616979655 0.07825975917231787 0.12059859154929582 0.2247652582159624
0 0.9309440409820032 0.08587310902451747 0.06646126760563378 0.20774647887323947
0 0.007957685348200313 0.45911797948182925 0.0506161971830986 0.21361502347417832
0 0.004455509096244132 0.8129645931142411 0.07790492957746478 0.18485915492957727
0 0.21440666568857591 0.8264470309511389 0.08362676056338027 0.16842723004694837
