0 0.15167770490397806 0.05976699436061576 0.08256172839506172 0.10390946502057614
0 0.23307613168724278 0.059771281054717275 0.07407407407407404 0.10853909465020575
0 0.30946555641289436 0.05976699436061576 0.07484567901234564 0.10390946502057614
0 0.3866236389746227 0.059768423258649596 0.0713734567901235 0.10545267489711935
0 0.4614685142318244 0.06387602880658437 0.07021604938271603 0.09722222222222222
0 0.04017570087448559 0.1698597774729462 0.07523148148148148 0.11522633744855966
0 0.04481068887174212 0.2866259907026368 0.08294753086419755 0.11162551440329217
0 0.11657209147805213 0.1729419105319311 0.08603395061728397 0.11059670781893002
0 0.11965958290466393 0.28508992531626276 0.08757716049382715 0.11934156378600826
0 0.2049021026234568 0.2804574378905655 0.059027777777777776 0.1162551440329218
0 0.20374549897119337 0.1698554907788447 0.060185185185185196 0.11059670781893002
0 0.2651022912379972 0.16677621551592745 0.08063271604938274 0.11831275720164608
0 0.2662605024005487 0.28663027739673835 0.08179012345679008 0.1162551440329218
0 0.3603930898491084 0.16522300335314738 0.07716049382716048 0.10751028806584362
0 0.3480511616941015 0.286633135192806 0.08256172839506175 0.11934156378600826
0 0.43061315800754457 0.28663599298887366 0.08294753086419754 0.1224279835390946
0 0.4375519761659808 0.16522729004724893 0.07484567901234572 0.1121399176954732
0 0.5147194358710563 0.16986120637098004 0.08487654320987659 0.11676954732510289
0 0.5158760395233196 0.2881582456942539 0.08371913580246913 0.09979423868312752
0 0.5995970507544581 0.16523300563938423 0.08641975308641968 0.11831275720164605
0 0.6007512431412895 0.28353147386069194 0.08179012345679015 0.10288065843621397
0 0.6883187585733882 0.15646814509983234 0.06790123456790127 0.09670781893004118
0 0.6848561814128944 0.27736434994665443 0.08179012345679015 0.10905349794238682
0 0.797127111196845 0.17295572321292485 0.08526234567901222 0.12551440329218103
0 0.8858598036694103 0.1760435718640451 0.08256172839506175 0.1270576131687243
0 0.7924958740569272 0.29692310623380586 0.08294753086419746 0.12139917695473249
0 0.8777574159807956 0.29847155540313974 0.08179012345679 0.12705761316872433
0 0.02089897333676269 0.4605590801707057 0.09452160493827161 0.18158436213991763
0 0.10153061771262002 0.46827084285932025 0.09297839506172839 0.17695473251028804
0 0.19025875557270236 0.4723865454961134 0.08371913580246913 0.1774691358024691
0 0.27166093321330587 0.4739321368693797 0.0806327160493827 0.18004115226337444
0 0.353451056670096 0.48010354747751866 0.0806327160493827 0.17849794238683123
0 0.4317681541495199 0.47856462429507696 0.07947530864197531 0.18312757201646096
0 0.5124032814643348 0.4770257011126352 0.08294753086419754 0.18775720164609058
0 0.5965063443072702 0.47394356805365034 0.08024691358024683 0.19238683127572015
0 0.6759856717249657 0.4713796486816035 0.08603395061728389 0.2011316872427983
0 0.7643314900548698 0.4785774843773815 0.08179012345679 0.19701646090534983
0 0.8607796960733882 0.4621080056393842 0.07831790123456793 0.18775720164609053
0 0.9275189686213993 0.4816596174363664 0.0717592592592592 0.1923868312757201
0 0.8515065050582991 0.6560013717421125 0.05825617283950619 0.14814814814814814
0 0.9093988447359397 0.6498604442920286 0.0898919753086419 0.1826131687242798
0 0.038255797753772296 0.6405792752629172 0.08834876543209877 0.15895061728395068
0 0.11426129543895747 0.645207475994513 0.091820987654321 0.1574074074074074
0 0.20260229123799725 0.6570344650205762 0.0806327160493827 0.1527777777777778
0 0.27744877400548695 0.6524134087791496 0.0817901234567902 0.16203703703703703
0 0.3580782750342935 0.6570416095107453 0.07716049382716048 0.16049382716049387
0 0.43408216520919063 0.6616683813443073 0.07831790123456793 0.1574074074074074
0 0.5135550625857339 0.6678412208504801 0.07484567901234572 0.1574074074074073
0 0.5918737675754459 0.6709247828074988 0.07600308641975302 0.15432098765432095
0 0.6690350651577504 0.672467992684042 0.07716049382716056 0.15432098765432095
0 0.7473569851680384 0.6693982434080171 0.08294753086419762 0.17232510288065842
0 0.07451801483196159 0.8370784750800183 0.08371913580246916 0.15586419753086414
0 0.15591858496227706 0.8370756172839506 0.07831790123456792 0.1527777777777778
0 0.293261316872428 0.8432513145861911 0.07407407407407404 0.15586419753086422
0 0.6790683406207134 0.8643223212924858 0.0806327160493827 0.1347736625514404
0 0.7585412379972566 0.8658626733729614 0.07716049382716048 0.13168724279835387
0 0.4487332818930041 0.8570963839353757 0.06481481481481484 0.10853909465020582
