0 0.45221354166666666 0.25254901321509304 0.27200704225352124 0.2177230046948357
0 0.43813575899843504 0.47210702486524075 0.2816901408450704 0.2981220657276996
0 0.44165352357198745 0.7777391975308642 0.2768485915492958 0.16960093896713613
0 0.14061491343896712 0.25908157276995303 0.30237676056338025 0.30105633802816906
0 0.15204084751564945 0.5659167970787689 0.27684859154929575 0.20422535211267615
0 0.16391639769170577 0.7824084941749261 0.2649647887323944 0.14201877934272308
0 0.003596011834898279 0.48373000347765605 0.10783450704225353 0.17488262910798127
0 0.0027300958528951487 0.6556691227612589 0.12852112676056338 0.16490610328638505
0 0.0062551961071987475 0.8205198009041906 0.13424295774647887 0.10504694835680747
0 0.7334580399061035 0.5858698487219614 0.26408450704225334 0.20422535211267603
0 0.7220232418818466 0.7929936098069901 0.2768485915492958 0.16549295774647882
0 0.7418158255086073 0.27258357242218745 0.25704225352112675 0.30575117370892024
0 0.0035993740219092333 0.0007243305512084856 0.11267605633802817 0.14847417840375585
0 0.12283964201877934 0.010100960702486525 0.05809859154929576 0.13438967136150237
0 0.18227210485133022 0.00541481916188489 0.0774647887323944 0.1437793427230047
0 0.2782261712636933 0.0007210702486524083 0.08230633802816902 0.14495305164319247
0 0.3710867199726135 0.0036569727003999304 0.06910211267605636 0.1467136150234742
0 0.4437506113067293 0.0007210702486524083 0.12764084507042256 0.14495305164319247
0 0.5749171679381847 0.002483263780212137 0.13424295774647885 0.14671361502347416
0 0.7262727406103285 0.005419166231959659 0.058098591549295815 0.14847417840375587
0 0.7923540810837247 0.005415905929403581 0.1448063380281689 0.1449530516431925
0 0.9349025577073552 0.0071808163797600424 0.0625 0.14964788732394368
