0 0.012843860035211267 0.1458849547904712 0.11487676056338028 0.3726525821596243
0 0.16250366784037557 0.16759096244131455 0.13204225352112675 0.3644366197183098
0 0.33986331181533647 0.17988501999652237 0.10739436619718315 0.3321596244131455
0 0.4657561252934272 0.18635617718657624 0.1254401408450705 0.34917840375586856
0 0.5920426203051643 0.18750706398887151 0.07658450704225367 0.3245305164319249
0 0.6730294527582159 0.2044986741436272 0.0779049295774648 0.2951877934272301
0 0.9348995011737088 0.22329757868196837 0.058098591549295815 0.31631455399061037
0 0.0026995305164319245 0.6957002043122935 0.08450704225352113 0.29988262910798114
0 0.09516609203834116 0.6957029212310903 0.13776408450704225 0.3028169014084505
0 0.24480175322769956 0.6833860415579899 0.12015845070422541 0.31044600938967143
0 0.3720012348395931 0.6910080855503391 0.11839788732394364 0.30281690140845086
0 0.4925836267605634 0.6587294600938968 0.09507042253521128 0.3010563380281689
0 0.6259548611111111 0.6757553034254912 0.10739436619718319 0.3086854460093895
0 0.7368352039319248 0.656940640758129 0.05677816901408461 0.2705399061032864
0 0.9164313135758999 0.6698796948356807 0.08362676056338027 0.3010563380281689
0 0.8552257555751174 0.7513568292470875 0.04621478873239448 0.19776995305164324
