0 0.0016584147805212622 0.024959038256363357 0.16589506172839505 0.28909465020576125
0 0.16989026063100138 0.0038808870598994053 0.19753086419753088 0.3024691358024691
0 0.3681455761316873 0.0008001828989483311 0.1296296296296296 0.308641975308642
0 0.5032064471879287 0.055280730833714375 0.17283950617283952 0.25874485596707814
0 0.6702586484053497 0.038316853376009756 0.17245370370370372 0.2710905349794239
0 0.8245804398148148 0.053736092059137326 0.1736111111111111 0.257201646090535
0 0.0015882201646090536 0.4725965935070873 0.06481481481481481 0.40432098765432095
0 0.11194889188957476 0.46378981862520957 0.09529320987654319 0.3374485596707819
0 0.20838691700960219 0.46996789742417316 0.07716049382716048 0.3431069958847737
0 0.30020227837791497 0.4483396204846822 0.06905864197530862 0.3179012345679012
0 0.36037246013374485 0.4654097126962353 0.04745370370370373 0.4202674897119341
0 0.4626186878429355 0.4426316491388508 0.05979938271604945 0.26440329218107
0 0.5351742005315501 0.43801059289742417 0.09529320987654318 0.27366255144032925
0 0.6327814214677642 0.44572235558603873 0.09413580246913579 0.2690329218106996
0 0.7303688164437586 0.46216801935680535 0.0644290123456789 0.2525720164609053
0 0.7971056777263374 0.4770704732510288 0.0543981481481481 0.236111111111111
0 0.8596426504629631 0.5937333295229387 0.1076388888888889 0.12088477366255132
0 0.8970585240912208 0.4923720659960373 0.0976080246913581 0.09516460905349788
0 0.5351701817558299 0.841710486206371 0.0895061728395062 0.15843621399176952
0 0.6246795696159122 0.8432522671848803 0.09413580246913579 0.15689300411522636
0 0.7223111711248286 0.8555731786313062 0.12808641975308635 0.13014403292181068
0 0.8538700810185185 0.8581399557994209 0.1284722222222222 0.12448559670781884
