0 0.6747982574588477 0.36754924935223293 0.04282407407407405 0.2865226337448559
0 0.07457267018175583 0.392600689681451 0.1624228395061728 0.11985596707818931
0 0.24935029792524005 0.3910546220088401 0.1755401234567902 0.1167695473251029
0 0.27364540466392323 0.17448512040847433 0.16049382716049382 0.11059670781893002
0 0.09154690715020576 0.17807832266422802 0.16087962962962965 0.10236625514403291
0 0.2470341435185185 0.5150396281054717 0.1736111111111111 0.13168724279835398
0 0.4488096386316872 0.3941462810547172 0.1747685185185185 0.1224279835390947
0 0.054910140174897114 0.5237735291876238 0.18171296296296294 0.11985596707818931
0 0.43338129072359394 0.5196635421429661 0.18016975308641975 0.12551440329218094
0 0.6393840020576133 0.07005934689833868 0.1574074074074073 0.10853909465020575
0 0.27017130701303155 0.07518480414570951 0.15779320987654322 0.08847736625514405
0 0.45226069530178326 0.09731462429507698 0.14429012345679015 0.09979423868312756
0 0.6459493419924555 0.1878581771071483 0.16705246913580238 0.10905349794238688
0 0.461139778377915 0.20378705608901082 0.15239197530864199 0.09002057613168725
0 0.8153174296982167 0.07006553878981862 0.16820987654320985 0.11522633744855967
0 0.11159550754458161 0.09728890413046791 0.14197530864197533 0.07201646090534979
0 0.7176242069615911 0.3701107872275568 0.04552469135802476 0.27520576131687235
0 0.0027542009602194786 0.1785851051668953 0.07716049382716049 0.09413580246913582
0 0.8997194894547327 0.37267899329370524 0.0405092592592592 0.27109053497942387
0 0.845717860510974 0.37010935832952296 0.05594135802469127 0.2736625514403292
0 0.8040415487825789 0.366000800182899 0.04205246913580238 0.2808641975308642
0 0.00044581618655692727 0.07518480414570951 0.08641975308641975 0.08847736625514405
0 0.7631440757887518 0.3742193453741807 0.03858024691358016 0.2680041152263374
0 0.8210948216735253 0.2001924249352233 0.15432098765432095 0.09670781893004118
0 0.9525720164609054 0.3721722107910379 0.037037037037036986 0.27932098765432106
0 0.6304274905692729 0.3783417162017985 0.03780864197530865 0.27572016460905346
0 0.14365006644375855 0.7409460257582685 0.18942901234567905 0.22170781893004127
0 0.5703609932270234 0.766663808870599 0.20871913580246912 0.21913580246913567
0 0.3415750385802469 0.75893918609968 0.2013888888888889 0.2098765432098765
0 0.7894954561042524 0.7682027320530407 0.20679012345679015 0.21450617283950613
0 0.0027464313271604937 0.3879762993446121 0.06597222222222222 0.1255144032921811
0 0.0038904428155006857 0.5299449397957628 0.046682098765432105 0.11831275720164613
