0 0.520723909428795 0.19090321248478528 0.05369718309859148 0.1895539906103286
0 0.6351565556533646 0.45614621370196484 0.047975352112676006 0.17312206572769956
0 0.5211771933685446 0.433839766997044 0.07262323943661973 0.1666666666666667
0 0.6826905443075117 0.17563575899843506 0.046214788732394395 0.1795774647887324
0 0.912453540688576 0.4314331203268996 0.05985915492957743 0.10269953051643199
0 0.11843609399452269 0.6785347113545471 0.0550176056338028 0.1414319248826292
0 0.8468707208528952 0.42379857850808555 0.05721830985915485 0.09683098591549298
0 0.6879697892214397 0.4561500173882803 0.042693661971830936 0.17723004694835676
0 0.2597289465962442 0.6897132020518171 0.06602112676056333 0.17194835680751172
0 0.2601580839201878 0.17975460789427927 0.05017605633802818 0.19131455399061034
0 0.07617187499999999 0.663278668927143 0.039612676056338045 0.1437793427230048
0 0.6765349911971831 0.785964940879847 0.055457746478873325 0.1801643192488263
0 0.08586658841940531 0.17328453747174402 0.05633802816901408 0.17546948356807512
0 0.3213520270931142 0.41276897496087633 0.07086267605633804 0.227112676056338
0 0.7315538194444444 0.46614501825769433 0.05721830985915485 0.19718309859154923
0 0.3380700435250391 0.6867550208659362 0.06029929577464787 0.14612676056338028
0 0.34422070618153366 0.1768089245348635 0.044014084507042264 0.17899061032863856
0 0.015006663243348982 0.1732910580768562 0.060299295774647876 0.18251173708920193
0 0.46174259096244136 0.19442814293166405 0.050176056338028095 0.19366197183098596
0 0.3935375709115806 0.42508259433142065 0.07438380281690134 0.21596244131455397
0 0.18180873435054773 0.6685636193705442 0.044014084507042264 0.147300469483568
0 0.3164887764084507 0.0006509737436967484 0.039612676056338 0.06924882629107981
0 0.25181007922535215 0.41861741436271954 0.07130281690140844 0.20539906103286387
0 0.39306289123630667 0.18032027038775864 0.024647887323943726 0.16842723004694835
0 0.737697757726917 0.004165036515388629 0.03125 0.06161971830985917
0 0.5506485964397497 0.004171013736741437 0.04665492957746472 0.06807511737089203
0 0.21614063722613458 0.18503140758129022 0.04533450704225355 0.18603286384976528
0 0.2685161751760563 0.000649886976178056 0.04357394366197182 0.06807511737089203
0 0.40540089495305154 0.0018235958963658495 0.04489436619718311 0.06807511737089202
0 0.007095742859937403 0.3862931446704921 0.07702464788732394 0.15434272300469487
0 0.358745048415493 0.0006520605112154408 0.04357394366197182 0.0704225352112676
0 0.03259732003129891 0.655644127108329 0.03873239436619719 0.13791079812206578
0 0.45514017263302037 0.0006558641975308642 0.04973591549295778 0.07453051643192489
0 0.8411782325899844 0.604610067814293 0.09947183098591555 0.1619718309859155
0 0.8622768730438185 0.13684522256998782 0.058978873239436624 0.11678403755868545
0 0.9212575802034428 0.1327448487219614 0.0616197183098592 0.12500000000000003
0 0.751352210485133 0.1744707442183968 0.04577464788732407 0.18896713615023475
0 0.8811968163145539 0.3117191575378195 0.050176056338028095 0.10739436619718311
0 0.9458907961658841 0.31053512432620417 0.04049295774647892 0.0962441314553991
0 0.8002109008215961 0.1909048426360633 0.050176056338028255 0.19131455399061031
0 0.7363975083137716 0.812947204833942 0.06029929577464783 0.1660798122065728
0 0.033037766529733954 0.8621929881759693 0.03917253521126761 0.11208920187793422
0 0.07705765845070421 0.8663025995479047 0.04753521126760564 0.11384976525821605
0 0.1324998166079812 0.861035580768562 0.025088028169014107 0.12969483568075116
0 0.2694010416666667 0.9284700486871849 0.05017605633802818 0.0715962441314554
0 0.47583412803208136 0.7548361154581812 0.06029929577464791 0.15258215962441316
0 0.8130336707746478 0.8352194183620241 0.13468309859154934 0.13556338028169
0 0.5057502567488262 0.0018235958963658495 0.04093309859154925 0.06807511737089202
0 0.617101917057903 0.0006439097548252478 0.03521126760563386 0.061619718309859156
0 0.6567090913536776 0.000647170057381325 0.02728873239436622 0.06514084507042255
0 0.6888494596048513 0.0006520605112154408 0.04181338028169006 0.0704225352112676
0 0.7746723395931143 0.0006509737436967484 0.035211267605633784 0.06924882629107981
0 0.8112037240805947 0.0018187054425317338 0.034771126760563376 0.06279342723004695
0 0.8662201071009389 0.001819792210050426 0.03301056338028177 0.06396713615023475
0 0.9071553452660407 0.000649886976178056 0.036091549295774746 0.06807511737089203
0 0.6307517850156494 0.7366072204833941 0.04313380281690142 0.11326291079812217
0 0.42388008607198746 0.1862029429664406 0.035211267605633784 0.1836854460093897
0 0.5779416079812206 0.18973059033211614 0.05281690140845075 0.1907276995305164
0 0.7896435470461659 0.4626342157885585 0.04445422535211271 0.20833333333333334
0 0.1351593065336463 0.43149560945922444 0.051936619718309845 0.1701877934272301
0 0.09378270491001564 0.39333757172665623 0.04709507042253522 0.15669014084507046
0 0.0022214886541471047 0.6527076812728222 0.029929577464788734 0.13556338028169007
0 0.001341818270735524 0.849871218049035 0.030809859154929578 0.1144366197183097
0 0.16463835093896714 0.8850824856546687 0.03697183098591549 0.11443661971830991
0 0.2046911678403756 0.8991528647191792 0.03697183098591547 0.09917840375586845
