0 0.13970175325788753 0.5314924363664074 0.059413580246913594 0.12294238683127587
0 0.2446322552297668 0.5032459800335315 0.048225308641975315 0.17232510288065842
0 0.6343045374657065 0.7763669791190367 0.06520061728395056 0.14300411522633746
0 0.7315318501371743 0.23218068891937207 0.0725308641975308 0.1995884773662551
0 0.8545811364026064 0.5741740969364426 0.04128086419753079 0.10802469135802475
0 0.8071252893518518 0.5674892356348118 0.03819444444444445 0.11059670781893005
0 0.47071277006172835 0.21006229995427525 0.04861111111111119 0.2006172839506173
0 0.6597632137345679 0.221371551592745 0.059027777777777776 0.19238683127572018
0 0.6666915830761317 0.5495146509678402 0.0358796296296296 0.1424897119341563
0 0.340307516718107 0.5027144299649443 0.04282407407407405 0.1538065843621399
0 0.5918673375342937 0.22032797972869989 0.06674382716049373 0.17644032921810698
0 0.4124598122427984 0.18950379134278314 0.053240740740740713 0.21965020576131683
0 0.0968798225308642 0.0006039475689681451 0.0625 0.09670781893004116
0 0.7029618377057613 0.5423320568510898 0.042824074074074125 0.16306584362139925
0 0.05790305641289437 0.5006606271909769 0.04706790123456791 0.15792181069958847
0 0.06946828918038409 0.30768270842859324 0.034336419753086427 0.07510288065843619
0 0.6034213177297668 0.5469250114311842 0.03780864197530865 0.12345679012345682
0 0.39586923439643346 0.5756701531778692 0.05169753086419754 0.05709876543209884
0 0.024729670353223595 0.27735339506172835 0.05516975308641974 0.09722222222222228
0 0.22341070816186553 0.0026496532540771223 0.0447530864197531 0.08384773662551441
0 0.23576147762345678 0.18538237311385458 0.052083333333333336 0.21296296296296297
0 0.20874110510973934 0.5191677145252248 0.03163580246913583 0.14557613168724284
0 0.30172217935528123 0.5083652453894223 0.03549382716049381 0.14557613168724284
0 0.14470566486625516 0.689358996342021 0.04282407407407407 0.06327160493827154
0 0.5363042802640603 0.5715577846364884 0.05594135802469135 0.06018518518518508
0 0.3017294131515775 0.2747442272519433 0.04591049382716052 0.05709876543209873
0 0.2835969650205762 0.036050621094345384 0.04629629629629627 0.04578189300411523
0 0.9371399176954733 0.49039685261393084 0.037037037037036986 0.18415637860082307
0 0.8063657407407407 0.2393618541380887 0.05555555555555555 0.17746913580246915
0 0.959514317558299 0.2984901310775796 0.033950617283950796 0.14711934156378603
0 0.7905481074245543 0.0006096631611034903 0.05594135802469127 0.102880658436214
0 0.9155373906893006 0.2856190938881268 0.04050925925925905 0.13528806584362144
0 0.3650050368655693 0.8087353299801859 0.05169753086419754 0.10082304526748963
0 0.43483689128943753 0.76350689681451 0.05401234567901238 0.14300411522633735
0 0.52164780521262 0.7635040390184423 0.06172839506172841 0.1399176954732511
0 0.2905454282407407 0.798963572626124 0.05208333333333337 0.10288065843621408
0 0.09609401791838133 0.6800940214906265 0.04205246913580248 0.05709876543209873
0 0.240380658436214 0.828256458619113 0.037037037037036986 0.0725308641975308
0 0.7677670074588478 0.7516056050906873 0.02893518518518508 0.0673868312757202
0 0.8376044881687243 0.8138693606157598 0.0393518518518519 0.0900205761316872
0 0.9599003879458162 0.7912518099375095 0.03433641975308635 0.1075102880658436
0 0.8831262324245543 0.7979447683279988 0.03510802469135794 0.11368312757201651
0 0.9174637238511659 0.7933141860996799 0.03665123456790127 0.11265432098765439
0 0.4710969650205762 0.5298944520652339 0.04629629629629635 0.0637860082304528
0 0.3479938271604938 0.09567901234567901 0.0 0.0
0 0.3422515324931413 0.030921353452217644 0.06442901234567901 0.0617283950617284
0 0.4147880229766804 0.005219288218259411 0.07253086419753095 0.08127572016460904
0 0.5100710519547325 0.0006053764670019814 0.057870370370370315 0.09825102880658435
0 0.5802849579903978 0.003681793933851547 0.054783950617283965 0.0874485596707819
0 0.6543582283093279 0.0005982319768327999 0.05362654320987643 0.0905349794238683
0 0.8484409829389575 0.04585762459990855 0.08834876543209873 0.08179012345679013
0 0.014326667524005484 0.1760045153177869 0.07484567901234566 0.08487654320987656
0 0.08336012517146776 0.20326788980338364 0.03858024691358024 0.08487654320987656
0 0.18560260202331963 0.22288951760402376 0.045524691358024685 0.16512345679012344
0 0.2920913173010974 0.3380158321902149 0.05594135802469135 0.05709876543209873
0 0.3488034765089163 0.2789285169943606 0.05478395061728393 0.13168724279835392
0 0.8707869834533608 0.23063033455265963 0.0443672839506173 0.19187242798353912
0 0.7496471514917696 0.5330718449931413 0.04745370370370365 0.16203703703703703
0 0.5386249892832647 0.6435575750647767 0.06442901234567913 0.042181069958847725
0 0.40590572487997256 0.5134402149062643 0.059799382716049364 0.07098765432098762
0 0.5825901277434843 0.7511364502362444 0.040895061728395 0.1162551440329218
0 0.06411501200274348 0.7768494703551287 0.10339506172839506 0.10853909465020571
0 0.0004230431241426612 0.4861635040390184 0.05362654320987654 0.05658436213991778
0 0.00273062414266118 0.5468607110196616 0.04320987654320988 0.05401234567901238
0 0.0008029513888888889 0.6070478014022253 0.04513888888888889 0.05606995884773661
