0 0.8953164734937401 0.45321085463397665 0.10079225352112692 0.17194835680751175
0 0.8719685299295774 0.6515644018431578 0.07130281690140852 0.16842723004694837
0 0.3741750415688575 0.4578796078942793 0.07966549295774648 0.1437793427230047
0 0.298469899256651 0.6468820639888715 0.0783450704225352 0.18192488262910803
0 0.6329708284428796 0.6492207876890975 0.06954225352112675 0.17253521126760568
0 0.3768131357589984 0.6468809772213527 0.07570422535211271 0.18075117370892027
0 0.2848340913536776 0.4578741740566858 0.09066901408450702 0.13791079812206566
0 0.2095697011932707 0.6468788036863153 0.09022887323943662 0.1784037558685446
0 0.5374767703442879 0.6498152495218222 0.09330985915492959 0.18075117370892027
0 0.47848842185054774 0.23314695270387759 0.07966549295774641 0.1789906103286385
0 0.3785886761541471 0.2349053425491219 0.09727112676056338 0.17664319248826293
0 0.7091433147496088 0.45906309772213527 0.1100352112676056 0.15434272300469482
0 0.4556041544405321 0.4649099069727004 0.08406690140845068 0.13086854460093897
0 0.5585974178403756 0.22318075117370892 0.08450704225352115 0.19014084507042256
0 0.6021884780907668 0.4596439749608764 0.10915492957746488 0.14788732394366202
0 0.025591744913928013 0.4531793383759346 0.09154929577464789 0.13791079812206572
0 0.2892339715375587 0.24076682316118939 0.08846830985915494 0.1690140845070422
0 0.13341402582159625 0.6527408276821423 0.07394366197183096 0.17136150234741784
0 0.6435543818466354 0.22434956964006258 0.09859154929577467 0.18485915492957744
0 0.1950459702660407 0.24193998869761785 0.09154929577464786 0.16842723004694837
0 0.7047165370696401 0.6457137889062772 0.07350352112676053 0.18779342723004694
0 0.45604551789906106 0.6486333898452443 0.08582746478873236 0.1719483568075118
0 0.0401148645344288 0.651561684924361 0.08934859154929578 0.16549295774647882
0 0.37505624021909234 0.04414558337680403 0.08098591549295778 0.142018779342723
0 0.00047743055555555554 0.2542460006955312 0.05369718309859155 0.14906103286384983
0 0.5427679357394366 0.04297187445661624 0.10695422535211263 0.14201877934272303
0 0.8213517214397497 0.4637584767866458 0.0704225352112674 0.15492957746478875
0 0.45780638693270737 0.04121402799513128 0.08626760563380276 0.14495305164319247
0 0.1915227039319249 0.05939130151278039 0.08846830985915494 0.12852112676056338
0 0.27471941021126767 0.05000978090766823 0.10299295774647889 0.13732394366197184
0 0.1215299173513302 0.25542025299947835 0.07350352112676058 0.1496478873239437
0 0.10833791813380281 0.04882792123109025 0.09110915492957748 0.12852112676056338
0 0.7417155712050079 0.2302164840897235 0.1126760563380281 0.18309859154929578
0 0.7795505672926446 0.6545030212137021 0.08802816901408461 0.17312206572769956
0 0.9415019195031298 0.6439412710832899 0.058538732394366216 0.17488262910798105
0 0.3658248973004695 0.8715978742827335 0.09771126760563378 0.12852112676056332
0 0.29274654000391237 0.8551876847504781 0.07614436619718302 0.15199530516431917
0 0.6329861111111111 0.8686646887497826 0.0915492957746479 0.12969483568075107
0 0.5467148376369326 0.8698389410537297 0.08626760563380292 0.13028169014084515
0 0.46308654880672934 0.8686646887497826 0.08406690140845074 0.12969483568075107
0 0.7254086585485132 0.8715978742827335 0.0814260563380281 0.12852112676056332
0 0.8715265551643193 0.8510769866110243 0.06866197183098595 0.14906103286384972
0 0.8046187279929579 0.8745277995131282 0.059419014084506866 0.12382629107981205
0 0.19813154098200314 0.8551811641453659 0.09815140845070418 0.14495305164319253
0 0.054184700215179966 0.26538210745957225 0.0682218309859155 0.13380281690140847
0 0.8794848518192487 0.2683272474352287 0.12015845070422541 0.1455399061032864
0 0.12021499657668232 0.45319292296991825 0.08142605633802816 0.1525821596244131
0 0.19944493348982786 0.45788884541818814 0.08802816901408453 0.15375586854460088
0 0.9401824139280126 0.8698351373674142 0.05985915492957743 0.12617370892018784
0 0.0005064676251956182 0.09515627716918795 0.09551056338028169 0.09272300469483567
