0 0.0010966842723004694 0.8997375456442357 0.31161971830985913 0.09683098591549298
0 0.00594129010172144 0.7841255868544601 0.3160211267605634 0.09507042253521127
0 0.004639818075117371 0.6773180751173707 0.3433098591549296 0.09507042253521136
0 0.06877659184272301 0.4637084854807859 0.16505281690140844 0.10093896713615028
0 0.2743180873435055 0.12217005738132498 0.1588908450704225 0.11267605633802817
0 0.2730010269953052 0.23775973743696746 0.16373239436619713 0.0903755868544601
0 0.24396487431533648 0.33754401408450707 0.18265845070422537 0.11091549295774643
0 0.24617413683489828 0.4619566162406538 0.1949823943661972 0.11032863849765256
0 0.4618370378521127 0.08752227873413318 0.1861795774647888 0.08744131455399061
0 0.4627384096244131 0.18672730829420972 0.216549295774648 0.1161971830985915
0 0.45481679137323944 0.3252331116327595 0.21786971830985913 0.125
0 0.4512919967723005 0.4561098069900887 0.21258802816901404 0.13380281690140847
0 0.6761816559076682 0.11274452269170579 0.18045774647887333 0.073943661971831
0 0.7021579127543036 0.20960702486524083 0.1919014084507041 0.10798122065727699
0 0.6929204567683882 0.33754401408450707 0.19982394366197173 0.11091549295774643
0 0.3690715473395931 0.6790683142062249 0.33626760563380287 0.0839201877934273
0 0.39197996136541474 0.800593375065206 0.3666373239436619 0.13380281690140847
0 0.7620491612871673 0.6937951008520257 0.23811619718309865 0.1437793427230048
0 0.7800805702269171 0.8445976786645801 0.21742957746478864 0.12323943661971828
0 0.9173054821987482 0.24714343157711705 0.07482394366197175 0.0839201877934272
0 0.9085109179381847 0.3416427577812554 0.08670774647887325 0.10093896713615022
0 0.9049922364045385 0.4578676534515737 0.09022887323943662 0.1308685446009389
0 0.3928706352699531 0.9495707268301165 0.38160211267605637 0.043427230046948484
0 0.6929174002347419 0.46079486176317164 0.19542253521126757 0.12323943661971828
