0 0.44900081915101725 0.191427034428795 0.08230633802816899 0.1214788732394366
0 0.14576425567292642 0.6716527560424274 0.11179577464788736 0.3145539906103286
0 0.2646016725352113 0.6781048948009042 0.11091549295774644 0.3110328638497653
0 0.027373704029733957 0.6927599547904713 0.12235915492957747 0.2934272300469484
0 0.6748218040884194 0.26413232481307597 0.12367957746478872 0.05164319248826293
0 0.6721794307511738 0.395004129716571 0.12147887323943662 0.055164319248826255
0 0.08500006113067292 0.14867305685967658 0.07614436619718312 0.2147887323943662
0 0.5449707795383412 0.2623717614327943 0.1100352112676056 0.05164319248826293
0 0.6730591011345852 0.32517279603547206 0.12059859154929589 0.05985915492957753
0 0.5361737700508608 0.3914791992696922 0.11839788732394357 0.05105633802816901
0 0.5383705007824726 0.3193026212832551 0.1126760563380281 0.05809859154929577
0 0.5287023792057903 0.17144083637628238 0.13424295774647885 0.08568075117370892
0 0.6774638717723005 0.1901984437489132 0.1254401408450704 0.06220657276995307
0 0.0026931117957746478 0.13578290732046602 0.07526408450704225 0.23708920187793422
0 0.17617554284037557 0.3046665797252652 0.1716549295774648 0.09624413145539905
0 0.3596519219483568 0.08343548948009041 0.08186619718309858 0.11032863849765256
0 0.3587698063380282 0.19729286211093722 0.079225352112676 0.11854460093896717
0 0.17573234546165883 0.2095880064336637 0.1672535211267605 0.08744131455399064
0 0.36316510172143973 0.31700465136498 0.07042253521126764 0.11150234741784042
0 0.16517171606025038 0.10102971222396105 0.17121478873239435 0.09800469483568075
0 0.39051037998826293 0.6614778951486698 0.1518485915492958 0.1003521126760563
0 0.775206927327856 0.8034852634324465 0.17121478873239449 0.0880281690140845
0 0.7492850767801251 0.5911379542688228 0.2381161971830985 0.18955399061032865
0 0.830220253814554 0.11865436445835507 0.16505281690140852 0.11854460093896714
0 0.8029480267018779 0.3539667014432272 0.18882042253521136 0.10093896713615028
0 0.815264329029734 0.24657016171100676 0.17781690140845066 0.09859154929577464
0 0.3949264598004694 0.7648832811684925 0.17297535211267617 0.22887323943661983
0 0.5771453809663538 0.8610426447574335 0.17385563380281682 0.1373239436619717
0 0.7747695373630672 0.9038379194922622 0.17517605633802827 0.08861502347417827
0 0.45428006406494525 0.31760400365153885 0.07878521126760568 0.125
0 0.639604423415493 0.10864088854112328 0.11487676056338018 0.07863849765258217
