0 0.12240347466744914 0.7002173535037385 0.06382042253521125 0.10798122065727703
0 0.19416079812206574 0.6960577508259433 0.08450704225352107 0.05223004694835675
0 0.1712597197769953 0.27996381064162756 0.06470070422535211 0.0369718309859155
0 0.3231165639671361 0.4707034646148496 0.07658450704225352 0.04988262910798121
0 0.2210072500978091 0.4677670187793427 0.08142605633802817 0.04753521126760568
0 0.22408670774647887 0.5915992870805076 0.07922535211267605 0.05399061032863857
0 0.3257564920774648 0.5370120413841072 0.07526408450704226 0.04342723004694838
0 0.2205646640258216 0.5370125847678664 0.0779049295774648 0.04401408450704225
0 0.33500067243740217 0.16730731611893582 0.07702464788732391 0.05809859154929579
0 0.8209195275821595 0.5164715918970614 0.08186619718309866 0.04284037558685451
0 0.4309498483959311 0.5223510041731874 0.07482394366197183 0.054577464788732336
0 0.2579634927621284 0.17317423056859677 0.058978873239436624 0.0563380281690141
0 0.32663616246087634 0.5886622978612415 0.07438380281690142 0.05105633802816901
0 0.8173916764475743 0.569307511737089 0.07218309859154949 0.06338028169014091
0 0.04713205447965571 0.5974933707181359 0.053257042253521125 0.08157276995305161
0 0.040540639671361504 0.20491707963832373 0.06866197183098591 0.11326291079812205
0 0.12988678599374023 0.4759797209181012 0.06514084507042253 0.04401408450704225
0 0.4344685299295774 0.16319444444444445 0.07130281690140844 0.052816901408450724
0 0.7350954249804382 0.31634933055120845 0.08670774647887325 0.03755868544600936
0 0.11139231220657278 0.19664514866979657 0.05281690140845069 0.05281690140845067
0 0.8398400821596244 0.2641241740566858 0.07394366197183094 0.04284037558685451
0 0.7240873190532082 0.5534385324291428 0.08010563380281689 0.03755868544600936
0 0.7192521884780907 0.5017931664058425 0.08934859154929582 0.035211267605633784
0 0.2848264500195618 0.7465348417666493 0.07966549295774648 0.06044600938967135
0 0.3710998630672927 0.745945813771518 0.08802816901408445 0.05809859154929577
0 0.2526888326486698 0.2723363328116849 0.06910211267605632 0.03873239436619721
0 0.3763809419014085 0.8034624413145539 0.08714788732394364 0.06338028169014091
0 0.5335109179381846 0.19605340375586855 0.08670774647887325 0.047535211267605605
0 0.7333366955203443 0.2582539993044688 0.08934859154929566 0.041079812206572745
0 0.6320957428599374 0.19370272561293686 0.077024647887324 0.04401408450704225
0 0.7333327220266043 0.1989838723700226 0.08362676056338011 0.04342723004694833
0 0.046693136248043825 0.395004129716571 0.05501760563380281 0.055164319248826255
0 0.46617089690923313 0.8058038819335769 0.08890845070422541 0.05692488262910781
0 0.33939871870109545 0.3310206920535559 0.07218309859154932 0.03755868544600936
0 0.5317543280516432 0.24534646148495917 0.09242957746478872 0.044600938967136176
0 0.8182820446987481 0.43432881238045556 0.08670774647887325 0.06103286384976527
0 0.8451190214201877 0.3140029994783516 0.06998239436619731 0.03873239436619721
0 0.7280504205790298 0.44604742653451573 0.0827464788732393 0.041079812206572745
0 0.9071917180164318 0.4372446096331073 0.088468309859155 0.041079812206572794
0 0.8385211878912363 0.1579024300121718 0.07614436619718311 0.041666666666666664
0 0.8314841304773083 0.20778560250391237 0.08362676056338042 0.04225352112676056
0 0.7324463272691707 0.5945270387758651 0.07482394366197175 0.04694835680751171
0 0.8213529440532081 0.7623679577464789 0.07218309859154917 0.04753521126760558
0 0.9344624168622848 0.2295089984350548 0.0625 0.052816901408450696
0 0.9384181827073552 0.15733242044861764 0.05457746478873244 0.059859154929577454
0 0.9230254792644755 0.5434603764562684 0.07218309859154949 0.03579812206572765
0 0.904984289417058 0.684892844722657 0.07878521126760553 0.03638497652582152
0 0.054621784526604066 0.8469097765605982 0.06382042253521128 0.08509389671361504
0 0.8248743764671361 0.8627130064336637 0.07262323943661958 0.03990610328638506
0 0.13604447867762126 0.8111284993914102 0.05897887323943664 0.10328638497652586
0 0.46617089690923313 0.866831855329508 0.08890845070422541 0.05164319248826288
0 0.6501464079616589 0.8691727525647713 0.08406690140845059 0.04460093896713612
0 0.5550802645735524 0.8732877977743001 0.09022887323943654 0.052230046948356854
0 0.7320077146909234 0.8638878021213703 0.07702464788732391 0.04107981220657269
0 0.8235518143583727 0.815174534863502 0.0695422535211266 0.03638497652582163
0 0.2887868006651017 0.8087348939314901 0.07834507042253516 0.053403755868544595
0 0.7280522544992176 0.7694417275256478 0.08538732394366187 0.08157276995305161
0 0.9049757311228483 0.8627119196661449 0.06646126760563378 0.03873239436619732
0 0.04888375391236307 0.45603210311250214 0.040492957746478875 0.04988262910798127
0 0.07310066999217528 0.7348151408450704 0.05369718309859155 0.07922535211267613
0 0.1985585387323944 0.8639041036341506 0.07922535211267605 0.058685446009389526
0 0.1919600938967136 0.7465386454529648 0.08450704225352115 0.06455399061032854
0 0.19416538292253524 0.8110833985393844 0.09110915492957747 0.05457746478873244
0 0.28439058832159625 0.8568727177882108 0.0858274647887324 0.07042253521126746
0 0.3754997432511737 0.8685907885585116 0.08582746478873243 0.04988262910798127
0 0.4657286164906103 0.7453595026951834 0.08582746478873236 0.05868544600938964
0 0.5594740316901408 0.8257531298904538 0.07922535211267609 0.052816901408450724
0 0.5647526652973396 0.7952242001391061 0.0748239436619719 0.03931924882629108
0 0.5559559614632238 0.7465185402538689 0.08362676056338035 0.042840375586854405
0 0.5559568784233176 0.6907836680577291 0.08494718309859163 0.06044600938967135
0 0.4701278853677621 0.6966413449834812 0.08274647887323947 0.04870892018779342
0 0.3790285113458529 0.693710876369327 0.09683098591549298 0.05281690140845083
0 0.6365145735524257 0.702519127108329 0.10211267605633804 0.058685446009389526
0 0.6461857516627543 0.7629716571031125 0.08494718309859163 0.0657276995305164
0 0.6527823625782473 0.8275055425143454 0.07702464788732408 0.04401408450704225
0 0.8948659404342724 0.8228014693096853 0.08582746478873228 0.03403755868544604
0 0.9027823625782473 0.7758677838636759 0.07702464788732408 0.04988262910798106
0 0.9102626173708919 0.7465169101025909 0.07394366197183094 0.04107981220657269
0 0.5220666446596245 0.4090826595374717 0.08582746478873236 0.04870892018779348
0 0.5286663121087637 0.46190499478351593 0.08230633802816899 0.054577464788732384
0 0.5330570226917059 0.5059147322204834 0.06690140845070411 0.04988262910798127
0 0.5405397227112676 0.5575470570335593 0.06734154929577467 0.03814553990610323
0 0.5330655809859155 0.5880814206225004 0.079225352112676 0.057511737089201896
0 0.6153719190140845 0.6027402842983828 0.079225352112676 0.04401408450704225
0 0.6166898963223788 0.5499277299600069 0.07570422535211263 0.04870892018779332
0 0.6153719190140845 0.5029848069900886 0.079225352112676 0.05457746478873244
0 0.6153804773082943 0.4589582246565815 0.0915492957746479 0.041079812206572745
0 0.6153789490414711 0.4032141149365328 0.08934859154929574 0.04870892018779342
0 0.9102723982785602 0.5869017344809598 0.08802816901408445 0.05105633802816901
0 0.9080726110133021 0.4959354894800904 0.08934859154929566 0.04694835680751181
0 0.42170994718309857 0.5792867544774822 0.07922535211267609 0.06631455399061037
0 0.31740115170187794 0.40204801338897583 0.0858274647887324 0.056924882629108026
0 0.21044998288341155 0.40204149278386364 0.09022887323943662 0.04988262910798127
0 0.122413561228482 0.4079165579899148 0.0783450704225352 0.05692488262910797
0 0.2557753203247261 0.3239833289862633 0.07702464788732391 0.04284037558685446
0 0.17874761590375587 0.32281994435750305 0.07262323943661969 0.053990610328638465
0 0.172138473200313 0.22130009998261171 0.06249999999999998 0.0604460093896714
0 0.18094220706181532 0.16846961398017737 0.06382042253521128 0.045774647887323966
0 0.11050958528951486 0.24768409841766648 0.049295774647887314 0.03403755868544604
0 0.1127142630086072 0.2828991697096157 0.05501760563380282 0.03814553990610329
0 0.1127179308489828 0.31987915145192136 0.06029929577464789 0.04694835680751176
0 0.5295459824921752 0.14381303251608415 0.08142605633802825 0.0363849765258216
0 0.618901298415493 0.14674730481655365 0.09110915492957734 0.0363849765258216
0 0.7333348616001566 0.14499000173882806 0.08670774647887308 0.03990610328638498
0 0.12021805311032864 0.5293932576943141 0.08582746478873238 0.054577464788732336
0 0.11802193368544601 0.586903364632238 0.09242957746478872 0.05281690140845062
