0 0.07883778364632239 0.19573498087289165 0.07570422535211267 0.3374413145539906
0 0.3011193026212832 0.3100683576769257 0.0906690140845071 0.22593896713615033
0 0.7456435225938967 0.2508661537123978 0.06470070422535201 0.3016431924882629
0 0.9305060397104852 0.6410852460441663 0.06954225352112675 0.25938967136150226
0 0.16289582110719875 0.6023294861763172 0.06294014084507042 0.23415492957746487
0 0.089837942586072 0.5941401495392107 0.07086267605633802 0.26291079812206575
0 0.022487834996087638 0.2180077377847331 0.0585387323943662 0.30751173708920176
0 0.3341038854655712 0.5887948834985219 0.05325704225352115 0.1942488262910798
0 0.6787329445422534 0.6252879933924534 0.051496478873239465 0.3110328638497652
0 0.027332135172143973 0.5947139627890802 0.0625 0.24882629107981227
0 0.387360316412363 0.5963832376977917 0.05237676056338027 0.15023474178403767
0 0.4362245085093897 0.23150430359937405 0.06470070422535217 0.30633802816901406
0 0.2870020906690141 0.5858546339766997 0.04357394366197182 0.18779342723004694
0 0.1567332379694836 0.21389921318031646 0.06205985915492956 0.306924882629108
0 0.5066467380672927 0.25553708050773777 0.0642605633802816 0.27582159624413144
0 0.23684223395931142 0.33877803860198225 0.06690140845070422 0.176056338028169
0 0.7606080056729264 0.0007020518170752913 0.06426056338028177 0.12441314553990611
0 0.5854557902973396 0.4648419840027821 0.09859154929577459 0.057511737089201945
0 0.4379878227699531 0.6538683489827857 0.06866197183098595 0.12147887323943646
0 0.40055720608372464 0.2514290992870805 0.041813380281690134 0.2758215962441315
0 0.6035049271322378 0.06695085637280472 0.10343309859154941 0.05340375586854461
0 0.5044441999217528 0.7566075465136498 0.061619718309859114 0.1643192488262911
0 0.5960179479655712 0.1479514432272648 0.09683098591549305 0.06924882629107983
0 0.5960155027386541 0.29585072161363235 0.09330985915492968 0.08215962441314559
0 0.5898516969874804 0.6262264171448443 0.09066901408450702 0.056924882629108026
0 0.5938190776604069 0.22306664058424622 0.09947183098591547 0.06690140845070426
0 0.5850196229460093 0.3862121804903495 0.1043133802816903 0.06690140845070418
0 0.5955698601330204 0.5470059554860024 0.08538732394366187 0.06220657276995307
0 0.8138665761932707 0.26611187184837415 0.06646126760563394 0.2881455399061033
0 0.8781378374413145 0.25849363154234045 0.0818661971830985 0.2998826291079812
0 0.8451260514475742 0.6499174056685794 0.08010563380281689 0.2910798122065728
0 0.7363975083137716 0.6335061293688053 0.06029929577464783 0.3133802816901409
0 0.9489791177621284 0.26728721091984003 0.051056338028169064 0.289906103286385
0 0.7953794380868544 0.6270273648061206 0.06470070422535217 0.28814553990610325
0 0.8296926961071988 0.0030429490523387237 0.03917253521126756 0.11737089201877934
0 0.6906170530125195 0.2625787906451052 0.051936619718309866 0.27523474178403756
0 0.8970470828442878 0.003637954268822814 0.057658450704225414 0.1261737089201878
0 0.17036782325899844 0.7418856503216832 0.04797535211267603 0.10974178403755865
0 0.5902890869522691 0.6896066988349853 0.08670774647887325 0.056924882629108026
0 0.5757699408255086 0.7553403755868545 0.09463028169014089 0.0633802816901407
0 0.5757674955985915 0.8216576464962616 0.09110915492957751 0.06631455399061037
0 0.5700441363458529 0.8938325943314207 0.08890845070422533 0.057511737089201896
0 0.5290728310837246 0.0006852069205355591 0.0338908450704225 0.1062206572769953
0 0.5664838859546165 0.0006895539906103287 0.03257042253521136 0.11091549295774647
0 0.47495140111502354 0.0030375152147452617 0.05677816901408445 0.11150234741784039
0 0.39089794845461656 0.0006868370718135976 0.07614436619718311 0.107981220657277
