0 0.10082434712441314 0.2842098113371588 0.046214788732394374 0.18603286384976528
0 0.2038188331377152 0.29065651625804206 0.04841549295774649 0.17664319248826293
0 0.5075206010367762 0.04005662058772387 0.05501760563380284 0.1625586854460094
0 0.14923922877543036 0.2965364719179273 0.04533450704225351 0.18896713615023467
0 0.49300848493740224 0.30885226482350897 0.07306338028169014 0.18016431924882625
0 0.4128933758802817 0.28069248826291077 0.059419014084507026 0.19014084507042256
0 0.5748630672926448 0.029508998435054775 0.05633802816901397 0.17957746478873238
0 0.5713456083724571 0.5805550121717963 0.061619718309859114 0.16842723004694837
0 0.09599655223004695 0.5570580116501478 0.0660211267605634 0.14377934272300458
0 0.2641263815532081 0.28829660059120155 0.06029929577464791 0.16314553990610328
0 0.4577703198356808 0.8246837506520605 0.0343309859154929 0.16549295774647893
0 0.18885893485915492 0.5523691531907494 0.05545774647887321 0.15023474178403767
0 0.4886049369131455 0.5770376890975483 0.06998239436619724 0.17253521126760568
0 0.5854295041079813 0.32468809772213525 0.06073943661971823 0.1701877934272301
0 0.27820966598200314 0.04825084767866458 0.05853873239436618 0.13908450704225353
0 0.02072757726917058 0.5400636845765954 0.05897887323943663 0.1701877934272301
0 0.09774336120892017 0.03065934185359068 0.04621478873239436 0.15434272300469484
0 0.05284502151799687 0.29299089288819335 0.040492957746478875 0.16255868544600943
0 0.14616343896713616 0.027147996000695535 0.05281690140845073 0.16490610328638494
0 0.004866307218309858 0.27539721352808205 0.03565140845070423 0.17546948356807515
0 0.641316387910798 0.045914840897235264 0.04489436619718311 0.15140845070422534
0 0.027332746478873238 0.04238556338028169 0.06338028169014084 0.1426056338028169
0 0.2575248801838811 0.5852215918970615 0.061179577464788755 0.13791079812206566
0 0.2165792498043818 0.042381759693966264 0.04313380281690146 0.13849765258215962
0 0.42521365170187797 0.050015758129021044 0.054137323943661955 0.1437793427230047
0 0.34818197378716753 0.2900696617979482 0.04401408450704222 0.17664319248826288
0 0.4199350180946792 0.5570770300817249 0.058538732394366216 0.16431924882629098
0 0.3424754254694836 0.6010595983307251 0.06602112676056333 0.13028169014084492
0 0.8662326388888889 0.6679153625456443 0.05105633802816922 0.08098591549295775
0 0.35258674442488264 0.05997869935663363 0.04885563380281689 0.1291079812206573
0 0.8587805042057902 0.3247130933750652 0.09463028169014097 0.19718309859154928
0 0.1967762739632238 0.8023675230394713 0.04797535211267605 0.14847417840375585
0 0.5691403193466353 0.8393431577117023 0.055017605633802764 0.15258215962441316
0 0.3961603824334899 0.8106046774474004 0.04841549295774641 0.17136150234741784
0 0.24959348102503912 0.8428360285167797 0.04841549295774649 0.12206572769953065
0 0.06825239632237873 0.7747951443227264 0.04401408450704226 0.15903755868544603
0 0.3556561155125196 0.8082311771865762 0.0321302816901408 0.14319248826291092
0 0.6250320936032864 0.8540090853764563 0.046214788732394395 0.14671361502347435
0 0.4995959262519562 0.832898082942097 0.05193661971830979 0.16373239436619721
0 0.8332575312989046 0.8809174491392803 0.10211267605633796 0.05281690140845062
0 0.16727736208920188 0.8023512215266909 0.034330985915492954 0.13086854460093902
0 0.11930506651017213 0.801761106764041 0.0387323943661972 0.1273474178403756
0 0.8275350890062597 0.9354932837767345 0.10123239436619716 0.05105633802816901
0 0.30636095217136144 0.811754477482177 0.03301056338028169 0.14553990610328651
0 0.8420579029733959 0.8339647452616936 0.09859154929577474 0.04812206572769955
0 0.725408047241784 0.909094070596418 0.08054577464788729 0.06103286384976511
0 0.889581193759781 0.004901864893062077 0.0814260563380281 0.22359154929577463
0 0.8508081474960877 0.017208963658494173 0.022887323943662035 0.20539906103286384
0 0.7883338223787167 0.7160113458528952 0.05985915492957743 0.05281690140845083
0 0.8015154293818464 0.6526354112328291 0.027288732394366376 0.057511737089201896
0 0.9489671972809076 0.5974825030429491 0.03389084507042257 0.0698356807511738
0 0.9471944077660407 0.6831404320987654 0.016285211267605525 0.045187793427230095
0 0.9775629034624415 0.7124978264649626 0.014524647887323914 0.061032863849765216
0 0.9573329298708921 0.8410097157016171 0.03829225352112676 0.05105633802816901
0 0.9516181289123631 0.9020338854112329 0.04841549295774649 0.04166666666666656
0 0.9480988360719875 0.957781798817597 0.051056338028169064 0.03814553990610323
