0 0.33876216349451305 0.2105357415028197 0.03973765432098766 0.15637860082304525
0 0.7573846343449931 0.22389927221460143 0.07831790123456793 0.14454732510288065
0 0.8437968857167353 0.1925563938424021 0.0675154320987654 0.18312757201646088
0 0.92674388074417 0.18688509754610574 0.06674382716049397 0.16923868312757204
0 0.5725986475480109 0.28809251638469746 0.09760802469135793 0.028806584362139894
0 0.26585487397119345 0.232635078494132 0.053240740740740755 0.13477366255144035
0 0.2014416688100137 0.47848460600518206 0.07600308641975305 0.09670781893004117
0 0.15821303798010977 0.6374723746380125 0.04899691358024689 0.13683127572016454
0 0.4197836291152264 0.2244103414113702 0.04398148148148151 0.1409465020576131
0 0.6181104788237312 0.41990693110806276 0.07908950617283952 0.16615226337448566
0 0.49656019590192046 0.4466254191434233 0.04668209876543206 0.13323045267489708
0 0.15088064771947873 0.4877329103795153 0.04591049382716052 0.08487654320987661
0 0.4340773426783264 0.63594059594574 0.07137345679012341 0.14917695473251028
0 0.4761394568758573 0.11423515851242187 0.08526234567901231 0.040637860082304536
0 0.00040964720507544585 0.22132963725041913 0.03433641975308642 0.147119341563786
0 0.0745054226680384 0.4892761202560586 0.06558641975308643 0.0848765432098765
0 0.4363782257373114 0.446622085048011 0.051311728395061665 0.12962962962962968
0 0.5509701324588477 0.4389250876390794 0.06365740740740738 0.15020576131687244
0 0.677132898233882 0.25319025301021186 0.0713734567901235 0.11213991769547317
0 0.7110698516803841 0.42093287989635725 0.0516975308641977 0.16306584362139914
0 0.9093822337962963 0.42093192729766804 0.06597222222222207 0.16203703703703703
0 0.9610591349451304 0.6893890032007316 0.0362654320987654 0.09567901234567905
0 0.8075311856995885 0.6816796220088401 0.06712962962962968 0.10288065843621397
0 0.8673396776406035 0.6811818891937205 0.08024691358024683 0.12088477366255143
0 0.7701174554183813 0.4209333561957019 0.08024691358024683 0.16358024691358022
0 0.8561289008916323 0.43789151806127113 0.047839506172839524 0.14506172839506173
0 0.2180153677983539 0.693497085048011 0.053240740740740755 0.08796296296296285
0 0.4977363575960219 0.8792271566834324 0.07368827160493825 0.12088477366255143
0 0.22920096021947872 0.898748761621704 0.04938271604938274 0.09310699588477366
0 0.5907179676783264 0.903381725346746 0.07831790123456793 0.09670781893004106
0 0.2986376350308642 0.6837334247828075 0.03819444444444448 0.0987654320987654
0 0.7446263610253772 0.9146776406035665 0.039737654320987775 0.07407407407407407
0 0.1447048611111111 0.9203308375247676 0.041666666666666644 0.06841563786008233
0 0.42983030049725657 0.8905335505258344 0.0667438271604938 0.10956790123456793
0 0.7928538130144034 0.9146881191891479 0.042824074074073966 0.08539094650205757
0 0.8839085540980796 0.9208552431031855 0.05054012345679 0.07921810699588476
0 0.8356754758230452 0.9203413161103491 0.0393518518518519 0.07973251028806581
0 0.6744175454389575 0.9218788103947569 0.05015432098765445 0.07355967078189302
0 0.03822579089506173 0.3482777015698827 0.04513888888888889 0.028806584362139894
0 0.09611116469478738 0.2048877838744094 0.06674382716049385 0.16769547325102882
0 0.16398721493484225 0.3256577693949093 0.03047839506172839 0.043724279835390956
0 0.47498580032578874 0.14716697149824723 0.09066358024691357 0.05144032921810701
0 0.4715167931241427 0.20167847889041304 0.09529320987654326 0.03497942386831278
0 0.03939123585390947 0.306107586495961 0.056712962962962944 0.04063786008230455
0 0.04941593792866941 0.26547115531169035 0.047839506172839504 0.042181069958847725
0 0.20142827289094653 0.33028739902453896 0.05671296296296298 0.0437242798353909
0 0.2288052447702332 0.29838201112635265 0.035108024691358014 0.030349794238683173
0 0.1663028335048011 0.19096555403139767 0.03163580246913581 0.1316872427983539
0 0.4761432077331961 0.24077598689224203 0.09066358024691365 0.038065843621399156
0 0.47730383016117967 0.28656026139308033 0.09529320987654326 0.04063786008230455
0 0.47267741555212617 0.33028311233043744 0.09992283950617285 0.03909465020576132
0 0.5795406807270232 0.32719716887669564 0.09413580246913596 0.03960905349794233
0 0.008531860853909464 0.4908164723365341 0.0636574074074074 0.08179012345679015
0 0.03130117241083676 0.43317520195092213 0.07368827160493828 0.05144032921810704
0 0.2901628407921811 0.48310994894071024 0.05671296296296298 0.09207818930041153
0 0.014349440586419753 0.6194887402834934 0.1076388888888889 0.15895061728395068
0 0.21724242326817556 0.6312233272367018 0.05131172839506175 0.054526748971193334
0 0.5170321073388202 0.651370313214449 0.08179012345679015 0.14660493827160487
0 0.6042360575274348 0.6498156721536351 0.09992283950617285 0.13425925925925936
0 0.0016024198388203017 0.8340006287151348 0.08526234567901234 0.1651234567901235
0 0.1902233903463649 0.9234248780673678 0.032793209876543175 0.07664609053497937
0 0.10496184842249658 0.9141741921963115 0.033950617283950615 0.08590534979423874
0 0.12774000128600824 0.8339248971193416 0.05671296296296294 0.08333333333333333
0 0.18212636102537724 0.8323831161408322 0.03973765432098766 0.08487654320987661
0 0.2932382758916324 0.8416690481633897 0.040895061728395 0.11368312757201651
0 0.4340647505144033 0.8523981672001221 0.0532407407407408 0.03446502057613164
0 0.5861237032750343 0.8570249390336838 0.1292438271604939 0.03137860082304529
0 0.9402306241426612 0.9249657064471879 0.04320987654320984 0.07407407407407407
0 0.9093728566529494 0.8493288942234416 0.05246913580246905 0.05298353909465016
