0 0.02825948748043819 0.24184761345852895 0.1302816901408451 0.0686619718309859
0 0.21928122554773083 0.13793470700747695 0.13116197183098588 0.025821596244131464
0 0.2065143901604069 0.17609002782124847 0.12720070422535212 0.03638497652582163
0 0.20166795041079813 0.22363012954268824 0.12015845070422537 0.041666666666666644
0 0.21179302376760564 0.26999054512258736 0.12279929577464786 0.040492957746478875
0 0.3997301080790297 0.22831355416449312 0.11839788732394373 0.02934272300469487
0 0.42830930897887326 0.26764747435228653 0.07526408450704222 0.04518779342723005
0 0.29978940483176836 0.07691053729786125 0.07702464788732395 0.03521126760563379
0 0.5485218603286385 0.08689032342201357 0.15316901408450703 0.03873239436619717
0 0.5445581474960876 0.13090440792905583 0.1496478873239437 0.03873239436619719
0 0.5199215693466352 0.17961115458181187 0.16593309859154926 0.0363849765258216
0 0.5291605535993741 0.2224537037037037 0.16021126760563387 0.03873239436619721
0 0.5326868764671362 0.26999054512258736 0.16769366197183094 0.040492957746478875
0 0.7254502274061033 0.1062885802469136 0.14128521126760568 0.0733568075117371
0 0.7113767238849765 0.1943178360285168 0.15713028169014082 0.07453051643192486
0 0.7144592380672926 0.27761693618501126 0.15933098591549297 0.037558685446009474
0 0.8865194640062597 0.05009183185532951 0.10915492957746488 0.22593896713615022
0 0.8922394610719876 0.37052143105546864 0.1065140845070423 0.2335680751173709
0 0.9634893999413146 0.7055990262563033 0.030369718309859194 0.21596244131455397
0 0.8490980169209703 0.6991034167970788 0.0955105633802816 0.17253521126760568
0 0.00181924882629108 0.06579236219787864 0.08450704225352113 0.06983568075117372
0 0.09643271958137715 0.09392822987306554 0.06029929577464791 0.034037558685446015
0 0.09995384634194053 0.13910243870631198 0.06029929577464791 0.01936619718309858
0 0.10257818613067292 0.16727253955833768 0.036531690140845084 0.020539906103286373
0 0.0061729753521126765 0.14918764127977743 0.01584507042253521 0.13673708920187796
0 0.011956853971048514 0.36049274039297513 0.105193661971831 0.1772300469483568
0 0.24037222466744915 0.3580344722656929 0.07966549295774648 0.057511737089201896
0 0.21442072574334897 0.41318520692053556 0.10387323943661973 0.04284037558685446
0 0.22189333920187795 0.465453834115806 0.08978873239436615 0.08450704225352113
0 0.3403300445031299 0.3803186402364806 0.14568661971830987 0.039906103286385004
0 0.3429721121870109 0.4301958355068684 0.14744718309859156 0.03403755868544599
0 0.3354924687010955 0.4665900495565989 0.1514084507042253 0.0440140845070422
0 0.3302162803208138 0.5070840940705964 0.15933098591549297 0.04518779342722999
0 0.5375244522691704 0.42784841766649273 0.16197183098591547 0.03403755868544604
0 0.5164047217331768 0.4789074726134585 0.17209507042253527 0.0369718309859155
0 0.5146447696596245 0.5282037906451051 0.172975352112676 0.03755868544600936
0 0.6849719410211268 0.3638986697965571 0.16241197183098588 0.052816901408450724
0 0.7144580154538341 0.42785439488784555 0.1575704225352112 0.040492957746478875
0 0.7060928941705791 0.4765573378542862 0.1540492957746479 0.03403755868544594
0 0.7043399721244131 0.5194058641975309 0.16505281690140844 0.0428403755868543
0 0.34297150088028167 0.6355862023995826 0.14656690140845074 0.0246478873239437
0 0.35133815043035993 0.6708257259607024 0.1522887323943662 0.05516431924882631
0 0.34034288194444445 0.7271556033733263 0.16417253521126765 0.046361502347417836
0 0.3420939700704225 0.7811462137019648 0.15052816901408453 0.04636150234741794
0 0.5045089984350548 0.6479166666666667 0.15492957746478872 0.03169014084507035
0 0.526526738556338 0.7054251434533124 0.1703345070422535 0.028169014084507026
0 0.5155174100156493 0.7441586245870283 0.16197183098591555 0.02934272300469487
0 0.5062830105633803 0.7823335072161363 0.17429577464788737 0.06103286384976533
0 0.6928758313771519 0.7441722091810119 0.13556338028169013 0.04401408450704225
0 0.6906732932316119 0.7922872109198401 0.1329225352112677 0.03638497652582152
0 0.7042953467331768 0.637994479221005 0.10079225352112683 0.0903755868544601
0 0.38874431484741784 0.9108475699878282 0.14392605633802819 0.05340375586854449
0 0.36146689162754303 0.9683392018779342 0.16021126760563387 0.03169014084507046
0 0.5977513081964007 0.9067651278038602 0.05765845070422534 0.08098591549295775
0 0.6686662509780908 0.9243272909059295 0.1329225352112674 0.03403755868544594
0 0.6840653731416275 0.9671540818988001 0.12455985915492959 0.019366197183098552
0 0.07046654929577466 0.7324372935141715 0.06338028169014083 0.046361502347417836
