0 0.008033487382629108 0.7014263823682837 0.1597711267605634 0.14612676056338028
0 0.011988336267605633 0.5312451095461658 0.1505281690140845 0.15316901408450714
0 0.16163194444444445 0.16912004434011477 0.14436619718309862 0.11443661971830986
0 0.3446608470266041 0.20910765519040167 0.04401408450704222 0.2024647887323944
0 0.4604891065140846 0.565852677795166 0.14656690140845058 0.13497652582159622
0 0.4626855315923317 0.7348477438706311 0.1404049295774648 0.11443661971830982
0 0.23205937010954616 0.5646800556424969 0.1514084507042253 0.13615023474178395
0 0.16602723982785603 0.2959072335246044 0.13556338028169013 0.1431924882629108
0 0.8600850327660408 0.7160711180664232 0.07174295774647876 0.11737089201877937
0 0.6844960387323943 0.7025712919492263 0.11091549295774648 0.11502347417840368
0 0.24964544209702658 0.7248799121891846 0.12323943661971835 0.12382629107981205
0 0.7804103702073552 0.309955877238741 0.058538732394366216 0.10446009389671365
0 0.6219569151017215 0.7002564771344114 0.05457746478873236 0.15023474178403767
0 0.8974786653951486 0.21192564336637104 0.04533450704225367 0.0768779342723005
0 0.020765478286384975 0.32053610241697095 0.113556338028169 0.12265258215962437
0 0.9586643559272301 0.7207713875847679 0.05413732394366204 0.1232394366197184
0 0.0027389598004694832 0.16209463571552774 0.14128521126760563 0.13262910798122063
0 0.8464183538732395 0.20840777690836376 0.03961267605633812 0.08039906103286387
0 0.8482204861111111 0.32874282733437665 0.09947183098591555 0.11267605633802814
0 0.8477714813184664 0.5611524082768213 0.08670774647887325 0.1291079812206573
0 0.9577807120500781 0.29941097200486866 0.04929577464788745 0.12441314553990614
0 0.9520601036776215 0.5670003042949052 0.051056338028168904 0.10680751173708919
0 0.9555769512910798 0.2107595418188141 0.04489436619718327 0.085093896713615
0 0.7918433343114242 0.21251630151278042 0.043133802816901344 0.08098591549295775
0 0.2531726819248826 0.9437163102069205 0.13204225352112672 0.05868544600938964
0 0.6277392654538341 0.930812032689967 0.14172535211267617 0.06572769953051628
0 0.17124871625586854 0.7090451660580768 0.04885563380281691 0.1349765258215963
0 0.39220859008215964 0.730140410363415 0.0620598591549296 0.10093896713615028
0 0.7963171826095461 0.9290525560772039 0.14744718309859164 0.06690140845070423
0 0.41338822867762126 0.9513388975830291 0.13820422535211263 0.05164319248826288
0 0.4023449726134586 0.2026685576421492 0.0809859154929577 0.22007042253521125
0 0.5035559712441314 0.30821813597635195 0.050176056338028095 0.1291079812206573
0 0.5622056558098592 0.15563543296817947 0.20994718309859148 0.12852112676056335
0 0.5613253741197183 0.30176328029907845 0.20994718309859156 0.12969483568075113
0 0.8024002958724569 0.7125570552947313 0.03389084507042257 0.125
0 0.10525998875195618 0.9325671622326551 0.09551056338028169 0.05985915492957737
