0 0.27427743544600935 0.18912363067292645 0.10035211267605636 0.16901408450704222
0 0.45295658499608765 0.46377097461311073 0.07438380281690142 0.16842723004694837
0 0.4745421312597809 0.1469195574682664 0.10123239436619716 0.22241784037558684
0 0.24389457404147105 0.44207148756737963 0.08142605633802817 0.18368544600938963
0 0.5541657497065728 0.44618816292818636 0.04093309859154925 0.19307511737089203
0 0.6294319737871674 0.4684750478177708 0.04401408450704222 0.1784037558685446
0 0.2966928305946792 0.7002907103112501 0.0545774647887324 0.18720657276995317
0 0.1439596782081377 0.686773495913754 0.048415492957746505 0.1660798122065728
0 0.5744174246870108 0.7296095244305338 0.04841549295774657 0.16138497652582162
0 0.6888534330985916 0.7278717831681446 0.047535211267605605 0.18603286384976522
0 0.5990567537167449 0.44560619892192666 0.036091549295774586 0.19835680751173718
0 0.6281194982394366 0.7372467831681446 0.05545774647887324 0.1701877934272301
0 0.36271181778169015 0.7032401973569814 0.051496478873239465 0.20363849765258205
0 0.2451893216940532 0.6967625195618153 0.044454225352112665 0.17957746478873232
0 0.20205429626369328 0.6885449269692229 0.04269366197183098 0.1778169014084506
0 0.18224704127543034 0.47725721613632416 0.04137323943661973 0.15610328638497648
0 0.1844709751564945 0.199099069727004 0.07482394366197186 0.16784037558685447
0 0.07221641480829422 0.45672165710311247 0.047975352112676055 0.16079812206572774
0 0.10832049589201878 0.2096548426360633 0.06602112676056338 0.1596244131455399
0 0.07882341793818468 0.6885438402017041 0.0550176056338028 0.17664319248826288
0 0.579275173611111 0.14281048948009042 0.07174295774647885 0.22124413145539903
0 0.3411647838419405 0.47314706138062945 0.08010563380281698 0.15375586854460094
0 0.37550524501173704 0.19498293774995654 0.09375 0.15903755868544597
0 0.6809244791666667 0.47433435489480097 0.03829225352112676 0.1684272300469483
0 0.13690794943270734 0.4584767866458007 0.034771126760563376 0.15492957746478875
0 0.6576281910211268 0.13342299165362545 0.08318661971830979 0.22359154929577463
0 0.032172767507824725 0.2032054207963832 0.061179577464788734 0.1660798122065728
0 0.8957394977503913 0.5669704181881412 0.07614436619718311 0.07453051643192486
0 0.4225691387910798 0.7126048730655539 0.04885563380281697 0.17664319248826288
0 0.4912353897691706 0.7055669666145018 0.05501760563380284 0.18133802816901404
0 0.9186304895344288 0.20792796904886107 0.0814260563380281 0.1960093896713615
0 0.9085017483372457 0.48421796209354895 0.07350352112676053 0.06807511737089197
0 0.9177489852308294 0.7014812641279777 0.07966549295774648 0.20539906103286376
0 0.8820633436032864 0.7067662145713789 0.030369718309859194 0.2089201877934273
0 0.0004810983959311424 0.4562326117197009 0.058978873239436624 0.2664319248826291
0 0.00045511785993740227 0.1815037602156147 0.021566901408450703 0.17899061032863847
