0 0.5887940457818931 0.6940267299192197 0.0856481481481481 0.10442386831275725
0 0.3854828425068587 0.322104576284103 0.09529320987654326 0.09516460905349794
0 0.37430046510631004 0.5195868579484835 0.1037808641975308 0.042695473251028675
0 0.4915798611111111 0.3051283150434385 0.09722222222222222 0.09413580246913582
0 0.040945966220850484 0.5771985977747295 0.07330246913580246 0.04115226337448561
0 0.20218648191015093 0.3066700960219479 0.03742283950617282 0.09259259259259264
0 0.4556793338477366 0.05054583904892547 0.06712962962962968 0.14506172839506173
0 0.27510100522976677 0.07468850022862368 0.034336419753086427 0.10802469135802469
0 0.2851699138374486 0.6785446197226033 0.08912037037037036 0.05041152263374497
0 0.8360580632716049 0.5113930803231215 0.034722222222222224 0.08230452674897132
0 0.8719363533093277 0.5129391479957324 0.032793209876543335 0.08539094650205757
0 0.7886102537722907 0.5041961972260326 0.04320987654321 0.08744855967078191
0 0.03557848936899862 0.16414132754153327 0.1219135802469136 0.0504115226337449
0 0.3773681305727023 0.04437490474013108 0.07677469135802469 0.147119341563786
0 0.4892548653978052 0.6800940214906265 0.08256172839506175 0.05709876543209873
0 0.3762179569615912 0.723288180155464 0.08719135802469134 0.04012345679012349
0 0.22533463005829904 0.08034693644261545 0.03742283950617282 0.10802469135802471
0 0.6265930426954733 0.5072830932784637 0.07175925925925929 0.08796296296296297
0 0.33489904835390943 0.31902577732053045 0.03240740740740742 0.10339506172839508
0 0.2666404106652949 0.5391508535284255 0.07330246913580246 0.06069958847736624
0 0.06567376114540466 0.3061914151806127 0.12577160493827158 0.13117283950617287
0 0.1412773812585734 0.5355562223746381 0.10609567901234568 0.06738683127572011
0 0.5328497406550069 0.05517499237921048 0.08140432098765421 0.14454732510288068
0 0.7296245391803841 0.062374733272367026 0.1037808641975308 0.14248971193415638
0 0.6952591842421125 0.6950579180003048 0.06211419753086405 0.10699588477366254
0 0.7160906421467763 0.5206461476909008 0.05941358024691349 0.07561728395061725
0 0.9166891718106995 0.5180703208352385 0.03240740740740746 0.07150205761316868
0 0.9544964741941014 0.5237225651577503 0.030478395061728412 0.06481481481481481
0 0.6983646262002744 0.3041023662551441 0.08950617283950603 0.09722222222222217
0 0.4823098851165981 0.7454194292028654 0.08179012345679015 0.05298353909465026
0 0.365032096622085 0.6718549954275262 0.09066358024691357 0.04783950617283957
0 0.15979509602194786 0.6898529187623837 0.10493827160493831 0.04115226337448561
0 0.8858635545267491 0.6862735291876237 0.08796296296296285 0.06430041152263376
0 0.7959622020747599 0.6734091601889957 0.07445987654320985 0.05967078189300413
0 0.17286576217421126 0.12970107453132146 0.03780864197530863 0.0771604938271605
0 0.31599847822359395 0.1338072511812224 0.03780864197530865 0.06738683127572014
0 0.6204212748628257 0.06134211629324799 0.07330246913580254 0.13837448559670784
0 0.8719958311899862 0.10914780521262003 0.11844135802469143 0.10185185185185186
0 0.8947303133573388 0.29640298734948944 0.07831790123456793 0.11522633744855969
0 0.8013620970507545 0.3041076055479348 0.0725308641975308 0.10288065843621397
0 0.5949722436556928 0.3231257620789514 0.09336419753086413 0.08693415637860084
0 0.2461658200445816 0.32208933470507545 0.03433641975308639 0.07870370370370376
0 0.5266822595164609 0.5036789361377839 0.08912037037037039 0.08436213991769534
0 0.006624281978737998 0.6945058870598994 0.09452160493827161 0.0663580246913581
