0 0.5071208064358372 0.516114588767171 0.11311619718309858 0.2910798122065728
0 0.6479466206964007 0.5688586767518692 0.08538732394366204 0.21244131455399062
0 0.9001216500391236 0.4062902103981916 0.04841549295774664 0.20187793427230055
0 0.8398281616784037 0.4016062423926274 0.05677816901408445 0.21361502347417843
0 0.3521539392605633 0.29882194400973744 0.05941901408450707 0.12206572769953049
0 0.49961885025430364 0.11457300904190576 0.08494718309859156 0.14730046948356806
0 0.4212615536971831 0.27888302034428797 0.06734154929577459 0.1373239436619718
0 0.5902838908450704 0.122761802295253 0.079225352112676 0.11795774647887325
0 0.23597265013693272 0.13333387671709268 0.08230633802816902 0.1273474178403756
0 0.7852473347026604 0.7295856155451226 0.051936619718309866 0.13556338028169018
0 0.13430042057902974 0.13275897669970438 0.08274647887323944 0.14025821596244134
0 0.4956545261150235 0.27828584159276654 0.08054577464788737 0.12617370892018773
0 0.17433612089201875 0.5067205703355938 0.058098591549295794 0.2863849765258216
0 0.22320581474960877 0.2964718092505651 0.0783450704225352 0.11913145539906103
0 0.38383735573161193 0.48209441836202394 0.04973591549295778 0.3098591549295775
0 0.9538197500978091 0.7207822552599548 0.049735915492957854 0.13497652582159622
0 0.13473475401017213 0.29413254216657975 0.07438380281690142 0.1279342723004695
0 0.790528719190141 0.1814439880020866 0.051496478873239306 0.11443661971830982
0 0.8622744278169013 0.11813054251434532 0.05545774647887324 0.18661971830985916
0 0.5977656739045383 0.2900082594331421 0.0783450704225352 0.11032863849765256
0 0.022931032374804382 0.26364382281342374 0.06294014084507042 0.1578638497652582
0 0.6857822280907667 0.2677246348461137 0.0616197183098592 0.12852112676056343
0 0.8996784526604069 0.7260514475743349 0.044014084507042306 0.12147887323943657
0 0.43753698405712055 0.5043688054251435 0.05325704225352115 0.28169014084507044
0 0.3195774036580595 0.4908782168318553 0.05061619718309858 0.28931924882629106
0 0.2368382604655712 0.5125907450878109 0.06117957746478871 0.28814553990610325
0 0.033051215277777775 0.4885519909580942 0.0585387323943662 0.31220657276995306
0 0.9120057585093897 0.07942314380107808 0.04885563380281689 0.2136150234741784
0 0.8446602357198748 0.7331203268996697 0.0431338028169015 0.15023474178403745
0 0.9494119229264475 0.405700639019301 0.04049295774647892 0.198943661971831
0 0.785241832942097 0.5235757911667536 0.044014084507042146 0.10974178403755865
0 0.785245195129108 0.4138334637454356 0.04885563380281689 0.10915492957746477
0 0.9700960974178403 0.09171665797252652 0.03697183098591555 0.1807511737089202
0 0.6989855364827856 0.8874141453660234 0.06029929577464791 0.09741784037558664
0 0.6461591598200312 0.8844994348808903 0.04665492957746488 0.11854460093896722
0 0.2922990634780908 0.8739300773778473 0.06558098591549294 0.11208920187793422
0 0.42873508411580596 0.8927034428794991 0.05457746478873236 0.10563380281690134
0 0.20778315727699528 0.8774544644409668 0.05281690140845071 0.11561032863849777
0 0.8882635221048514 0.8956284776560598 0.08538732394366187 0.09565727699530513
0 0.10919191363458529 0.8698307902973396 0.05325704225352113 0.12147887323943668
0 0.5801450630868545 0.9144051034602677 0.05677816901408445 0.09272300469483558
0 0.16640288781298904 0.8727634324465311 0.042693661971831 0.11971830985915485
0 0.03392538390062598 0.8692417623022083 0.049735915492957736 0.1191314553990612
0 0.7782276995305164 0.9061788167275255 0.08450704225352107 0.08157276995305161
0 0.4894784942292644 0.9161450182576943 0.06029929577464791 0.07042253521126757
0 0.38032387030516435 0.8680669666145018 0.06073943661971831 0.11795774647887325
0 0.11711139231220657 0.5043785863328117 0.04885563380281689 0.29225352112676056
