0 0.4977368934327846 0.4235410951074531 0.07445987654320992 0.20216049382716053
0 0.6632496356310014 0.4168567101051669 0.0794753086419754 0.20524691358024688
0 0.5795286243998627 0.41686147309861304 0.07677469135802475 0.21039094650205767
0 0.4124745477537723 0.4168567101051669 0.07445987654320985 0.20524691358024688
0 0.05261086462620027 0.008446216278006402 0.20408950617283952 0.23302469135802467
0 0.0005452139060356652 0.35768937661941774 0.22955246913580246 0.19341563786008234
0 0.23039534036351167 0.3284126848041457 0.10262345679012345 0.24125514403292186
0 0.749670728309328 0.4184018251790886 0.08140432098765413 0.20730452674897115
0 0.8403353802297668 0.4199455113549763 0.08294753086419746 0.20781893004115223
0 0.3696528849451303 0.7260021338210639 0.07793209876543214 0.19341563786008234
0 0.6987415873628258 0.7373132906569121 0.0767746913580246 0.18724279835390953
0 0.6219639489026063 0.7311475956409085 0.07253086419753087 0.1949588477366255
0 0.4637787744341564 0.7295891441853375 0.06365740740740738 0.1784979423868313
0 0.5428693522805212 0.7260149939033684 0.06520061728395071 0.2073045267489712
0 0.00048118141289437593 0.632885611949398 0.1373456790123457 0.18312757201646096
0 0.7897858796296295 0.7491402796829751 0.06944444444444445 0.1826131687242798
0 0.8677201217421125 0.7444982662703856 0.0725308641975308 0.16923868312757195
