0 0.3415254736796982 0.7418957666514252 0.13001543209876548 0.1363168724279835
0 0.49582824288408783 0.651370313214449 0.10378086419753087 0.14660493827160487
0 0.9232780885631001 0.6617355395518976 0.07600308641975317 0.2299382716049383
0 0.22307500643004113 0.7418852880658438 0.11689814814814814 0.125
0 0.2693520126028806 0.3072192691662856 0.08912037037037039 0.13014403292181073
0 0.6247079689643348 0.2275315310166133 0.13503086419753088 0.1784979423868313
0 0.33380835262345676 0.6317972679469593 0.1284722222222222 0.1188271604938272
0 0.498925379372428 0.22903949474165525 0.11921296296296294 0.1404320987654321
0 0.12893572102194786 0.32576255525072395 0.1118827160493827 0.1568930041152263
0 0.4850453317901235 0.3741436137783874 0.13194444444444445 0.18621399176954737
0 0.6169887045610426 0.40910065157750336 0.1304012345679012 0.16203703703703703
0 0.0004750192901234568 0.3016022709952751 0.1284722222222222 0.17489711934156382
0 0.36158425497256513 0.3468954808718183 0.12577160493827166 0.20267489711934158
0 0.3843278463648833 0.22488806965401614 0.09876543209876548 0.10133744855967079
0 0.2547006280006859 0.22280616521871666 0.10223765432098766 0.07510288065843619
0 0.06296966092249658 0.6040180612711478 0.1207561728395062 0.11728395061728392
0 0.05445816186556927 0.23821444901691816 0.08641975308641975 0.0493827160493827
0 0.09692563657407409 0.01659474546563024 0.1284722222222222 0.14454732510288065
0 0.18220111025377228 0.6225284827008079 0.14737654320987656 0.10853909465020571
0 0.2265622320816187 0.003739426154549611 0.13850308641975306 0.14969135802469136
0 0.7566403570816186 0.406003276939491 0.11766975308641985 0.15020576131687238
0 0.7689908586248285 0.22598975003810398 0.12461419753086413 0.1800411522633745
0 0.8234112439986283 0.0052993065081542445 0.15663580246913572 0.16769547325102882
0 0.672550422239369 0.005288351623228166 0.13927469135802467 0.1558641975308642
0 0.6123821159122085 0.6920372275567748 0.16358024691358025 0.17798353909465026
0 0.09808384773662551 0.723899748513946 0.12962962962962962 0.1450617283950617
0 0.79174704218107 0.6267523052888279 0.1157407407407408 0.22582304526748984
0 0.0008353695130315502 0.003753238835543362 0.09182098765432098 0.1646090534979424
0 0.3681533457647462 0.006824417009602195 0.14081790123456786 0.14814814814814814
0 0.5247907557441701 0.009401196463953666 0.14313271604938269 0.15329218106995887
0 0.17442906592935528 0.26239473784484074 0.06674382716049383 0.052983539094650214
0 0.8835685656721536 0.3274072168876696 0.11651234567901238 0.2664609053497943
0 0.917495606138546 0.23516803840877915 0.08256172839506175 0.09259259259259256
0 0.6135322895233196 0.6178583676268861 0.15316358024691357 0.06481481481481481
0 0.0008101851851851853 0.23051697530864199 0.05555555555555555 0.06944444444444442
