0 0.19105474863067293 0.475480351243262 0.04841549295774645 0.13849765258215974
0 0.21615744816118937 0.030676186750130414 0.06954225352112679 0.1725352112676056
0 0.5475657766040688 0.4485067814293166 0.044014084507042306 0.16197183098591555
0 0.692371197672144 0.6937820596418014 0.04269366197183102 0.12969483568075127
0 0.2517905174100156 0.4573009041905755 0.04313380281690142 0.1525821596244131
0 0.5365653120109547 0.6955616414536603 0.04841549295774633 0.15023474178403745
0 0.6245922584115806 0.44557685619892196 0.046654929577464796 0.1666666666666666
0 0.49609894610719873 0.2131716223265519 0.08670774647887317 0.15492957746478875
0 0.42476923170970265 0.4531864023648061 0.047975352112676006 0.14553990610328635
0 0.7033820544796558 0.43854384020170406 0.05325704225352108 0.17664319248826293
0 0.8239754499217528 0.6885183011650149 0.04577464788732392 0.14906103286384972
0 0.4877087612480438 0.708461571900539 0.047095070422535204 0.13849765258215965
0 0.753110939945227 0.6943743479394887 0.043133802816901344 0.1355633802816903
0 0.17963676154147107 0.23310782907320468 0.08538732394366196 0.13673708920187796
0 0.2826318588615023 0.2231323900191271 0.08846830985915498 0.13791079812206575
0 0.6347170261150235 0.6943824986958789 0.04885563380281697 0.14436619718309865
0 0.40674057365023475 0.22723222048339423 0.07262323943661973 0.12910798122065728
0 0.7601586952269171 0.44733144235785083 0.051056338028169064 0.16021126760563384
0 0.306367982198748 0.6867490436445834 0.04313380281690146 0.1396713615023475
0 0.4868284795579029 0.4567058989740914 0.047095070422535204 0.1437793427230048
0 0.03920860230829422 0.5518453312467396 0.05193661971830986 0.21830985915492965
0 0.36139017263302037 0.6920269300991132 0.04973591549295778 0.13556338028169018
0 0.3591870231807512 0.4590484263606329 0.04621478873239432 0.1384976525821596
0 0.23199793378325506 0.6873538297687358 0.06294014084507044 0.15903755868544603
0 0.6294637617370893 0.1914482263954095 0.08978873239436615 0.14436619718309857
0 0.15363910895931143 0.46667753434185355 0.04313380281690142 0.1384976525821596
0 0.06963883998435055 0.034192966440619026 0.1390845070422535 0.16784037558685447
0 0.2967123924100156 0.04590505998956704 0.08274647887323947 0.14084507042253522
0 0.077962086756651 0.2266573204660059 0.08230633802816904 0.142018779342723
0 0.00046887226134585295 0.5471787515214744 0.04137323943661972 0.24882629107981227
0 0.11006149745696402 0.468426686663189 0.037852112676056336 0.12617370892018784
0 0.3028502176251956 0.4684321205007825 0.04797535211267608 0.13204225352112686
0 0.6681820960485132 0.04588658494174926 0.06954225352112675 0.12089201877934272
0 0.44721060739436624 0.6931756433663709 0.03961267605633796 0.1085680751173709
0 0.8160736991392802 0.21727090940705965 0.07570422535211255 0.14553990610328643
0 0.7531161360524256 0.20847787341331944 0.0506161971830985 0.15610328638497653
0 0.7896377396322378 0.6920301904016694 0.036091549295774746 0.1390845070422535
0 0.7980358714788731 0.9290552729960007 0.08714788732394381 0.0698356807511738
0 0.19413512323943663 0.9091109154929577 0.047535211267605605 0.07922535211267613
0 0.25178776652973395 0.9179148191618849 0.03917253521126764 0.08039906103286366
0 0.359185494913928 0.9126314988697618 0.04401408450704222 0.07863849765258216
0 0.4789019708528951 0.924359350547731 0.04137323943661973 0.06866197183098595
0 0.2980098909428795 0.9226091114588767 0.04973591549295778 0.0798122065727699
0 0.5871802865805946 0.7172562380455574 0.04665492957746488 0.12969483568075116
0 0.14131638791079812 0.9214359459224483 0.04489436619718309 0.08039906103286398
0 0.5982241539514868 0.9331529299252304 0.10475352112676045 0.05868544600938964
0 0.5378820667057903 0.9272957963832377 0.04313380281690142 0.07100938967136143
0 0.05989308245305163 0.7043122935141714 0.0488556338028169 0.09389671361502352
0 0.4265249046361502 0.9261215440792906 0.04093309859154925 0.07042253521126757
0 0.1342793304968701 0.7225096722309163 0.05237676056338029 0.09917840375586856
0 0.4041180677816901 0.028914536602330027 0.09903169014084506 0.17136150234741784
