0 0.662499196244856 0.1096588744093888 0.10995370370370365 0.09825102880658435
0 0.2619965813614541 0.017649272214601434 0.05285493827160492 0.17232510288065844
0 0.7080078124999999 0.7001990931260479 0.08680555555555555 0.10390946502057619
0 0.36964993784293554 0.6600889727175736 0.07368827160493834 0.11831275720164613
0 0.5568104852537723 0.3525391518061271 0.14043209876543214 0.18672839506172836
0 0.4464224858539095 0.6498009068739522 0.07060185185185175 0.11831275720164613
0 0.09609776877572014 0.6652110958695321 0.04745370370370371 0.09465020576131693
0 0.31989936985596706 0.40855147843316564 0.09953703703703706 0.12448559670781895
0 0.20683245456104252 0.5134268785246151 0.060956790123456825 0.056584362139917674
0 0.1543670696159122 0.6718797629934461 0.06635802469135804 0.07458847736625514
0 0.41675293638545957 0.3509887974394147 0.12422839506172842 0.17901234567901234
0 0.6578695666152263 0.019623532998018594 0.10995370370370373 0.0823045267489712
0 0.817949995713306 0.4203775148605396 0.07021604938271603 0.11882716049382709
0 0.12272590877914953 0.48720136031092814 0.058641975308641944 0.06635802469135799
0 0.051007641032235936 0.29791571406797746 0.11766975308641976 0.08230452674897122
0 0.3248756858710562 0.029983043743331807 0.04320987654320988 0.15946502057613168
0 0.3742792995541838 0.08549144566377077 0.07330246913580246 0.10853909465020574
0 0.697604809670782 0.26601604176192656 0.10648148148148151 0.07510288065843625
0 0.21147226508916325 0.45684013488797437 0.07561728395061726 0.05401234567901243
0 0.5590757351680384 0.02219316796220088 0.06905864197530866 0.07973251028806584
0 0.8121659057784637 0.6209743179393384 0.07445987654320985 0.09670781893004117
0 0.7798110103737997 0.03352194787379973 0.15007716049382713 0.09259259259259259
0 0.9043686771262003 0.42757963725041914 0.06867283950617285 0.1193415637860082
0 0.702621581361454 0.36281626276482243 0.10841049382716056 0.17489711934156377
0 0.9093862525720167 0.3457499809480262 0.0717592592592592 0.07664609053497948
0 0.8283757716049382 0.34214296601127875 0.08333333333333333 0.06995884773662556
0 0.9452524862825789 0.026836610272824264 0.05246913580246921 0.09465020576131687
0 0.7844422475137175 0.12713906035665293 0.1523919753086419 0.08796296296296299
0 0.6080828296467764 0.6996837372351775 0.08371913580246913 0.10288065843621397
0 0.29287337105624145 0.6451541304679164 0.07098765432098766 0.09979423868312762
0 0.24810019075788753 0.8637636221612559 0.04205246913580246 0.08693415637860084
0 0.33998574674211246 0.8647971917390642 0.1350308641975309 0.09207818930041142
0 0.2322986325445816 0.6579951607986587 0.06558641975308639 0.07921810699588476
0 0.028976176697530862 0.686807460752934 0.059027777777777776 0.08539094650205757
0 0.47887034893689984 0.8684042066758116 0.12885802469135793 0.0987654320987655
0 0.29478282536008227 0.8596564929126659 0.042824074074074084 0.09567901234567905
0 0.1940953467935528 0.8591411370217955 0.05285493827160492 0.09465020576131683
0 0.6096501521776406 0.8699364616674288 0.11844135802469143 0.08693415637860075
0 0.00044903120713305904 0.9383201874714219 0.0910493827160494 0.05246913580246921
0 0.8160223229595336 0.715104404816339 0.07214506172839508 0.09053497942386836
0 0.7277081189986283 0.8663361149215059 0.12191358024691365 0.08744855967078191
0 0.06177501286008231 0.13379105700350558 0.06712962962962962 0.04989711934156378
0 0.15591483410493825 0.13379105700350558 0.07291666666666669 0.04989711934156378
0 0.17326683599108367 0.3482805593659503 0.059799382716049385 0.031893004115226296
0 0.4807522076474623 0.12146347736625517 0.06095679012345675 0.06944444444444445
0 0.5610143925754458 0.10810709114464258 0.08294753086419754 0.0889917695473251
0 0.4591512881515775 0.026315538789818627 0.06674382716049389 0.0874485596707819
0 0.9491094393004116 0.1322854747751867 0.050925925925925875 0.0905349794238683
0 0.3229686428326475 0.315380658436214 0.07484567901234572 0.05555555555555561
0 0.538650977366255 0.27114959609815575 0.1018518518518519 0.06378600823045265
0 0.5224333419067216 0.6194268213686939 0.08179012345679008 0.09207818930041153
0 0.5224295910493828 0.7192182022557536 0.07638888888888881 0.08899176954732518
0 0.7006866748113855 0.602433889650968 0.09992283950617285 0.07304526748971185
0 0.9298155649862826 0.6631430041152263 0.0455246913580246 0.08333333333333333
0 0.11424950703017832 0.8580989940557843 0.07484567901234569 0.08024691358024677
0 0.009711237568587104 0.8915028196921202 0.09529320987654322 0.04526748971193418
0 0.013182656035665295 0.8539413770766652 0.09413580246913582 0.03446502057613164
0 0.8484441979595336 0.867333009449779 0.09297839506172825 0.05298353909465026
0 0.04017864797668038 0.48617398262459993 0.07947530864197531 0.06790123456790127
0 0.32181043167009604 0.24077741579027587 0.0736882716049383 0.03960905349794238
0 0.3114018025548697 0.28655311690291113 0.08526234567901231 0.032921810699588466
0 0.06061439043209876 0.003711324493217497 0.06250000000000001 0.11934156378600823
0 0.015458890603566528 0.006802030940405427 0.038580246913580245 0.12397119341563784
0 0.002737857938957476 0.13687461896052433 0.053626543209876545 0.04681069958847738
0 0.37620081018518514 0.01086867474470355 0.0625 0.07150205761316872
0 0.8869920267489712 0.6739716697149823 0.04629629629629635 0.11162551440329227
0 0.2921060528120713 0.592122961438805 0.07716049382716048 0.04835390946502053
