0 0.0005015771713615025 0.4116316727525648 0.08846830985915494 0.2664319248826291
0 0.6990020417644758 0.0824074074074074 0.08406690140845074 0.2676056338028169
0 0.3416110377543036 0.05366512345679013 0.08890845070422537 0.2822769953051643
0 0.24830301251956183 0.0595336680577291 0.09154929577464786 0.2822769953051643
0 0.3085775503716745 0.39693042514345334 0.055897887323943685 0.23415492957746484
0 0.11097265013693271 0.39461778386367585 0.08230633802816902 0.27171361502347424
0 0.20428403755868543 0.40574139280125193 0.08450704225352115 0.24295774647887325
0 0.5277878643388106 0.07066977482177013 0.08494718309859148 0.267018779342723
0 0.44107461609937404 0.07008183359415752 0.077024647887324 0.26584507042253525
0 0.797589006259781 0.0847477612589115 0.07746478873239432 0.25997652582159625
0 0.45824194297730825 0.3957800817249174 0.07966549295774648 0.2593896713615023
0 0.3781335582942097 0.4057316118935837 0.07570422535211263 0.23239436619718315
0 0.7447779122652581 0.4156918362023996 0.08582746478873243 0.21478873239436627
0 0.15982308783255086 0.054248717614327945 0.07482394366197183 0.27875586854460094
0 0.6193212661384977 0.07125065206051122 0.0620598591549296 0.2605633802816901
0 0.8838560005868545 0.084754825247783 0.07658450704225352 0.2676056338028169
0 0.06034758900625978 0.14511443661971832 0.06954225352112678 0.1742957746478873
0 0.010159306533646323 0.1474607676925752 0.05193661971830986 0.17312206572769956
0 0.8821098029147104 0.43451247609111454 0.09727112676056338 0.2593896713615023
0 0.7412411971830986 0.7648370935489479 0.06338028169014097 0.17899061032863847
0 0.9511773767605634 0.10234578768909755 0.04753521126760568 0.2517605633802817
0 0.16466616539514867 0.7642953399408798 0.07702464788732394 0.22769953051643188
0 0.3490702024647887 0.7642958833246392 0.05545774647887324 0.22828638497652576
0 0.2636837954812207 0.7725031516258042 0.05677816901408453 0.2188967136150234
0 0.0805946791862285 0.7596032211789254 0.0704225352112676 0.23063380281690143
0 0.4331367982198748 0.768985285167797 0.05501760563380284 0.22241784037558673
0 0.5163295310054773 0.7748516562336983 0.06382042253521128 0.22007042253521136
0 0.5933657937206573 0.7660553599374021 0.08054577464788729 0.22711267605633811
0 0.6782973884976526 0.7589766997043993 0.05809859154929574 0.18779342723004694
0 0.004884952073552425 0.7531570596418014 0.0625 0.24061032863849777
0 0.8983916519953052 0.7584295122587376 0.09242957746478864 0.23063380281690155
0 0.8231031152190923 0.7572155929403581 0.05721830985915501 0.18720657276995295
