0 0.4873553240740741 0.0023224356043286087 0.12499999999999992 0.2860082304526749
0 0.8881920331790124 0.018794772138393537 0.1076388888888889 0.2983539094650206
0 0.7462298525377229 0.02341154168571864 0.12654320987654316 0.2844650205761317
0 0.33494700574417013 0.35607519814052735 0.10146604938271607 0.1167695473251029
0 0.6181359310699589 0.0007763679317177259 0.1157407407407408 0.28292181069958844
0 0.6837247620884773 0.3834485977747295 0.11921296296296294 0.23559670781892994
0 0.5386801804698216 0.3813947950007621 0.14390432098765443 0.23971193415637856
0 0.8141174232681755 0.38805441243712846 0.1068672839506173 0.20987654320987656
0 0.48466997813786006 0.740930784179241 0.14699074074074078 0.20524691358024688
0 0.798366769547325 0.7312123723517757 0.2037037037037038 0.2649176954732511
0 0.08690013074417009 0.0006349070263679317 0.13618827160493827 0.13014403292181068
0 0.36270468964334707 0.0006487197073616826 0.07253086419753087 0.1450617283950617
0 0.003903838734567901 0.010921543971955494 0.06597222222222222 0.1286008230452675
0 0.353441679526749 0.5407135916780978 0.06712962962962961 0.08179012345679015
0 0.012138042266803841 0.7568763336381649 0.25655864197530864 0.20421810699588486
0 0.274796917866941 0.7450593468983387 0.15200617283950618 0.21965020576131672
0 0.6586580504115226 0.7902873037646699 0.13425925925925936 0.17695473251028826
0 0.9221220207475994 0.3834128753238836 0.07793209876543207 0.19701646090534983
0 0.20957567086762685 0.3531145214144185 0.12229938271604937 0.25257201646090527
0 0.03598920824759945 0.3397509907026368 0.15779320987654324 0.26440329218107
