0 0.16480838477366255 0.847358920134126 0.10185185185185183 0.1476337448559672
0 0.5791672025034293 0.16947778539856728 0.1118827160493827 0.25823045267489714
0 0.46033334405006865 0.15714734796524918 0.10223765432098762 0.2746913580246913
0 0.3588563100137174 0.1777029987806737 0.08641975308641976 0.2525720164609053
0 0.2697241512345679 0.22652749199817102 0.06944444444444445 0.2052469135802469
0 0.4807731052812072 0.5408855357415028 0.09104938271604937 0.2674897119341564
0 0.5830083483367626 0.5619694025301022 0.0875771604938273 0.2602880658436213
0 0.1767438807441701 0.5475308641975308 0.0667438271604938 0.22222222222222232
0 0.3981998563957476 0.5290442577351013 0.07445987654320985 0.256687242798354
0 0.29634452160493824 0.5182155921353453 0.06944444444444452 0.22839506172839502
0 0.11580557698902605 0.18181441472336535 0.09336419753086422 0.24845679012345684
0 0.2500278635116598 0.5649743750952599 0.040123456790123455 0.17232510288065842
0 0.6999099794238683 0.16897576588934612 0.09259259259259255 0.2716049382716049
0 0.8287755058299039 0.3005358367626886 0.10339506172839508 0.13425925925925927
0 0.7828634044924554 0.5268485177564396 0.10108024691358032 0.1075102880658436
0 0.905540284207819 0.49344469212010356 0.08912037037037032 0.14248971193415652
0 0.8816132973251029 0.20994322511812225 0.0787037037037038 0.07201646090534981
0 0.9402440200617284 0.298483462886755 0.06249999999999984 0.13991769547325106
0 0.47922266160836763 0.866389936747447 0.0806327160493827 0.14557613168724284
0 0.6771505808470508 0.8751090725499162 0.0968364197530865 0.11779835390946497
0 0.6752148705418382 0.6467549725651578 0.08719135802469143 0.16203703703703703
0 0.5783709490740742 0.8797415599756134 0.07638888888888881 0.12088477366255153
0 0.2948061342592592 0.8581518632830362 0.07638888888888892 0.1373456790123456
0 0.37197359396433466 0.8668814776710868 0.08641975308641976 0.12088477366255122
0 0.7851873285322358 0.6606209990855053 0.11419753086419762 0.1373456790123456
0 0.8885684585048009 0.8580775605852767 0.09413580246913587 0.057098765432098623
0 0.9074703682270233 0.638538808870599 0.0906635802469135 0.1774691358024692
0 0.9093859846536352 0.92957390260631 0.07137345679012333 0.050925925925926034
0 0.7986826453189301 0.943981957780826 0.1030092592592592 0.05606995884773661
