0 0.6444383313771519 0.5411298035124326 0.10387323943661958 0.053990610328638465
0 0.6259527215375588 0.6121473439401843 0.10431338028169006 0.06279342723004704
0 0.5181157692683882 0.6109812423926274 0.10079225352112675 0.07100938967136154
0 0.7047406836854461 0.1995799643540254 0.10827464788732391 0.05340375586854462
0 0.33368666862284824 0.08398756737958617 0.0862676056338028 0.0727699530516432
0 0.5388042229068857 0.05933804990436446 0.10343309859154932 0.0710093896713615
0 0.2980346488654147 0.3803420057381324 0.08538732394366191 0.06514084507042257
0 0.5203112773865415 0.5382053121196313 0.09330985915492959 0.06455399061032865
0 0.3953103604264476 0.23716962267431752 0.09198943661971831 0.08685446009389672
0 0.6250519610719875 0.7612192444792208 0.0748239436619719 0.07453051643192497
0 0.5181065996674492 0.39441455833768035 0.08758802816901397 0.0522300469483568
0 0.5211863629694835 0.45016953573291596 0.08582746478873236 0.056338028169014155
0 0.18711029196009388 0.6303420057381326 0.07262323943661977 0.06514084507042252
0 0.4137953589593114 0.466003195096505 0.0906690140845071 0.0440140845070422
0 0.1562775088028169 0.40620978960180837 0.039612676056338045 0.11502347417840379
0 0.7170649330007824 0.25709170144322724 0.10871478873239447 0.053403755868544595
0 0.40588229900234746 0.5487665188662841 0.10431338028169014 0.06220657276995307
0 0.3107981220657277 0.2752923404625283 0.08450704225352115 0.06220657276995307
0 0.8332544747652583 0.23422176577986437 0.09771126760563378 0.07218309859154928
0 0.17963523327464792 0.5646045252999479 0.08318661971830986 0.054577464788732336
0 0.2121995427425665 0.4531190227786472 0.07438380281690142 0.0727699530516433
0 0.4137947476525821 0.40555772909059296 0.08978873239436622 0.04460093896713612
0 0.621137764084507 0.376282385672057 0.14260563380281688 0.11737089201877932
0 0.10436686962050078 0.30813934533124676 0.07702464788732395 0.04401408450704225
0 0.31167840375586847 0.448422556946618 0.08450704225352124 0.07100938967136158
0 0.1008475767801252 0.24534917840375586 0.07966549295774648 0.04753521126760563
0 0.21088248239436622 0.3791579725265171 0.07922535211267605 0.053990610328638514
0 0.278690153071205 0.6326915971135455 0.11663732394366204 0.06748826291079811
0 0.11710252836463224 0.4161797948182924 0.03609154929577463 0.10798122065727699
0 0.004902374315336463 0.29700921578855854 0.08758802816901409 0.06572769953051644
0 0.24565146958137715 0.0863415058250739 0.07614436619718311 0.07981220657276995
0 0.4903844508020344 0.22602753868892367 0.09727112676056346 0.0956572769953051
0 0.2214464739827856 0.27882161797948185 0.08010563380281689 0.07100938967136149
0 0.0801282521517997 0.42145659450530343 0.032570422535211266 0.10269953051643188
0 0.853944456670579 0.002445226917057903 0.10255281690140837 0.10563380281690142
0 0.4120406029929577 0.621537558685446 0.09903169014084515 0.0633802816901408
0 0.2782429821987481 0.556402147452617 0.10651408450704226 0.06924882629107972
0 0.8517575068466354 0.3310359067988176 0.12235915492957758 0.053990610328638514
0 0.7474273156298905 0.0006911841418883672 0.09815140845070434 0.11267605633802816
0 0.038327709311424096 0.6139176882281343 0.05105633802816902 0.07335680751173691
0 0.8517593407668231 0.3944031472787341 0.125 0.039906103286385004
0 0.618897936228482 0.2629607894279256 0.08626760563380276 0.053990610328638465
0 0.07089660357981221 0.05644670492088333 0.04885563380281688 0.11737089201877936
0 0.8517682047143975 0.4425306468440271 0.1377640845070423 0.045774647887323966
0 0.7901469581377152 0.5564483350721614 0.13556338028169013 0.11913145539906099
0 0.7738177327856025 0.3698340505998957 0.07218309859154932 0.125
0 0.08456205985915492 0.7865066944879151 0.07922535211267606 0.13145539906103287
0 0.16775937744522693 0.7782874717440444 0.09463028169014083 0.12793427230046944
0 0.5409878105438184 0.8480764214919144 0.0787852112676056 0.07746478873239442
0 0.540985670970266 0.7535961137193531 0.07570422535211278 0.08098591549295775
0 0.6281329469874805 0.8621451704051469 0.07482394366197175 0.06044600938967135
0 0.7984668427230046 0.7613067292644756 0.07394366197183094 0.16901408450704225
0 0.44856190091940534 0.7894279255781603 0.08406690140845074 0.11737089201877927
0 0.7152832795383411 0.836341505825074 0.07834507042253527 0.0798122065727699
0 0.014120574139280124 0.7894371631020692 0.05193661971830986 0.1273474178403756
0 0.31430304919796553 0.7442254607894279 0.06117957746478871 0.10152582159624414
0 0.9085038879107982 0.7859274474004522 0.07658450704225352 0.13967136150234738
0 0.003565446498435055 0.04237795600765085 0.06382042253521127 0.13438967136150234
0 0.18093578834115803 0.04060326464962616 0.0545774647887324 0.11913145539906103
0 0.23641768143583725 0.000647170057381325 0.08934859154929578 0.06514084507042255
0 0.3301741001564945 0.0024175143453312466 0.09859154929577467 0.07570422535211269
0 0.5352901261737089 0.00533168144670492 0.11355633802816906 0.0539906103286385
0 0.6488262910798123 0.011203486350199965 0.08450704225352124 0.05751173708920189
0 0.6479460093896715 0.07164351851851854 0.08450704225352107 0.05105633802816901
0 0.015454751075899845 0.22482937749956527 0.07174295774647886 0.06924882629107983
0 0.09426074677230047 0.20426990958094246 0.10167253521126762 0.048122065727699524
0 0.003565446498435055 0.4132525865066945 0.06382042253521127 0.11561032863849771
0 0.4023568930946792 0.3650593375065206 0.09815140845070418 0.03873239436619721
0 0.5110735157472615 0.35918590245174753 0.10079225352112675 0.03345070422535207
0 0.9256669356416276 0.5458920187793427 0.07306338028169014 0.1267605633802816
0 0.7381473738262911 0.5582056381498869 0.04489436619718311 0.11561032863849766
0 0.000460008313771518 0.6063005346896191 0.028609154929577465 0.0862676056338029
0 0.38384530271909234 0.734232090071292 0.06117957746478871 0.08333333333333333
0 0.7055916226525822 0.7324617457833421 0.06602112676056329 0.07276995305164304
