0 0.40766792595852896 0.4597314597461311 0.14040492957746473 0.24237089201877932
0 0.41999706572769957 0.0390160406885759 0.14788732394366202 0.3063380281690141
0 0.7135682585093895 0.7508112719527039 0.14392605633802827 0.24237089201877948
0 0.5560082281885759 0.7502282211789254 0.15889084507042256 0.24647887323943657
0 0.6013393730438185 0.4286384976525822 0.154049295774648 0.2535211267605634
0 0.5762785480242566 0.07419905233872369 0.19322183098591555 0.27582159624413144
0 0.26242175273865415 0.45737154407929054 0.1408450704225352 0.2288732394366197
0 0.11453993055555556 0.4491675360806816 0.1487676056338028 0.2417840375586854
0 0.2399910749217527 0.03259378803686316 0.16461267605633803 0.3421361502347418
0 0.07230291471048514 0.02672198313336811 0.17253521126760565 0.3386150234741784
0 0.0005171654929577465 0.4485627499565293 0.11091549295774648 0.2224178403755869
0 0.7584886052425664 0.4339223613284646 0.1813380281690142 0.25586854460093894
0 0.7492872163536777 0.09178403755868546 0.24119718309859148 0.2535211267605634
0 0.8632085044992176 0.7590261476264998 0.13292253521126757 0.24119718309859153
0 0.9023565874413146 0.4368522865588593 0.09771126760563378 0.2511737089201879
0 0.10443166813380281 0.7807174839158407 0.17033450704225356 0.2171361502347417
0 0.2720892630086072 0.7801317162232655 0.11839788732394368 0.21830985915492945
0 0.40106397936228483 0.7842315466875327 0.13776408450704222 0.20950704225352118
0 0.000952110230829421 0.7730976134585289 0.10343309859154928 0.227112676056338
0 0.0013824701682316118 0.022593353329855678 0.08934859154929578 0.3163145539906103
