0 0.6235419881687243 0.22706856805365036 0.12268518518518531 0.23405349794238683
0 0.18328216092249658 0.20431098536808412 0.03742283950617282 0.10030864197530867
0 0.45611684456447193 0.26719488263984154 0.14158950617283944 0.23713991769547324
0 0.09109224965706447 0.2248937852461515 0.06172839506172841 0.10751028806584365
0 0.55021326303155 0.5737530483158054 0.08487654320987659 0.2088477366255145
0 0.27904690715020575 0.26872999542752635 0.16087962962962968 0.22839506172839497
0 0.08220673653978053 0.4687095145557079 0.04436728395061728 0.095164609053498
0 0.05327021176268862 0.003678936137783874 0.042438271604938266 0.08436213991769548
0 0.2504565329218107 0.007834171620179851 0.10185185185185183 0.12757201646090535
0 0.16132892875514404 0.5077698712086572 0.09143518518518516 0.05812757201646095
0 0.37391519847393695 0.010382849413199207 0.10455246913580246 0.10236625514403293
0 0.7940870413237312 0.28312376162170405 0.15200617283950604 0.21810699588477359
0 0.7928688164437586 0.5618889079408628 0.0644290123456789 0.17335390946502052
0 0.6902767061042524 0.015014384240207285 0.10956790123456778 0.1044238683127572
0 0.29717640817901236 0.6807213077274805 0.15624999999999997 0.1790123456790124
