0 0.30198093945618154 0.21784635280820727 0.06382042253521128 0.13321596244131456
0 0.6158102259389672 0.3733578942792558 0.07658450704225352 0.12793427230046941
0 0.5480108079029733 0.6562331551034603 0.05105633802816914 0.14025821596244137
0 0.7078134169600939 0.39742870805077374 0.09639084507042266 0.1384976525821597
0 0.521181778169014 0.3539830029560076 0.07922535211267609 0.11854460093896722
0 0.6149171068075118 0.681457029212311 0.05809859154929574 0.12852112676056332
0 0.37858623092723004 0.21604394887845593 0.09375 0.0880281690140845
0 0.38255086071987476 0.33047350460789426 0.09859154929577467 0.08039906103286383
0 0.5942546337050079 0.2008232263954095 0.0928697183098592 0.1285211267605634
0 0.2201110744327074 0.25360535124326206 0.05853873239436614 0.09096244131455401
0 0.7342509047339593 0.011826204138410712 0.13820422535211271 0.09624413145539908
0 0.3085861086658842 0.4724895670318206 0.06822183098591551 0.07746478873239437
0 0.32970583920187796 0.5669758520257346 0.05809859154929574 0.08039906103286387
0 0.2112996992370892 0.4947851460615545 0.046214788732394395 0.07218309859154928
0 0.17212441314553992 0.25124000173882804 0.042253521126760556 0.0715962441314554
0 0.7068970681729265 0.6374125152147454 0.04445422535211255 0.09565727699530513
0 0.4969611942488263 0.20077812554338376 0.06073943661971831 0.07981220657276993
0 0.03788848542644757 0.4108508302903843 0.05237676056338029 0.05692488262910797
0 0.11490365805946794 0.2635525343418536 0.03873239436619718 0.059272300469483556
0 0.8293170481220656 0.43264758302903844 0.13204225352112692 0.14671361502347413
0 0.872878154342723 0.23781027212658667 0.11355633802816906 0.14495305164319253
0 0.7319985450899844 0.7712647800382543 0.06382042253521136 0.14906103286384972
0 0.1897438013497653 0.7846879890453835 0.06205985915492956 0.06866197183098595
0 0.8777056435837246 0.8686538210745957 0.09330985915492959 0.11795774647887325
0 0.49299870402973395 0.5176811641453659 0.058978873239436624 0.08157276995305161
0 0.4987156445618153 0.6215679881759694 0.05193661971830994 0.096244131455399
0 0.27995525234741786 0.4754846983133368 0.036971830985915506 0.1431924882629108
0 0.054177975841158056 0.15383357242218745 0.05853873239436621 0.0839201877934272
0 0.06869895588810643 0.25007227003999305 0.053257042253521125 0.07805164319248824
0 0.00048048708920187796 0.22425121717962093 0.05809859154929578 0.07863849765258214
0 0.4480633802816901 0.6261737089201878 0.0 0.0
0 0.39968456572769956 0.5271007216136324 0.05281690140845075 0.11384976525821594
0 0.3385609228286385 0.8504107981220658 0.13336267605633803 0.0633802816901407
0 0.2707798439945227 0.7600265171274561 0.13424295774647885 0.05399061032863857
0 0.18626821694053206 0.8803360285167797 0.12764084507042253 0.05868544600938964
0 0.07446388399843505 0.7582567162232654 0.11531690140845072 0.04401408450704225
0 0.052888424295774644 0.7072166797078768 0.10299295774647885 0.0616197183098593
0 0.03173935103677621 0.6262307642149191 0.07086267605633802 0.0616197183098593
0 0.11274819053208138 0.6309098417666493 0.10387323943661969 0.04460093896713612
0 0.12506999462050078 0.672579768735872 0.10079225352112675 0.04812206572769955
0 0.10697562108763693 0.40969233611545813 0.030809859154929578 0.07335680751173718
0 0.1307453662949922 0.41851525821596247 0.03389084507042251 0.09507042253521127
0 0.1602317463810642 0.4484209267953399 0.029489436619718312 0.06924882629107977
0 0.1848842185054773 0.45784646148495917 0.03609154929577466 0.10798122065727693
0 0.6725798366588419 0.024150147800382545 0.06426056338028169 0.09624413145539906
0 0.9049922364045385 0.003044579203616762 0.09022887323943662 0.11913145539906103
0 0.8543494473787168 0.7436934880890279 0.051936619718309866 0.16079812206572774
