0 0.25198259602194784 0.08362387593354671 0.07716049382716048 0.3137860082304527
0 0.6921730324074075 0.4919948369151044 0.0625 0.24331275720164613
0 0.4499576688957476 0.8062495237006554 0.16126543209876548 0.1939300411522634
0 0.6170037079903978 0.8124166476146928 0.1520061728395061 0.18775720164609058
0 0.7713102280521263 0.8077908283798201 0.13117283950617287 0.19187242798353904
0 0.09766535922496572 0.0897829027587258 0.08256172839506172 0.2988683127572017
0 0.6069235468106996 0.5279821101966164 0.08101851851851849 0.22067901234567905
0 0.30714618698559665 0.5351770880963268 0.06828703703703706 0.21347736625514402
0 0.5451970271776405 0.13349241731443376 0.0837191358024692 0.28292181069958844
0 0.0004265260631001372 0.10725642051516537 0.05864197530864197 0.2813786008230453
0 0.034753568672839505 0.48172439414723367 0.04513888888888888 0.2623456790123456
0 0.21187092764060356 0.5336353071178174 0.09413580246913579 0.2150205761316873
0 0.6258206340020576 0.22394261545496114 0.07060185185185183 0.19135802469135807
0 0.44102768132716047 0.16379934461210183 0.0798611111111111 0.23662551440329216
0 0.07795915852194787 0.4940305403139765 0.03896604938271606 0.21965020576131694
0 0.38352194787379973 0.27838696463953666 0.0493827160493827 0.10236625514403291
0 0.5297558191872428 0.5017513526901386 0.0706018518518519 0.22479423868312762
0 0.7160906421467763 0.20544219631153787 0.05941358024691349 0.21090534979423864
0 0.001569465877914952 0.5788527853985673 0.03780864197530864 0.16100823045267493
0 0.283659122085048 0.8093316567596401 0.13580246913580246 0.18930041152263374
0 0.14361443329903978 0.8016213229690597 0.1381172839506173 0.19547325102880656
0 0.9043874314128943 0.8088148719707362 0.09567901234567905 0.18672839506172836
0 0.38429757158779143 0.1796124828532236 0.05516975308641976 0.09259259259259262
0 0.9036163623113855 0.48274700884011584 0.09645061728395063 0.25565843621399176
0 0.3356819058641975 0.17096717344916937 0.04861111111111107 0.20010288065843623
0 0.12313287680041153 0.5485391899100747 0.08912037037037036 0.20010288065843618
0 0.8561484589334706 0.19157188309708886 0.07600308641975302 0.23096707818930046
