0 0.4802988067292645 0.47426045470352984 0.15140845070422534 0.08861502347417848
0 0.2914325361893584 0.503070118240306 0.085387323943662 0.14671361502347413
0 0.46096011834898276 0.1027946226743175 0.19102112676056338 0.10269953051643192
0 0.4640414099178404 0.21546959224482698 0.19146126760563378 0.10152582159624414
0 0.5819389426838811 0.7336599069727004 0.10475352112676045 0.09917840375586845
0 0.15058960534037558 0.16266573204660056 0.08846830985915494 0.11561032863849771
0 0.06124284771126761 0.5253716744913928 0.09110915492957744 0.14788732394366208
0 0.4732171239241002 0.7360181924882628 0.09463028169014089 0.11091549295774648
0 0.5815009414123631 0.6250793340288646 0.10783450704225367 0.08568075117370892
0 0.700337441314554 0.7149120805077378 0.10563380281690142 0.1332159624413145
0 0.661185996185446 0.44728362458702836 0.13600352112676062 0.10856807511737096
0 0.7187805653364633 0.18029364458355066 0.044014084507042306 0.1396713615023474
0 0.14266554186228483 0.08573074247956877 0.08626760563380283 0.05399061032863849
0 0.048473261443661965 0.1603617849069727 0.08318661971830986 0.1625586854460094
0 0.006224630770735524 0.378052729960007 0.09022887323943662 0.1279342723004695
0 0.3350077024647887 0.1415954833941923 0.08714788732394364 0.17664319248826288
0 0.7152572990023474 0.06933902799513128 0.04093309859154933 0.09741784037558686
0 0.6584852430555556 0.18439782211789255 0.04973591549295778 0.13556338028169013
0 0.2610502860915493 0.15038743262041387 0.06734154929577463 0.164906103286385
0 0.8513292864827856 0.7383683272474353 0.1395246478873239 0.11384976525821594
0 0.7918515869522692 0.17560695965918968 0.05501760563380284 0.14847417840375587
0 0.802912265258216 0.4508085550339072 0.1373239436619719 0.1126760563380282
0 0.17347845755086072 0.8680751173708919 0.09066901408450705 0.12676056338028172
0 0.00048293231611893587 0.8370055207789949 0.061619718309859156 0.16314553990610323
0 0.2940715473395931 0.8299404451399757 0.08274647887323942 0.13849765258215954
0 0.4780754841549295 0.9161330638149887 0.11883802816901413 0.05751173708920179
0 0.6101116246087637 0.9231812945574683 0.1100352112676056 0.06396713615023468
0 0.7549155174100156 0.921407146583203 0.1065140845070423 0.04929577464788719
0 0.04715161629499218 0.09805088245522518 0.08142605633802817 0.049882629107981205
0 0.11185232052034429 0.3710197139627891 0.08142605633802817 0.13791079812206572
0 0.2073613556338028 0.363980177360459 0.07922535211267609 0.14084507042253522
0 0.17215161629499218 0.5265513606329334 0.08142605633802816 0.15434272300469487
0 0.0017963248239436622 0.519523778473309 0.05149647887323943 0.17018779342723
0 0.06344110670970265 0.8639758302903844 0.08758802816901409 0.13615023474178395
0 0.6540823063380282 0.06876249782646497 0.047535211267605605 0.10856807511737088
0 0.7641144610719875 0.07637639106242393 0.043133802816901344 0.09213615023474178
0 0.8543861257824725 0.21723395931142409 0.10475352112676053 0.10563380281690142
0 0.8112844165688576 0.652628890627717 0.15096830985915485 0.05046948356807514
0 0.16247677034428795 0.03818194661797948 0.09330985915492959 0.03931924882629107
0 0.06431863751956181 0.04228884107111806 0.08362676056338028 0.038145539906103275
0 0.0026646860328638495 0.16270702921231087 0.03433098591549296 0.16021126760563384
0 0.849967600743349 0.3856177186576248 0.08010563380281689 0.058685446009389686
0 0.8654046239241001 0.9290503825421665 0.12632042253521136 0.06455399061032875
