0 0.06678990912208504 0.36388841258954435 0.06635802469135804 0.22170781893004105
0 0.17944637345679013 0.35461867474470354 0.06944444444444445 0.2103909465020576
0 0.8954676247427983 0.5175768747142204 0.028935185185185237 0.09413580246913576
0 0.6786616405178327 0.1905302164304222 0.05054012345679008 0.21707818930041153
0 0.08222173996913582 0.08199112178021643 0.0659722222222222 0.2170781893004115
0 0.8275827331961593 0.1864097508001829 0.05246913580246905 0.21141975308641975
0 0.6080675582990399 0.18230595564700502 0.061728395061728336 0.22376543209876548
0 0.34571732467421123 0.37365683584819387 0.05516975308641972 0.21604938271604937
0 0.010464088220164609 0.08815681679622009 0.06828703703703705 0.2093621399176955
0 0.24541082604595338 0.04446063862216126 0.058256172839506154 0.23971193415637856
0 0.5428891782407407 0.45745170324645634 0.09375 0.15895061728395057
0 0.3376095786179698 0.036737921048620635 0.04668209876543206 0.2325102880658436
0 0.2785882308813443 0.3772533721993599 0.05594135802469135 0.21141975308641975
0 0.1805968149862826 0.0562852461515013 0.059413580246913573 0.23251028806584365
0 0.003128482938957476 0.3566996265813138 0.06057098765432099 0.2355967078189301
0 0.6470403056412893 0.4533426688004877 0.07137345679012357 0.1656378600823045
0 0.5443983624828532 0.18948902606310014 0.044753086419753015 0.2037037037037037
0 0.3001813807441701 0.04496361073007163 0.038966049382716035 0.22736625514403297
0 0.1385322895233196 0.05783845831428135 0.04205246913580246 0.24331275720164608
0 0.3866054205246913 0.03314186099679927 0.04513888888888889 0.23765432098765435
0 0.4336789480452675 0.02851794695930498 0.053240740740740713 0.2438271604938272
0 0.6674650634430728 0.0006149024538942234 0.03858024691358024 0.10853909465020577
0 0.42559102794924547 0.3443387059899405 0.07330246913580254 0.21913580246913578
0 0.4830501436042524 0.005244532083523852 0.03665123456790127 0.10853909465020575
0 0.4865368334190672 0.1951636564548087 0.0574845679012346 0.22119341563786005
0 0.5181552211934156 0.0006149024538942234 0.03240740740740746 0.10853909465020577
0 0.7083569101508916 0.0006106157597927145 0.033950617283950636 0.10390946502057613
0 0.5521090534979424 0.0006134735558603871 0.037037037037036986 0.10699588477366255
0 0.14200531550068587 0.35151891860996803 0.04320987654320986 0.1959876543209876
0 0.7805054548182442 0.18282131153787531 0.038966049382716035 0.2247942386831276
0 0.7770597565157751 0.4538527853985673 0.07716049382716048 0.16100823045267493
0 0.7322838970336076 0.18024881877762539 0.0443672839506173 0.2242798353909465
0 0.945628375771605 0.24909598384392623 0.03819444444444445 0.13477366255144033
0 0.8734859932270234 0.6699293171772595 0.04205246913580254 0.190329218106996
0 0.9055043831447188 0.2542366826703246 0.03742283950617286 0.13117283950617292
0 0.7191636659807955 0.4564281359548849 0.04012345679012365 0.1646090534979424
0 0.6165423525377229 0.0006191891479957323 0.04320987654320984 0.11316872427983539
0 0.8584348743998629 0.4780073540618808 0.03510802469135794 0.13683127572016465
0 0.7569704325274349 0.0006106157597927145 0.03742283950617286 0.10390946502057613
0 0.44255695944787377 0.6838067748818778 0.059799382716049364 0.17798353909465017
0 0.77509966563786 0.6735225194330133 0.03240740740740746 0.18209876543209863
0 0.2947822895233196 0.7198102423411066 0.04205246913580254 0.17283950617283947
0 0.5417028356481481 0.6925449626581315 0.052083333333333336 0.17078189300411514
0 0.341080997085048 0.7120918114616674 0.045524691358024644 0.17026748971193417
0 0.1605275848765432 0.6833076131687243 0.048611111111111154 0.19444444444444434
0 0.21183261531207134 0.6714753848498705 0.03896604938271607 0.19341563786008234
0 0.38583970979080934 0.6714696692577351 0.05362654320987651 0.18724279835390942
0 0.02396181627229081 0.7002862559061119 0.06057098765432099 0.19804526748971196
0 0.25156946587791496 0.7393408969669256 0.03780864197530865 0.15483539094650212
0 0.12193796081961591 0.6766051287913428 0.035108024691358035 0.17798353909465006
0 0.9221019268689986 0.6704308603871361 0.048996913580246826 0.17644032921810687
0 0.8349076217421125 0.6740150129553422 0.044753086419753174 0.15843621399176952
0 0.7345954968278464 0.6791866712391403 0.03973765432098762 0.18827160493827153
0 0.9583622685185186 0.4533307613168724 0.041666666666666664 0.15277777777777782
0 0.9232443308470506 0.446135783417162 0.027391975308642062 0.1599794238683128
0 0.8966432506001372 0.0031802507239750036 0.05516975308641984 0.10133744855967078
0 0.827187285665295 0.0047167924096936445 0.03858024691358016 0.09413580246913579
0 0.9641452867798352 0.006270957171162932 0.035879629629629685 0.10596707818930041
