0 0.05065506044238683 0.21258859167809785 0.16550925925925924 0.15123456790123463
0 0.21304789308984912 0.13806631992074384 0.1222993827160494 0.2227366255144033
0 0.3364551183127572 0.12163161103490323 0.05092592592592595 0.2510288065843621
0 0.3989773555384088 0.22276758497180307 0.08294753086419754 0.033436213991769576
0 0.39088112997256513 0.25466201798506327 0.09104938271604944 0.03497942386831275
0 0.38972372256515775 0.2952927335771986 0.09104938271604944 0.027263374485596667
0 0.3885655114026063 0.3287332342630696 0.08989197530864199 0.03189300411522635
0 0.4849804955418382 0.28658693415637865 0.03858024691358016 0.06944444444444445
0 0.5258739497599452 0.2834976566072245 0.0362654320987654 0.06635802469135804
0 0.5656132115912209 0.288137288523091 0.03858024691358024 0.07716049382716042
0 0.6134746870713306 0.233667695473251 0.07021604938271603 0.13888888888888892
0 0.5112466778120713 0.2125042866941015 0.084104938271605 0.06018518518518521
0 0.580306123542524 0.0052669181527206215 0.08526234567901238 0.13271604938271608
0 0.6725126457475995 0.009385478585581466 0.08487654320987643 0.13631687242798352
0 0.7597318672839506 0.01401796601127877 0.125 0.13940329218106995
0 0.8935919281550068 0.021725442005791802 0.10570987654321 0.13014403292181068
0 0.6760116598079561 0.23058699131229995 0.12345679012345674 0.1450617283950617
0 0.7994655028292181 0.2244103414113702 0.11921296296296302 0.1409465020576131
0 0.9232764810528119 0.22133773433927753 0.07368827160493825 0.1558641975308642
0 0.13586141117969822 0.4877229080932784 0.08487654320987655 0.07407407407407418
0 0.2230458033264746 0.4846407750342936 0.07484567901234568 0.0787037037037036
0 0.3148517875514404 0.47383544810242345 0.053240740740740713 0.0756172839506173
0 0.37619518389917694 0.4877229080932784 0.054398148148148175 0.07407407407407418
0 0.43984616126543213 0.47125342935528125 0.04513888888888889 0.06481481481481481
0 0.4838498799725651 0.4979833485749124 0.07716049382716048 0.04423868312757196
0 0.4850088948902607 0.5406769166285628 0.07947530864197525 0.042181069958847725
0 0.7122653034979425 0.505725594421582 0.10648148148148143 0.0725308641975309
0 0.8028935185185185 0.4527658702941625 0.05555555555555555 0.09825102880658439
0 0.8654077181927298 0.4620403711324493 0.07600308641975302 0.11471193415637858
0 0.008600447959533606 0.6163575483920134 0.16242283950617284 0.11059670781893005
0 0.1732906807270233 0.6132777968297516 0.09413580246913582 0.11779835390946508
0 0.26857585305212617 0.6148143385154702 0.0825617283950617 0.11059670781893005
0 0.3511418681412894 0.6240131077579637 0.0887345679012346 0.04526748971193418
0 0.34999544538751715 0.6769785474775186 0.10455246913580246 0.025720164609053544
0 0.3523094564471879 0.7099032159731749 0.10339506172839508 0.028806584362139894
0 0.3411257394547325 0.7418019356805365 0.10995370370370369 0.0349794238683127
0 0.5113246420610424 0.6312962010364274 0.1963734567901235 0.13323045267489703
0 0.7088705096879286 0.62979490550221 0.21797839506172834 0.1784979423868313
0 0.07570382158779149 0.8082704618198445 0.12461419753086418 0.15432098765432106
0 0.19146947873799725 0.8113887936290199 0.16049382716049385 0.1887860082304527
0 0.35580284422153635 0.8190910303307423 0.1338734567901234 0.17386831275720158
0 0.4978127143347051 0.8237230414570949 0.18364197530864199 0.1764403292181071
0 0.6837523576817558 0.8283483843926231 0.15895061728395055 0.17181069958847736
0 0.8438271604938271 0.8314319463496418 0.1111111111111111 0.168724279835391
0 0.48308282964677635 0.41363359244017683 0.0837191358024692 0.057613168724279844
0 0.5679320451817558 0.49078979957323576 0.0443672839506173 0.05298353909465026
0 0.6211995777606311 0.501087867703094 0.08294753086419754 0.0637860082304527
0 0.6188911929869684 0.4239345183661027 0.09220679012345674 0.07150205761316873
0 0.03363179441015089 0.4152268137479043 0.09645061728395062 0.11162551440329217
