0 0.6358608753429356 0.14565853147386068 0.08410493827160492 0.0889917695473251
0 0.23887334962277093 0.12872323197683277 0.08873456790123452 0.132201646090535
0 0.31408152220507546 0.5166428516994361 0.05516975308641972 0.19650205761316858
0 0.24425341863854597 0.512017508763908 0.058256172839506154 0.2011316872427982
0 0.17211183984910836 0.5253896128638929 0.06327160493827158 0.1985596707818929
0 0.6211907364540467 0.3370322740435909 0.07021604938271603 0.10596707818930047
0 0.5463421103395061 0.5135735787227557 0.06597222222222222 0.2150205761316872
0 0.6184938700274348 0.512019890260631 0.0756172839506173 0.2037037037037037
0 0.43521599579903975 0.511985596707819 0.0443672839506173 0.16666666666666657
0 0.485375675154321 0.5104657254991617 0.052083333333333336 0.19187242798353915
0 0.39549173739711935 0.15595183661027284 0.06365740740740738 0.09465020576131686
0 0.44218401706104254 0.33189919600670625 0.07831790123456778 0.11779835390946503
0 0.013930148319615913 0.5300092402072853 0.059413580246913594 0.18775720164609058
0 0.3750348293895748 0.3457676040237768 0.05015432098765429 0.09567901234567905
0 0.3842954282407407 0.515070111263527 0.05208333333333341 0.16460905349794233
0 0.5421047132201647 0.10446768785246151 0.07523148148148134 0.047325102880658436
0 0.5501998671124828 0.1523062414266118 0.06558641975308643 0.046296296296296294
0 0.21378654406721537 0.3293167009602195 0.07484567901234568 0.10648148148148148
0 0.07449765303497942 0.5618593773814968 0.05439814814814815 0.1414609053497942
0 0.5486547818072703 0.19705789894833103 0.06288580246913572 0.04475308641975312
0 0.8198610575274348 0.11853233119951227 0.0443672839506173 0.23713991769547327
0 0.926735307355967 0.11544924554183814 0.05439814814814825 0.24074074074074073
0 0.8688601144547324 0.12007315957933239 0.04745370370370365 0.23456790123456792
0 0.933301183127572 0.4272024081694864 0.06481481481481476 0.2674897119341563
0 0.7870890132030178 0.43952998780673674 0.07484567901234555 0.24794238683127567
0 0.8696335948216736 0.4240897919524463 0.05015432098765429 0.2391975308641975
0 0.7029621056241426 0.5181341449474166 0.04320987654321 0.14043209876543206
0 0.2311262217078189 0.7810270919067216 0.04398148148148147 0.17592592592592582
0 0.3287414801954733 0.7784484072549916 0.0543981481481481 0.1687242798353908
0 0.6393172903806585 0.7887455227861606 0.06134259259259254 0.17849794238683142
0 0.07025757673182442 0.7738163961286388 0.059799382716049385 0.1661522633744856
0 0.39471423825445817 0.7809866064624295 0.05516975308641976 0.13220164609053492
0 0.5089096257716049 0.7856395747599452 0.052083333333333336 0.1574074074074073
0 0.006210615997942388 0.7645533264746228 0.05439814814814815 0.16203703703703715
0 0.7145399305555555 0.7840849336991312 0.04861111111111111 0.1450617283950617
0 0.12429457090192043 0.12307289285169942 0.09529320987654323 0.14094650205761317
0 0.10498328189300411 0.005202617741197988 0.06481481481481483 0.0632716049382716
0 0.22766980667009604 0.0005758459076360311 0.06674382716049385 0.06635802469135803
0 0.2978719242969821 0.0005729881115683585 0.04668209876543214 0.0632716049382716
0 0.35343283822016464 0.005201188843164152 0.054398148148148175 0.0617283950617284
0 0.4228850522976681 0.005188805060204237 0.06558641975308643 0.04835390946502058
0 0.5181688850308642 0.0036470240816948636 0.05208333333333341 0.04989711934156379
0 0.65551858281893 0.0021066720012193263 0.057870370370370315 0.05298353909465021
0 0.7222798246742113 0.0005634621246761165 0.08294753086419762 0.05298353909465021
0 0.9255918317043896 0.006738683127572016 0.07445987654320985 0.05555555555555556
0 0.338769129372428 0.15338744093888126 0.04976851851851853 0.10288065843621402
0 0.4772810570987654 0.11997218411827465 0.0625 0.12551440329218108
0 0.5282163601680384 0.37249799954275264 0.07600308641975309 0.07561728395061725
0 0.7326388888888888 0.33024691358024694 0.0 0.0
0 0.13777247299382717 0.33653311233043737 0.0590277777777778 0.1224279835390947
0 0.7291926547496571 0.13950569654016154 0.03742283950617286 0.11059670781893005
0 0.6327664180384088 0.10805517451607986 0.0725308641975308 0.032921810699588494
0 0.2808893818587106 0.7871646852613932 0.036265432098765434 0.13786008230452668
