0 0.7328901359546165 0.08942412189184488 0.08010563380281689 0.24002347417840378
0 0.37197219776995305 0.39051469309685266 0.07658450704225352 0.27699530516431936
0 0.29845492224178405 0.3934755912015302 0.05677816901408453 0.3057511737089202
0 0.4168586169796557 0.09702714745261694 0.06514084507042257 0.21185446009389675
0 0.2315513742175274 0.3958105112154408 0.053697183098591554 0.2922535211267606
0 0.4630682096048514 0.41394594418362024 0.05765845070422534 0.23063380281690143
0 0.48595033744131455 0.10992979481829247 0.05017605633802818 0.20305164319248825
0 0.2693976794796557 0.10699715266910102 0.04533450704225355 0.20481220657276997
0 0.5317323210093897 0.1116860111284994 0.06073943661971831 0.19835680751173707
0 0.2157066094483568 0.09644355329507913 0.054137323943661955 0.2153755868544601
0 0.6422000317879499 0.41807077030081724 0.04973591549295778 0.24882629107981222
0 0.16773186864241002 0.41691553642844725 0.05501760563380282 0.2687793427230047
0 0.1637678501564945 0.0935076508433316 0.051056338028169 0.21361502347417843
0 0.3697482638888889 0.10816542775169537 0.04313380281690142 0.19894366197183103
0 0.6008209849374022 0.12987143540253873 0.04137323943661973 0.1907276995305164
0 0.6470452489241002 0.13339201877934273 0.05501760563380284 0.19014084507042253
0 0.6963385783450705 0.4268610893757608 0.051496478873239306 0.23532863849765256
0 0.31913665150625975 0.12048067727351766 0.049735915492957736 0.1895539906103286
0 0.5810287069640063 0.4174926099808729 0.061619718309859114 0.2582159624413146
0 0.8041804210680752 0.4497701486697966 0.06205985915492944 0.2588028169014085
0 0.7526744669405321 0.43272420013910623 0.04841549295774649 0.2294600938967136
0 0.8129749853286384 0.1052621283255086 0.050176056338028255 0.23239436619718312
0 0.9489791177621284 0.08181240219092333 0.051056338028169064 0.2588028169014085
0 0.20077635954616588 0.7689776777951662 0.10387323943661969 0.21420187793427214
0 0.008005672926447573 0.4820455138236828 0.11971830985915494 0.25704225352112686
0 0.00227406103286385 0.8370055207789949 0.1056338028169014 0.16314553990610323
0 0.7729233910406887 0.8053273343766301 0.051936619718309866 0.1760563380281691
