0 0.3200242688771518 0.23029473135106937 0.06029929577464787 0.26760563380281693
0 0.2535599447378717 0.23616001564945224 0.055897887323943685 0.2640845070422535
0 0.5238113140649452 0.2097890584246218 0.06294014084507041 0.3045774647887324
0 0.18269665737480437 0.21564021474526168 0.05501760563380284 0.28579812206572763
0 0.14308275870500783 0.6323036211093723 0.05325704225352113 0.2822769953051643
0 0.3922015600547731 0.21390953747174404 0.051936619718309866 0.318075117370892
0 0.46174259096244136 0.2074671796209355 0.050176056338028095 0.33215962441314556
0 0.054612309272300465 0.2080366458007303 0.050176056338028165 0.3133802816901408
0 0.3257424320226917 0.6381564075812903 0.0550176056338028 0.26525821596244126
0 0.8094599716353679 0.2320813771517997 0.058978873239436624 0.295774647887324
0 0.7826171875 0.6774669622674317 0.06734154929577474 0.255868544600939
0 0.12107449383802818 0.21330420796383237 0.051496478873239424 0.29812206572769945
0 0.5849881406494521 0.6328850417318728 0.058978873239436624 0.27640845070422543
0 0.7201083235524256 0.6434652669101025 0.05457746478873244 0.29460093896713635
0 0.2614788121087637 0.6534048426360632 0.05061619718309854 0.2546948356807512
0 0.07705796410406884 0.6276049817423056 0.04797535211267607 0.278169014084507
0 0.6523251051447574 0.6381667318727179 0.05237676056338027 0.2764084507042253
0 0.6012702953834116 0.2138856285863328 0.05457746478873244 0.2922535211267606
0 0.389119045872457 0.6410928534167971 0.04973591549295778 0.26760563380281693
0 0.6760899598982785 0.20978362458702834 0.04841549295774657 0.2987089201877934
0 0.4621802865805947 0.6504857850808554 0.04665492957746488 0.27112676056338036
0 0.20909991197183098 0.6604362284820031 0.047535211267605605 0.24295774647887325
0 0.021160688086854458 0.6012329377499566 0.04885563380281691 0.3174882629107981
0 0.7487089201877934 0.2461403451573639 0.042253521126760535 0.2681924882629108
0 0.006197427621283256 0.19689945226917058 0.05105633802816902 0.3274647887323943
0 0.8979319493348983 0.1863512867327421 0.0642605633802816 0.3438967136150235
0 0.8662311106220656 0.6240708137715181 0.04885563380281705 0.2640845070422535
0 0.951621491099374 0.6422839506172839 0.05325704225352123 0.2863849765258216
0 0.5286436937597809 0.7073427447400452 0.04973591549295778 0.19776995305164324
0 0.9313777631064162 0.0035933968005564254 0.05721830985915501 0.07805164319248827
0 0.8204735793231611 0.0006607546513649801 0.07350352112676053 0.07981220657276994
0 0.7372875709115806 0.011809902625630324 0.0743838028169015 0.07863849765258216
0 0.6545365072378716 0.0024164275778125544 0.06778169014084515 0.07453051643192489
0 0.5704796923904538 0.0024164275778125544 0.08230633802816899 0.07453051643192489
0 0.48949347124413145 0.007110176491045036 0.08186619718309866 0.07335680751173708
0 0.3574377689749609 0.0012367414362719528 0.0625 0.06807511737089202
0 0.28129156885759 0.007108002956007652 0.05985915492957743 0.07100938967136151
0 0.20515423268779343 0.0024300121717962097 0.06998239436619716 0.08920187793427231
0 0.13033059467918623 0.007111263258563728 0.0704225352112676 0.07453051643192489
0 0.05857938429186229 0.010622609111458877 0.0585387323943662 0.06396713615023472
