0 0.8042485817683882 0.32712408711528435 0.16021126760563378 0.2658450704225352
0 0.7677419552034428 0.01728123369848722 0.19630281690140852 0.2834507042253521
0 0.3245442708333333 0.4145838767170927 0.23107394366197181 0.28579812206572763
0 0.5767306093505478 0.357053664580073 0.21038732394366202 0.26584507042253525
0 0.012072696596244131 0.568255520778995 0.2720070422535211 0.1948356807511738
0 0.01073424051251956 0.33175643366371066 0.2460387323943662 0.19835680751173712
0 0.012479215571205009 0.04246163710659016 0.22359154929577466 0.22476525821596247
0 0.5036623386150235 0.025481981394540082 0.20334507042253527 0.26701877934272295
0 0.6885245500782473 0.7267486089375761 0.20774647887323938 0.24061032863849766
0 0.2752231269561815 0.011300208659363589 0.19454225352112683 0.1619718309859155
0 0.291512617370892 0.20670915927664754 0.20070422535211266 0.14730046948356804
