0 0.004771894290123456 0.06654854442920287 0.20486111111111108 0.205761316872428
0 0.23699899262688615 0.07270757125438197 0.16743827160493832 0.19084362139917696
0 0.4190974901406035 0.07373209114464259 0.16705246913580246 0.18621399176954737
0 0.6853044088648835 0.12976918533760098 0.17168209876543206 0.1507201646090535
0 0.8835444530178326 0.07466230376467001 0.08179012345679015 0.07973251028806584
0 0.8866461441186557 0.4054803002591068 0.1037808641975308 0.14094650205761317
0 0.7450644075788753 0.40294114845297974 0.11496913580246905 0.17644032921810698
0 0.541015625 0.39213296372504197 0.1736111111111111 0.17026748971193406
0 0.23898399991426614 0.4127014746227709 0.24807098765432095 0.16203703703703703
0 0.0005353009259259259 0.4029378143575675 0.2152777777777778 0.17283950617283947
0 0.01864926268861454 0.7007396928821825 0.18827160493827158 0.13220164609053503
0 0.23159320344650203 0.6616902911141594 0.16087962962962965 0.1810699588477366
0 0.4264226466049382 0.6945816186556927 0.15972222222222215 0.14814814814814814
0 0.6054432977537723 0.7156559594573999 0.17168209876543214 0.13065843621399176
0 0.7883334940843622 0.7115469250114312 0.20023148148148143 0.1373456790123456
0 0.11119604123799726 0.9295800944977899 0.1222993827160494 0.05761316872427989
0 0.25742910879629627 0.939350422953818 0.1423611111111111 0.05401234567901238
0 0.41906882287379965 0.9455223098613017 0.12577160493827166 0.052983539094650055
0 0.5641388567386832 0.9367841220850481 0.1377314814814815 0.06018518518518518
0 0.7192177854938271 0.9429541037951531 0.11805555555555572 0.05709876543209884
0 0.9120882094478738 0.938328760859625 0.0736882716049381 0.06172839506172847
0 0.9425154320987654 0.9552469135802469 0.0 0.0
