0 0.5203938037949921 0.26429697009215786 0.2121478873239437 0.2294600938967136
0 0.8517746234350547 0.23564325769431405 0.14700704225352124 0.33978873239436613
0 0.002284453247261346 0.6904234046252825 0.12059859154929578 0.3051643192488263
0 0.15241160504694834 0.20458615892888193 0.17693661971830987 0.3896713615023475
0 0.3381571547339593 0.210936684924361 0.18573943661971834 0.2764084507042253
0 0.32758491050469485 0.6833887584767866 0.17297535211267603 0.3133802816901408
0 0.14008399354460097 0.6810451443227267 0.17165492957746473 0.3174882629107979
0 0.8161488898669798 0.6675273865414711 0.18397887323943662 0.2957746478873239
0 0.6792394121674492 0.669889475743349 0.14700704225352107 0.3116197183098592
0 0.6884912338615023 0.2532412841245001 0.1597711267605633 0.33157276995305157
0 0.5036574481611893 0.6728367892540427 0.19630281690140852 0.3257042253521126
0 0.006224630770735524 0.0036455616414536604 0.09022887323943662 0.13438967136150234
0 0.11361349520735524 0.003647191792731699 0.08230633802816902 0.13615023474178403
0 0.2051685983959311 0.0007156364110589463 0.09066901408450706 0.1390845070422535
0 0.29671606025039127 0.002483263780212137 0.08802816901408453 0.14671361502347416
0 0.3847378105438185 0.000728677621283255 0.0787852112676056 0.15316901408450706
0 0.49125525723787167 0.0024914145366023302 0.08362676056338035 0.15551643192488263
0 0.578380220559468 0.0024957616066771 0.0506161971830985 0.16021126760563378
0 0.633866392801252 0.0007400886802295253 0.09154929577464783 0.16549295774647887
0 0.7311078711854461 0.0024973917579551386 0.04885563380281689 0.1619718309859155
0 0.8284022276017216 0.0036759911319770478 0.0823063380281689 0.16725352112676056
0 0.9142238849765257 0.0007444357503042949 0.0739436619718311 0.17018779342723003
0 0.0036235206377151804 0.2233405059989567 0.14744718309859156 0.3626760563380282
