0 0.44024507286776215 0.08884541818814119 0.15008802816901404 0.24882629107981227
0 0.6035327415884194 0.09939575725960702 0.14348591549295778 0.2347417840375587
0 0.730275882726917 0.8803849330551209 0.11839788732394364 0.11150234741784025
0 0.7729814651799687 0.08651810554686142 0.13556338028169013 0.2705399061032864
0 0.000534587734741784 0.09236165449487045 0.13600352112676056 0.24354460093896713
0 0.5903144561815337 0.8587012041384107 0.12323943661971823 0.14377934272300458
0 0.9089522813967136 0.552412623891497 0.08846830985915485 0.1971830985915494
0 0.0004881284233176839 0.7930338202051818 0.06910211267605634 0.2089201877934273
0 0.30246601134585294 0.48670937663015124 0.12852112676056335 0.22359154929577468
0 0.17394396762519562 0.4955029560076508 0.12720070422535207 0.21361502347417838
0 0.6052890258215963 0.5113626977916883 0.13732394366197181 0.2294600938967137
0 0.46003582257433495 0.4861415406016345 0.12764084507042256 0.24413145539906098
0 0.045414282570422536 0.49666416710137373 0.11487676056338031 0.20011737089201873
0 0.7632925591744913 0.5400930272996 0.127200704225352 0.20187793427230055
0 0.14534612187010956 0.1011563206398887 0.14348591549295775 0.2347417840375587
0 0.28355646028951487 0.08649854373152495 0.1522887323943662 0.24941314553990612
0 0.19198057267214397 0.8176572552599547 0.11399647887323947 0.1825117370892019
0 0.07885642850156495 0.8158912580420796 0.10255281690140844 0.17664319248826288
0 0.32886101330203443 0.8622168970613806 0.10915492957746475 0.13791079812206578
0 0.45958376124804384 0.8411026343244653 0.110475352112676 0.15140845070422532
0 0.9322589617566509 0.1128868892366545 0.058538732394366216 0.22769953051643196
0 0.871120341842723 0.8756955312119631 0.11751760563380284 0.11737089201877948
