0 0.0754893510367762 0.5684734176664927 0.32438380281690143 0.4301643192488262
0 0.42839825410798127 0.3893926056338028 0.2033450704225352 0.33274647887323944
0 0.05306417498043818 0.00277180055642497 0.3560739436619719 0.4583333333333333
0 0.4178654391627543 0.0043622848200313 0.2473591549295775 0.27464788732394363
0 0.6766590864632237 0.024890236480612067 0.2341549295774648 0.261737089201878
0 0.603533047241784 0.8093831507563902 0.14392605633802819 0.11971830985915485
0 0.4125583797926448 0.8657315032168319 0.2108274647887323 0.1308685446009389
0 0.914231220657277 0.02430935924187098 0.08450704225352124 0.26819248826291076
0 0.0013815532081377152 0.570817031820553 0.08802816901408451 0.4260563380281689
0 0.6290612162558685 0.3729215571205008 0.14392605633802827 0.2904929577464788
0 0.7738434076682317 0.3746620153016867 0.10915492957746473 0.2687793427230046
0 0.9001574114827856 0.3928528734133194 0.09991197183098595 0.267018779342723
0 0.8482559419014084 0.9009134280994611 0.1505281690140846 0.09917840375586845
0 0.002670493446791862 0.003948769779168841 0.04269366197183099 0.46185446009389675
