0 0.0004914906103286386 0.08288884541818815 0.07394366197183098 0.15375586854460094
0 0.214405748728482 0.11282276995305165 0.08230633802816902 0.15845070422535215
0 0.35876491588419407 0.10577725612936881 0.07218309859154926 0.15492957746478875
0 0.3341155002934272 0.005951138932359589 0.06998239436619724 0.0892018779342723
0 0.40497664808294204 0.005952225699878281 0.06778169014084506 0.09037558685446011
0 0.4718795848004695 0.003010889410537298 0.06998239436619716 0.08274647887323944
0 0.5440602381651017 0.0018692401321509305 0.06646126760563378 0.11737089201877934
0 0.6105254792644756 0.0030375152147452617 0.07218309859154932 0.11150234741784039
0 0.7315608494718311 0.0006939010606850982 0.06734154929577459 0.11561032863849764
0 0.4683554015062598 0.1069428142931664 0.0655809859154929 0.1461267605633803
0 0.5348227821791862 0.12514617023126412 0.07438380281690134 0.1578638497652582
0 0.6140450777582159 0.12983665884194057 0.06998239436619724 0.153169014084507
0 0.6849056142410016 0.10987436967483916 0.06690140845070426 0.1431924882629108
0 0.7562111820226918 0.1221950530342549 0.07086267605633813 0.1396713615023474
0 0.8565672681924883 0.12514617023126412 0.07658450704225352 0.1578638497652582
0 0.03834390893974961 0.4561125239088854 0.07438380281690142 0.13673708920187794
0 0.10700679773082943 0.4514252956007651 0.07570422535211267 0.14495305164319242
0 0.20209128032081378 0.4637568466353677 0.0959507042253521 0.15316901408450714
0 0.30111532912754296 0.4590484263606329 0.08494718309859156 0.1384976525821596
0 0.3847457575312989 0.45025376021561464 0.09022887323943662 0.14730046948356812
0 0.4762910798122066 0.4590473395931142 0.08450704225352107 0.13732394366197173
0 0.5643201657863851 0.45495565988523734 0.08582746478873236 0.1549295774647887
0 0.7469810617175273 0.43794829160146065 0.08934859154929582 0.16725352112676053
0 0.8363327098004695 0.43500858546339766 0.09375 0.16138497652582157
0 0.1761229704616588 0.6791313467223091 0.09595070422535211 0.15199530516431928
0 0.19195856562989044 0.8246321291949226 0.08230633802816902 0.10974178403755874
0 0.27293989632237875 0.8140970048687186 0.07570422535211263 0.14025821596244126
0 0.3499697403169015 0.8053094027125717 0.08318661971830979 0.15669014084507055
0 0.2764640796165884 0.6515366892714312 0.08010563380281685 0.13849765258215954
0 0.35657276995305165 0.6515383194227092 0.08450704225352115 0.14025821596244126
0 0.4525204176447575 0.7119810685098245 0.08010563380281689 0.13673708920187783
0 0.5348172804186229 0.7014301860545993 0.06646126760563378 0.15023474178403756
0 0.6061280443075118 0.698494826986611 0.07790492957746473 0.14906103286384972
0 0.7108840106611893 0.7994321639714832 0.08142605633802834 0.147300469483568
0 0.7945074090375588 0.7583583289862632 0.07658450704225352 0.153755868544601
