0 0.04711451903292182 0.10200045724737082 0.06712962962962961 0.16049382716049382
0 0.1154061106824417 0.09429822054564854 0.07368827160493828 0.17541152263374482
0 0.19371758187585736 0.11125495351318397 0.06442901234567901 0.15534979423868311
0 0.26046167695473255 0.11228709419295839 0.0648148148148148 0.1589506172839506
0 0.3295179076646091 0.1215477823502515 0.06134259259259254 0.16049382716049385
0 0.3920187114197531 0.12771776406035665 0.0625 0.1574074074074074
0 0.014318094135802468 0.3787465706447188 0.06249999999999999 0.1574074074074074
0 0.08106674382716049 0.37721050525834476 0.06944444444444443 0.16512345679012344
0 0.15166511274005487 0.3756658664837677 0.064429012345679 0.16358024691358022
0 0.21378198945473248 0.3787465706447188 0.06828703703703706 0.1574074074074074
0 0.28438062628600824 0.3787508573388203 0.06365740740740738 0.16203703703703703
0 0.3511252572016461 0.38646262002743476 0.06481481481481484 0.15740740740740752
0 0.02897939171810699 0.6436556927297669 0.0636574074074074 0.14814814814814814
0 0.15590679655349793 0.6467463991769549 0.0613425925925926 0.1527777777777778
0 0.21840920781893006 0.6405778463648834 0.0648148148148148 0.1574074074074074
0 0.2855385695301783 0.6436614083219021 0.06442901234567905 0.15432098765432095
0 0.3522786458333333 0.6390432098765432 0.059027777777777776 0.16666666666666666
0 0.056380744170096024 0.8751157407407407 0.07716049382716049 0.125
0 0.17210996442043897 0.8946449664685262 0.06057098765432099 0.10545267489711926
0 0.23538210519547323 0.8900143842402073 0.06134259259259262 0.10442386831275725
0 0.29903844092935533 0.8961867474470354 0.05979938271604933 0.10390946502057619
0 0.3592263052983539 0.8992679279073311 0.06365740740740738 0.09825102880658435
0 0.4692161779835391 0.1637078951379363 0.1157407407407408 0.13786008230452673
0 0.5872733410493827 0.17296286770309402 0.11805555555555555 0.1332304526748971
0 0.7064774627057613 0.18069272976680384 0.10532407407407413 0.14814814814814814
0 0.8110283243312758 0.19559947035512878 0.1030092592592592 0.13631687242798352
0 0.9163376628943758 0.21256191891479956 0.08179012345679015 0.12242798353909463
0 0.4580027220507545 0.3710795800944978 0.07947530864197531 0.2103909465020575
0 0.5386306155692729 0.3726242188690749 0.07253086419753103 0.2119341563786008
0 0.6134754908264746 0.3741659998475842 0.07137345679012341 0.2103909465020576
0 0.6883171510631001 0.3834181146166743 0.06558641975308635 0.20267489711934158
0 0.7550556198559671 0.3895866674287456 0.057870370370370315 0.19804526748971196
0 0.8152416087962964 0.3942105814662399 0.059027777777777776 0.19187242798353915
0 0.8754340277777776 0.39832628410303306 0.06944444444444445 0.1923868312757202
0 0.9460198045267489 0.4044919791190367 0.04629629629629635 0.18467078189300407
0 0.47728480795610423 0.643694749276025 0.06790123456790119 0.19032921810699588
0 0.5521069101508916 0.6375095259868923 0.03395061728395055 0.17695473251028804
0 0.5883921682098766 0.6344121513488797 0.0625 0.1651234567901235
0 0.6724968385631002 0.6467673563481178 0.06211419753086421 0.17541152263374477
0 0.749666173696845 0.6601504153330285 0.07484567901234555 0.18467078189300412
0 0.8268116640946502 0.6586029187623837 0.05324074074074064 0.1800411522633745
0 0.8800564236111111 0.652430079256211 0.059027777777777776 0.1800411522633744
0 0.9413958011831274 0.6514036541685719 0.05439814814814825 0.1826131687242798
0 0.46147012174211255 0.8992369684499314 0.07253086419753087 0.06481481481481481
0 0.5328459897976681 0.8961519775948787 0.07600308641975302 0.0663580246913582
0 0.6111582647462278 0.8976885192805975 0.06790123456790119 0.05915637860082307
0 0.6836861818415638 0.9007787494284407 0.06365740740740738 0.06327160493827164
0 0.7473513588820301 0.8869012917238226 0.07484567901234572 0.07561728395061736
0 0.821023823302469 0.8827674897119342 0.052083333333333336 0.05555555555555545
0 0.8731082283093279 0.8796772595640908 0.05362654320987651 0.051440329218106984
0 0.934449749228395 0.8735058489559518 0.05208333333333349 0.05298353909465026
0 0.47384339634773653 0.1111501676573693 0.11226851851851849 0.042181069958847725
0 0.5895865483539094 0.11526158360006096 0.1157407407407408 0.03806584362139916
0 0.707632726766118 0.1322307003505563 0.10223765432098762 0.03137860082304529
0 0.8141109932270234 0.14870589468068895 0.0976080246913581 0.046810699588477354
0 0.9163368591392318 0.16259478356957782 0.0806327160493827 0.046810699588477354
