0 0.7886445473251028 0.8124099794238683 0.0925925925925927 0.18055555555555555
0 0.4205774712791495 0.13549811385459534 0.07600308641975309 0.2268518518518519
0 0.6555142961248286 0.4575088591678098 0.05169753086419754 0.22067901234567905
0 0.4896441508058985 0.43028358862978205 0.08757716049382715 0.26183127572016457
0 0.6327599879972565 0.15554698216735252 0.06327160493827151 0.21296296296296297
0 0.19179714291838132 0.12316148452979729 0.07677469135802473 0.23662551440329216
0 0.3368604788237312 0.11699674211248284 0.07908950617283948 0.24537037037037043
0 0.5872379758230453 0.46061242569730226 0.06712962962962968 0.2391975308641975
0 0.08454753943758574 0.4348879743941473 0.08179012345679011 0.23456790123456794
0 0.39782316315157756 0.43027358634354523 0.08757716049382715 0.2510288065843621
0 0.19025500471536355 0.4482529340039628 0.0783179012345679 0.2242798353909465
0 0.13121409893689986 0.133446692577351 0.059413580246913594 0.23353909465020575
0 0.5077594521604939 0.12162351394604481 0.0625 0.24228395061728403
0 0.26856567215363514 0.12316529492455418 0.06790123456790123 0.24074074074074078
0 0.5733413173010975 0.14732272138393537 0.05594135802469135 0.21965020576131686
0 0.31987954389574763 0.43335714830056393 0.07098765432098762 0.2479423868312757
0 0.0760405949931413 0.1252252895900015 0.05401234567901234 0.24331275720164608
0 0.014318362054183813 0.4240993179393385 0.06288580246913579 0.249485596707819
0 0.2708719135802469 0.44414008916323733 0.05555555555555555 0.22685185185185186
0 0.0004267939814814815 0.11750924020728547 0.059027777777777776 0.24331275720164613
0 0.20645763674554185 0.729123323426307 0.07677469135802469 0.23096707818930043
0 0.7064579046639231 0.4498147195549459 0.07716049382716048 0.24434156378600824
0 0.6972018604252401 0.13549811385459534 0.08179012345679015 0.2268518518518519
0 0.7967305919924554 0.4672963344002439 0.06983024691358032 0.2355967078189301
0 0.7886365097736624 0.12316100823045267 0.08101851851851857 0.2361111111111111
0 0.9128410600994512 0.47807260707209265 0.04668209876543206 0.2073045267489712
0 0.946024627057613 0.16120398948331047 0.0532407407407408 0.21141975308641975
0 0.8700108239026063 0.48627543438500226 0.037808641975308574 0.1774691358024691
0 0.8889250578703703 0.20025720164609054 0.052083333333333336 0.16666666666666663
0 0.9572072723765431 0.4832118770004572 0.04513888888888905 0.20216049382716053
0 0.06872160065157751 0.723972146014327 0.07021604938271606 0.22325102880658435
0 0.14779744298696845 0.7285708161865568 0.05054012345679012 0.18981481481481483
0 0.31370804398148144 0.768182727480567 0.07291666666666667 0.19290123456790126
0 0.604972297239369 0.8324531321444901 0.048996913580246985 0.16049382716049387
0 0.6636223100994512 0.7980204999237921 0.06057098765432111 0.19547325102880667
0 0.007363468792866941 0.7229485787227556 0.047839506172839504 0.22890946502057619
0 0.45259077074759946 0.805714639536656 0.06404320987654326 0.17181069958847747
0 0.540932302383402 0.8267994589239445 0.05362654320987651 0.16563786008230466
0 0.39625718021262 0.7949159807956104 0.054783950617283965 0.17592592592592593
0 0.8881585433813443 0.8108782007315958 0.05941358024691349 0.19290123456790126
0 0.9487241726680384 0.8041900053345526 0.05169753086419762 0.19187242798353915
0 0.740772890946502 0.8000695397043134 0.04629629629629651 0.1862139917695473
