0 0.3353445966220851 0.365994608291419 0.11844135802469134 0.27417695473251025
0 0.610000589420439 0.149505124980948 0.0675154320987654 0.35442386831275724
0 0.47268706061385457 0.13406159503124526 0.11381172839506183 0.34207818930041156
0 0.8368310078017832 0.6204832533150434 0.03665123456790127 0.12191358024691354
0 0.7770289459019204 0.6184275453436976 0.032793209876543175 0.12397119341563778
0 0.43644734867969825 0.7173444406340498 0.15084876543209874 0.2875514403292181
0 0.606128632973251 0.6355185947264136 0.04745370370370365 0.2489711934156379
0 0.20990788966049384 0.6364607148300563 0.04513888888888889 0.15534979423868317
0 0.6613439321844993 0.6679864921505868 0.11304012345679015 0.31430041152263355
0 0.005100630144032921 0.4109744131992074 0.1226851851851852 0.5190329218106995
