0 0.01131392532578875 0.20758363816491388 0.18094135802469136 0.301440329218107
0 0.30259237825788754 0.5260773891175126 0.17746913580246912 0.3858024691358025
0 0.29178642618312756 0.10270823807346441 0.17245370370370366 0.36934156378600824
0 0.48932291666666666 0.5342959343087944 0.18055555555555555 0.3729423868312757
0 0.4985947680898491 0.056977309099222676 0.19868827160493832 0.42438271604938277
0 0.7003464184670782 0.08781435756744399 0.16550925925925913 0.3950617283950617
0 0.008595357510288067 0.04742941243712849 0.1550925925925926 0.11265432098765431
0 0.01592238940329218 0.14613816491388507 0.15046296296296297 0.051440329218106984
0 0.7088434499314129 0.5456270957171163 0.17901234567901245 0.38837448559670784
0 0.1116172089334705 0.42170257963725044 0.17322530864197533 0.4387860082304527
