0 0.04131890860768176 0.2727051897576589 0.05478395061728393 0.07716049382716048
0 0.09727634173525378 0.2578055936595031 0.0779320987654321 0.09670781893004117
0 0.1844695751886145 0.16682241655235483 0.0806327160493827 0.16820987654320985
0 0.27628654406721537 0.1668252743484225 0.07484567901234568 0.1712962962962963
0 0.3534574867112483 0.15809375476299345 0.08989197530864199 0.18569958847736626
0 0.4511378493655693 0.15657864654778234 0.19405864197530864 0.2160493827160494
0 0.6533053090706448 0.161216849565615 0.20408950617283944 0.2253086419753086
0 0.8630953146433471 0.21256477671086724 0.07947530864197525 0.12551440329218108
0 0.9479528356481481 0.21976023090992228 0.052083333333333336 0.11882716049382715
0 0.884701056670096 0.3560637669562567 0.0806327160493827 0.1044238683127572
0 0.8823870456104251 0.5798515851242189 0.08179012345679015 0.12860082304526751
0 0.8742859975137175 0.719253448407255 0.08294753086419746 0.12705761316872433
0 0.01896085176611797 0.4697478471269623 0.08140432098765432 0.1054526748971193
0 0.11849360210905349 0.4738540237768633 0.07523148148148151 0.095679012345679
0 0.20028828017832648 0.4800197187928669 0.08179012345679015 0.08796296296296285
0 0.2909473058127572 0.4738525948788294 0.07523148148148143 0.09413580246913572
0 0.372739572616598 0.4697426078341716 0.07831790123456793 0.09979423868312756
0 0.4556854959705075 0.4846517299192197 0.07600308641975309 0.09053497942386825
0 0.5397856117112483 0.47848222450845906 0.06905864197530866 0.09413580246913587
0 0.6200389553326475 0.48619255829903973 0.07831790123456793 0.08796296296296297
0 0.705304516032236 0.476949969516842 0.08294753086419754 0.10596707818930043
0 0.7924942665466392 0.483108996342021 0.0806327160493827 0.09104938271604941
0 0.06988141932441701 0.6662403787532389 0.07368827160493827 0.09516460905349788
0 0.14935994298696845 0.6739592859320225 0.0783179012345679 0.09825102880658444
0 0.23308229381001372 0.6857867512574303 0.08294753086419754 0.09413580246913576
0 0.3287626457475995 0.6755039247065996 0.0848765432098765 0.09979423868312762
0 0.41942622599451307 0.6796305822283187 0.08487654320987659 0.11213991769547334
0 0.513563635973937 0.6888755525072398 0.08719135802469134 0.09670781893004117
0 0.6065358689128943 0.6796181984453589 0.07831790123456786 0.09876543209876561
0 0.6894850072873799 0.6755067825026673 0.08063271604938278 0.10288065843621408
0 0.7882504393861455 0.6796248666361835 0.0806327160493827 0.10596707818930053
0 0.048274069787379977 0.8478666552354824 0.07021604938271604 0.14043209876543206
0 0.18098877957818926 0.8555755601280292 0.06828703703703702 0.13271604938271608
0 0.25042974108367627 0.8643166057003505 0.06327160493827158 0.12860082304526751
0 0.310221622085048 0.8509421201036428 0.052469135802469126 0.12860082304526751
0 0.42172603737997255 0.8555646052431031 0.06327160493827158 0.12088477366255143
0 0.5135494362997257 0.8838524996189605 0.0667438271604938 0.1162551440329218
0 0.5860819080075446 0.890019623532998 0.06905864197530866 0.110082304526749
0 0.655525548696845 0.8838472603261698 0.06790123456790127 0.11059670781893005
0 0.728055609139232 0.8915604519128183 0.06674382716049365 0.1075102880658436
0 0.7982614776234567 0.87665752171925 0.052083333333333336 0.12345679012345682
0 0.8924203210733882 0.9095364654778234 0.08526234567901238 0.07716049382716042
