0 0.0008227773491083677 0.26960829141899095 0.07368827160493827 0.06584362139917699
0 0.11502379115226335 0.27833981100442007 0.07870370370370373 0.051440329218106984
0 0.1956613297325103 0.2671139117512575 0.08564814814814814 0.14969135802469133
0 0.3094818994341564 0.27687614311842706 0.09837962962962968 0.1373456790123457
0 0.42984074931412897 0.27328770385611945 0.08179012345679008 0.1507201646090535
0 0.5189554933984911 0.2660779606767261 0.07368827160493825 0.14197530864197536
0 0.5999879436728395 0.2635107072092669 0.09375 0.14711934156378598
0 0.7091547710905349 0.28664170858100896 0.07175925925925937 0.12860082304526751
0 0.8167992862654321 0.26350832571254384 0.0798611111111111 0.14454732510288068
0 0.9259757587448559 0.26813700274348423 0.07175925925925937 0.14351851851851852
0 0.9386965234910837 0.19347946197226032 0.05632716049382714 0.06893004115226337
0 0.5988300004286694 0.10302116674287456 0.09297839506172849 0.15174897119341563
0 0.5008313507373114 0.126149310318549 0.08603395061728397 0.1301440329218107
0 0.260865162037037 0.18371246761164456 0.09027777777777778 0.07613168724279838
0 0.00044099365569272975 0.3478080704160951 0.0794753086419753 0.07716049382716042
0 0.08649878900891632 0.34779806812985825 0.1138117283950617 0.06635802469135799
0 0.02127325531550069 0.5393108901082151 0.0779320987654321 0.23353909465020573
0 0.12964677640603564 0.5413156340496875 0.02469135802469135 0.17644032921810698
0 0.17635781035665296 0.5500752552964487 0.06635802469135804 0.1923868312757201
0 0.2920862268518518 0.5588153482700808 0.04861111111111111 0.18724279835390942
0 0.3511357060185185 0.5562557155921353 0.0798611111111111 0.20061728395061726
0 0.4475638181584362 0.5572940481633898 0.04745370370370373 0.2109053497942386
0 0.49424993569958847 0.5500752552964487 0.0532407407407408 0.1923868312757201
0 0.5521752293381345 0.5979009487882944 0.13233024691358025 0.1774691358024692
0 0.7165244020061728 0.5968640451150738 0.1284722222222222 0.168724279835391
0 0.8515418702846365 0.6102128105471728 0.10918209876543207 0.1409465020576131
0 0.588818158436214 0.8930903254077123 0.12037037037037032 0.09310699588477366
0 0.742368076989026 0.8637407597927146 0.1211419753086419 0.06224279835390942
0 0.7690031828703703 0.9393551859472642 0.1423611111111111 0.05915637860082296
0 0.9086256322873799 0.8977285284255448 0.0875771604938273 0.10236625514403301
0 0.4318016439471879 0.8709457399786618 0.12770061728395063 0.06584362139917703
0 0.44914748371056235 0.9506601508916325 0.10570987654320985 0.046296296296296294
0 0.3279972029320988 0.890521643042219 0.09375000000000004 0.09670781893004117
0 0.16905810613854597 0.853976146928822 0.11033950617283951 0.07201646090534973
0 0.1864285943930041 0.9321616369455876 0.12384259259259257 0.06790123456790116
0 0.10382373113854595 0.8853814205151653 0.06172839506172839 0.10082304526748974
0 0.027439396862139916 0.8699750419143424 0.06828703703703703 0.1286008230452674
