0 0.33986178354851326 0.2007775821596244 0.10519366197183098 0.07922535211267606
0 0.22586408206181532 0.10923698052512607 0.10343309859154928 0.08861502347417842
0 0.7848374535406886 0.5681213049904363 0.09551056338028177 0.04988262910798127
0 0.5753371356611894 0.06755455572943836 0.10519366197183101 0.07159624413145542
0 0.2883598029147105 0.7864458355068684 0.09727112676056338 0.0657276995305164
0 0.47629352503912364 0.44431131542340463 0.08802816901408461 0.06748826291079811
0 0.47673702807120505 0.3656820552947313 0.09286971830985911 0.07746478873239437
0 0.668201352210485 0.443119131455399 0.09727112676056338 0.04753521126760568
0 0.481134463028169 0.6062918405494695 0.08714788732394364 0.07687793427230055
0 0.67303434321205 0.6215261476264998 0.08494718309859156 0.051056338028168904
0 0.23070318613067292 0.21954551382368284 0.09991197183098591 0.06690140845070426
0 0.28835582942097027 0.3879836115458182 0.0915492957746479 0.07863849765258211
0 0.13473872750391236 0.18022300469483568 0.08010563380281689 0.06338028169014083
0 0.7012106929773083 0.1860910059120153 0.0955105633802816 0.06279342723004697
0 0.4727760661189358 0.5217744740045209 0.09330985915492959 0.06572769953051649
0 0.39705075068466356 0.6162580420796383 0.06294014084507041 0.06572769953051649
0 0.34777973395931144 0.09983589810467745 0.09859154929577463 0.07629107981220656
0 0.5810565214201878 0.17905744653103808 0.10167253521126757 0.0721830985915493
0 0.7857134560837244 0.4407755173013389 0.08934859154929582 0.051643192488262823
0 0.5775170554577465 0.6039417057902974 0.07526408450704222 0.073943661971831
0 0.026032191412363067 0.2723444835680751 0.09198943661971831 0.04753521126760563
0 0.6743569053208138 0.551112849939141 0.08802816901408453 0.061032863849765216
0 0.13606006699921752 0.2576752956007651 0.08142605633802816 0.04988262910798121
0 0.6708382237871675 0.5059082116153713 0.0915492957746479 0.042840375586854405
0 0.7936197916666666 0.37505542514345336 0.06602112676056338 0.05985915492957743
0 0.7852723982785602 0.6361909885237349 0.08802816901408445 0.04401408450704225
0 0.45606141187402194 0.18961647974265342 0.10871478873239432 0.06748826291079814
0 0.6673167913732395 0.36272876456268477 0.09110915492957734 0.05692488262910792
0 0.5726797853090767 0.525298317683881 0.08142605633802817 0.06866197183098606
0 0.30023199090375585 0.5904369892192662 0.08054577464788729 0.06631455399061026
0 0.7817586071987481 0.5082561728395062 0.09859154929577474 0.04342723004694838
0 0.29451566167840376 0.48715929838288985 0.08846830985915498 0.07570422535211281
0 0.055527129792644764 0.5986540384280994 0.09991197183098591 0.06748826291079821
0 0.0555265184859155 0.5024077334376631 0.09903169014084506 0.06514084507042252
0 0.03790957550860719 0.20779973048165537 0.08274647887323944 0.05751173708920187
0 0.18624743251173706 0.4971309337506521 0.09771126760563385 0.07042253521126757
0 0.5836768877151799 0.36333192053555907 0.07218309859154932 0.07453051643192486
0 0.2240702024647887 0.39619087984698315 0.05545774647887324 0.06924882629107983
0 0.13210002200704224 0.1162471744044514 0.08318661971830986 0.05399061032863853
0 0.19944462783646325 0.5927789732220483 0.08758802816901409 0.06044600938967135
0 0.03174607541079812 0.1309185359067988 0.08054577464788733 0.053990610328638514
0 0.1404544454225352 0.4038167275256477 0.07130281690140847 0.06572769953051644
0 0.5753215473395931 0.4536857720396453 0.08274647887323955 0.05105633802816901
0 0.09688294698748044 0.7588778038601983 0.07482394366197183 0.08098591549295775
0 0.13165713028169013 0.04113523735002608 0.07922535211267606 0.05985915492957747
0 0.3482174295774648 0.005362110937228309 0.09507042253521121 0.08685446009389672
0 0.9054222906885759 0.3703562423926274 0.07570422535211271 0.05516431924882631
0 0.9027802230046947 0.5692955572943835 0.07394366197183094 0.05046948356807514
0 0.805518571498435 0.051112849939141024 0.08758802816901405 0.061032863849765244
0 0.22805897887323948 0.017084528777603893 0.09507042253521125 0.0710093896713615
0 0.03306619229264476 0.05874032776908364 0.0801056338028169 0.059272300469483556
0 0.39265148180751175 0.47363991045035647 0.06602112676056346 0.05223004694835691
0 0.39573124510954616 0.38620185619892194 0.06426056338028169 0.05575117370892018
0 0.3944117395344288 0.5387867327421317 0.06558098591549298 0.05868544600938974
0 0.813878802327856 0.1919530299078421 0.08406690140845083 0.05575117370892021
0 0.8037537289710484 0.10746065901582333 0.08142605633802825 0.07159624413145539
0 0.9036632555751173 0.4407749739175796 0.07790492957746488 0.05105633802816895
0 0.9278740585876369 0.17668829334028865 0.08230633802816906 0.04870892018779345
0 0.9274336120892018 0.10509530951138932 0.0818661971830985 0.05223004694835681
0 0.4093896713615024 0.8715294079290559 0.08450704225352107 0.054577464788732336
0 0.40147141529733954 0.8034575508607199 0.09066901408450702 0.05809859154929577
0 0.2967203393974961 0.8580290384280995 0.09419014084507041 0.05164319248826288
0 0.19108256308685445 0.9478215745087811 0.08846830985915494 0.05575117370892018
0 0.29539838859546164 0.9319754173187272 0.09198943661971831 0.054577464788732336
0 0.5247267458920187 0.8063809554860025 0.11355633802816899 0.04636150234741773
0 0.673487321498435 0.9261046991827508 0.10343309859154932 0.05223004694835696
0 0.6761306117957746 0.8063798687184838 0.10695422535211278 0.04518779342722999
0 0.5361646004499218 0.9190515779864371 0.10519366197183094 0.04049295774647882
0 0.5335271175665102 0.8627211571900538 0.11003521126760568 0.04870892018779353
0 0.4019152239827856 0.9431202182229177 0.09595070422535217 0.04870892018779342
0 0.18932169405320814 0.8539422491740567 0.08802816901408449 0.07453051643192486
0 0.6651332037363068 0.8691770996348461 0.11575704225352107 0.0492957746478874
0 0.18448258998435055 0.7665009346200661 0.0915492957746479 0.07453051643192486
0 0.686688795970266 0.7471162623891497 0.09947183098591547 0.054577464788732336
0 0.10260783450704225 0.8510047165710313 0.07922535211267605 0.07100938967136143
0 0.10700649207746478 0.9278788471570162 0.07526408450704226 0.06690140845070423
0 0.8104010783450704 0.8938548730655539 0.14656690140845083 0.08157276995305161
0 0.8926692097026604 0.6244691140671188 0.09154929577464783 0.06044600938967135
0 0.5801792962636932 0.002978829768735872 0.10607394366197183 0.04812206572769953
0 0.700777887812989 0.010602503912363066 0.10607394366197183 0.04225352112676056
0 0.7152948943661972 0.06050578160319945 0.09507042253521121 0.06455399061032864
0 0.6893406445618154 0.12681327160493827 0.11531690140845068 0.05692488262910797
0 0.9353442268192487 0.022958507216136327 0.06470070422535217 0.07687793427230047
0 0.00048690580985915493 0.398523082942097 0.06734154929577466 0.052816901408450724
0 0.0009108470266040689 0.4713109676577986 0.04401408450704226 0.07218309859154932
0 0.00047987578247261345 0.5540378847157016 0.05721830985915493 0.05105633802816901
0 0.0035523034037558687 0.6127303947139627 0.0448943661971831 0.05868544600938974
