0 0.22846855438184663 0.4262861893583724 0.05105633802816902 0.2482394366197184
0 0.4243336756651017 0.4397843853242914 0.05457746478873236 0.24882629107981227
0 0.7755721830985914 0.020793122935141715 0.06338028169014097 0.2734741784037559
0 0.6399999388693272 0.03722396105025213 0.05061619718309858 0.27230046948356806
0 0.550649207746479 0.4075492305685968 0.047535211267605605 0.29401408450704225
0 0.6796147544992175 0.42102460441662315 0.053697183098591714 0.2699530516431925
0 0.707344544698748 0.023149778299426188 0.05501760563380292 0.28345070422535207
0 0.1382470168231612 0.007901343244653103 0.061619718309859135 0.29401408450704225
0 0.1642082966549296 0.40518768475047817 0.051496478873239424 0.2787558685446009
0 0.21570355291471044 0.012011498000347764 0.04973591549295778 0.2963615023474178
0 0.28393302523474184 0.016092853416797077 0.06073943661971831 0.2676056338028169
0 0.0577024647887324 0.013763910624239265 0.06338028169014084 0.2875586854460094
0 0.5577036874021909 0.008476243262041385 0.06514084507042257 0.28110328638497656
0 0.29052994180359937 0.40343255520779 0.05325704225352111 0.28462441314554
0 0.6162323332355242 0.41164743088158584 0.050616197183098656 0.2834507042253522
0 0.0682578980829421 0.39229481829247087 0.05193661971830986 0.2981220657276995
0 0.3464354704616589 0.01550056511910972 0.06426056338028169 0.26173708920187794
0 0.12239002591940533 0.7572378716744914 0.044454225352112686 0.21126760563380279
0 0.4912298880086072 0.4128238567205703 0.047095070422535204 0.2863849765258216
0 0.4872784013106417 0.020197030951138933 0.06117957746478871 0.2634976525821596
0 0.06869437108763694 0.757827443053382 0.04665492957746479 0.21420187793427234
0 0.36183031347809075 0.4145909407059642 0.04973591549295778 0.29342723004694826
0 0.5026662142996869 0.786556685793775 0.03653169014084515 0.18544600938967135
0 0.12107143730438184 0.3981465179968701 0.047095070422535204 0.27992957746478875
0 0.018517092136150236 0.3999092549121892 0.0448943661971831 0.2822769953051643
0 0.811651506259781 0.41747576508433315 0.04577464788732392 0.24002347417840378
0 0.4164178648278559 0.01786645800730308 0.06426056338028177 0.2816901408450704
0 0.007948210093896714 0.013772604764388803 0.03697183098591549 0.2969483568075117
0 0.7403517458920187 0.4022621065901582 0.050176056338028255 0.2881455399061033
0 0.8525791030907669 0.035991023300295605 0.0378521126760562 0.20833333333333334
0 0.6853332232981221 0.8217516518866284 0.04885563380281681 0.16784037558685452
0 0.41245140111502354 0.77424360980699 0.05677816901408445 0.1971830985915494
0 0.3173791446596244 0.801831746652756 0.054137323943662 0.20363849765258216
0 0.19986459555946792 0.7760329725265172 0.05853873239436618 0.22828638497652576
0 0.5647309639084507 0.778361915319075 0.043573943661971905 0.20833333333333334
0 0.020717490708137713 0.749631042427404 0.04445422535211268 0.2353286384976524
0 0.6153569419992176 0.8076796426708398 0.057658450704225254 0.18133802816901415
0 0.2650011614827856 0.8000673795861589 0.05237676056338027 0.19953051643192485
0 0.8037182731807511 0.8041721005042601 0.030369718309859194 0.19600938967136153
0 0.9309284526604069 0.898568727177882 0.044014084507042306 0.10211267605633823
0 0.7487128936815337 0.8264497478699356 0.04797535211267593 0.17136150234741773
