0 0.0027424125514403292 0.14116941015089163 0.06018518518518519 0.24074074074074073
0 0.07222302597736625 0.14269975994513032 0.11226851851851852 0.2268518518518519
0 0.14705691658093276 0.25167228699893307 0.09529320987654319 0.13940329218106995
0 0.3874782986111111 0.07790590230147842 0.1909722222222222 0.24948559670781895
0 0.07452765989368998 0.4713796486816035 0.09760802469135801 0.2011316872427983
0 0.1890975973079561 0.48013879362902 0.0783179012345679 0.21656378600823048
0 0.2728231631515775 0.5284588858405732 0.08757716049382715 0.1800411522633744
0 0.3727585948216735 0.4440924592287761 0.10570987654320992 0.17541152263374488
0 0.47730865269204387 0.4996565881725347 0.10223765432098762 0.184670781893004
0 0.0008313507373113856 0.7661341639993903 0.08603395061728394 0.20267489711934158
0 0.09381537208504802 0.7753948521566835 0.09413580246913579 0.20421810699588477
0 0.26279069144375855 0.7723303421734492 0.08526234567901234 0.22788065843621397
0 0.48503488297325104 0.7769518747142204 0.1168981481481481 0.21913580246913586
0 0.6871755508401921 0.8026372694711171 0.08834876543209866 0.18158436213991777
0 0.7778377914951988 0.8010897729004725 0.08641975308641968 0.17695473251028804
0 0.707642103909465 0.30480681298582535 0.1157407407407408 0.3024691358024691
0 0.7257724086934156 0.0037098955951836614 0.1122685185185184 0.11779835390946503
0 0.9151823988340193 0.22463705989940558 0.0848765432098765 0.38580246913580246
0 0.9232786243998627 0.726975689681451 0.07677469135802475 0.1337448559670782
0 0.9151823988340193 0.8447721383935376 0.0848765432098765 0.13168724279835375
