0 0.3095217136150235 0.16103069031472786 0.1478873239436619 0.25117370892018787
0 0.801570752640845 0.157502499565293 0.10695422535211287 0.24354460093896713
0 0.018591060250391235 0.8170687706485829 0.15140845070422534 0.18075117370892008
0 0.58853463663928 0.1381564075812902 0.09551056338028177 0.26525821596244137
0 0.39928324285993744 0.49144876977916885 0.1087147887323944 0.27171361502347424
0 0.26988030614241 0.5219407494348809 0.1065140845070423 0.24530516431924884
0 0.6924063478090767 0.14577845157363936 0.09330985915492952 0.25762910798122074
0 0.5256036653951487 0.49263117283950614 0.10871478873239432 0.28110328638497656
0 0.47102589495305164 0.1440254955659885 0.10827464788732391 0.2658450704225352
0 0.748759964299687 0.49732166145018264 0.11575704225352107 0.2764084507042253
0 0.02385288292253521 0.6626119370544252 0.12279929577464789 0.057511737089201896
0 0.16776121136541472 0.4937918405494696 0.09727112676056336 0.26701877934272295
0 0.020766395246478872 0.3240545122587376 0.11487676056338028 0.11971830985915496
0 0.018567219287949924 0.4953589593114241 0.1170774647887324 0.05809859154929577
0 0.02429394072769953 0.5751858372456964 0.12411971830985916 0.073943661971831
0 0.64001002543036 0.48966918796731007 0.06514084507042249 0.25117370892018775
0 0.19681692586071992 0.8287971657103113 0.10651408450704222 0.17136150234741784
0 0.30422779733959315 0.8334854807859502 0.13028169014084504 0.16431924882629098
0 0.4459623190532081 0.8493180533820204 0.14348591549295778 0.15082159624413155
0 0.6325759242957746 0.8979818727177882 0.13468309859154934 0.10211267605633802
0 0.16647288243348982 0.17509835246044167 0.14348591549295772 0.23298122065727697
0 0.038369889475743345 0.24302132237871674 0.11179577464788733 0.0686619718309859
0 0.7676661531690141 0.9009134280994611 0.08714788732394381 0.09917840375586845
