0 0.21844859182098766 0.03829303840877916 0.12152777777777773 0.24537037037037038
0 0.6914110725308642 0.3273386297820454 0.07638888888888896 0.1923868312757202
0 0.4603403099279835 0.0655511736015851 0.11226851851851849 0.23971193415637862
0 0.3388141396604938 0.04600337219935985 0.11458333333333329 0.2391975308641975
0 0.00930346579218107 0.2975027625361988 0.06365740740740741 0.1918724279835391
0 0.00041795267489711934 0.5758001828989483 0.04629629629629629 0.1975308641975309
0 0.9178771219135803 0.09743465172991922 0.07638888888888873 0.22942386831275724
0 0.9063073345336078 0.36538923182441696 0.08256172839506175 0.17592592592592599
0 0.40133155435528123 0.8920648529187623 0.13966049382716048 0.09670781893004127
0 0.09307404192386833 0.9044124371284865 0.13773148148148148 0.09876543209876529
0 0.8295063871742112 0.8941191319920744 0.044753086419753174 0.09310699588477366
0 0.3418517982681756 0.9121146738302089 0.04436728395061726 0.0838477366255144
0 0.3009505744170096 0.9167352537722907 0.035493827160493846 0.07407407407407407
0 0.7897671253429355 0.8941100823045268 0.04243827160493825 0.08333333333333344
0 0.006592399691358024 0.8057208314281359 0.04861111111111111 0.1784979423868313
0 0.29552469135802467 0.12602880658436214 0.0 0.0
0 0.5783902391975309 0.11849756134735559 0.10416666666666667 0.19958847736625518
0 0.7222782171639233 0.044457304526748974 0.0806327160493827 0.2361111111111111
0 0.8110229659636488 0.06863140146319159 0.09529320987654318 0.23302469135802467
0 0.7790155606995884 0.3211924630391708 0.11574074074074063 0.2211934156378601
0 0.5783966692386832 0.33351813747904285 0.11342592592592596 0.19958847736625512
0 0.46380851337448564 0.31244713077274805 0.10648148148148151 0.220679012345679
0 0.3206883894890261 0.30781083295229383 0.12461419753086417 0.21347736625514396
0 0.08688994984567901 0.2790266346593507 0.12152777777777778 0.2376543209876544
0 0.20956629372427982 0.30009049687547623 0.10879629629629631 0.20884773662551445
0 0.07802720979080932 0.07015222527053804 0.13695987654320987 0.2088477366255144
0 0.09498992626886146 0.5742950769699741 0.11882716049382715 0.2386831275720165
0 0.24119914909122084 0.5815014860539551 0.10455246913580246 0.2438271604938272
0 0.42172603737997255 0.583051364121323 0.06327160493827158 0.2510288065843621
0 0.4931027091906722 0.6041142737387595 0.06790123456790119 0.22119341563786
0 0.5702846364883403 0.6133678174058832 0.0987654320987654 0.2150205761316873
0 0.6941248178155007 0.6195416095107453 0.09529320987654326 0.21604938271604932
0 0.7894062392832648 0.595385611949398 0.07831790123456793 0.2386831275720164
0 0.8935924639917695 0.6179974470355128 0.1064814814814816 0.2150205761316873
0 0.24116753472222222 0.9157150205761317 0.059027777777777776 0.08333333333333333
0 0.5668434927983539 0.8931031854900168 0.1435185185185185 0.10699588477366254
0 0.7145337684327847 0.928050221002896 0.03973765432098762 0.07201646090534973
0 0.7538826731824416 0.9280492684042068 0.03549382716049397 0.07098765432098762
0 0.0027394654492455418 0.038266365645480874 0.05594135802469136 0.21656378600823045
0 0.8924337169924554 0.8930965172991921 0.10455246913580238 0.09979423868312752
