0 0.6964088786189359 0.7326051990958096 0.15272887323943662 0.22769953051643177
0 0.2149274990219092 0.4156864023648061 0.1998239436619718 0.20892018779342725
0 0.9173082330790299 0.39165525560772035 0.07878521126760553 0.24119718309859153
0 0.4151818026212833 0.4215554903495044 0.1857394366197183 0.20950704225352118
0 0.7659694713419406 0.3805142583898452 0.17913732394366189 0.25117370892018787
0 0.08410266285211267 0.004324791340636412 0.05149647887323945 0.2341549295774648
0 0.08597295579029733 0.3380863110763345 0.20950704225352113 0.06279342723004694
0 0.3694294674295775 0.0893513084680925 0.21786971830985913 0.16138497652582157
0 0.6000391236306729 0.38051860545992 0.1830985915492959 0.2558685446009389
0 0.3751216500391236 0.029397604764388803 0.1751760563380281 0.059272300469483556
0 0.20831316021126756 0.7859790688575901 0.18221830985915496 0.19542253521126757
0 0.3971100474374022 0.7525620544253173 0.14832746478873235 0.23180751173708908
0 0.09471005721830987 0.8282037906451052 0.11487676056338027 0.16431924882629098
0 0.8455692488262911 0.7437538036863154 0.08450704225352107 0.22593896713615017
0 0.5524757922535212 0.7408217049208833 0.14260563380281688 0.22828638497652576
0 0.13440220314945225 0.010192249174056684 0.22931338028169013 0.232981220657277
0 0.9076003765649452 0.0365909189706138 0.0431338028169015 0.22241784037558682
0 0.06040627445226917 0.4068863023821944 0.15404929577464788 0.21185446009389666
0 0.6928947818857591 0.021808707181359768 0.1628521126760562 0.10269953051643192
0 0.6277982565532081 0.14798676317162232 0.22667253521126765 0.10739436619718308
