0 0.9201836312585734 0.31952970202713005 0.06442901234567905 0.09207818930041153
0 0.07332711762688615 0.2927592973632068 0.03549382716049381 0.06893004115226338
0 0.5000316143689986 0.41161265432098765 0.04552469135802476 0.09722222222222222
0 0.20373371056241424 0.40336934156378595 0.04320987654320988 0.08333333333333333
0 0.2068166473765432 0.3195135078494132 0.03819444444444445 0.07458847736625514
0 0.1227106374314129 0.2963586915104405 0.03665123456790123 0.0673868312757202
0 0.5590596600651577 0.29895357033988723 0.045910493827160476 0.09207818930041153
0 0.10033329046639233 0.5499576093583295 0.03549382716049381 0.06532921810699588
0 0.5872240440672153 0.5674744703551289 0.04706790123456794 0.09465020576131693
0 0.5559710969650206 0.41366121780216436 0.04282407407407405 0.08744855967078186
0 0.6065122920953361 0.41263193491845757 0.0443672839506173 0.08693415637860084
0 0.6466360168038409 0.5720988606919676 0.0447530864197531 0.08899176954732518
0 0.2766557355967078 0.39669352994970275 0.050925925925925916 0.0956790123456791
0 0.057509752229080925 0.552022367017223 0.036265432098765434 0.07304526748971196
0 0.15782402049039781 0.14204770614235632 0.0443672839506173 0.07818930041152264
0 0.032438485939643345 0.14000581085200428 0.04475308641975308 0.09516460905349794
0 0.20488736711248284 0.649764231824417 0.03780864197530865 0.0787037037037037
0 0.5027314278978052 0.3107796067672611 0.0443672839506173 0.08641975308641979
0 0.5895377872085047 0.669328227404359 0.04552469135802476 0.09670781893004106
0 0.5366823131001371 0.5659326893766196 0.0447530864197531 0.0961934156378601
0 0.3237166709533608 0.30871246761164456 0.04089506172839504 0.07613168724279841
0 0.0659968707133059 0.4012950579180003 0.03549382716049383 0.06532921810699592
0 0.14548021690672153 0.5509807003505564 0.047067901234567895 0.05915637860082307
0 0.020090931498628256 0.2901863283036123 0.04205246913580247 0.06790123456790116
0 0.639305234053498 0.6729342897424173 0.04398148148148135 0.10236625514403301
0 0.1184646669238683 0.13743474698978814 0.03356481481481484 0.09619341563786005
0 0.06523544667352538 0.02941910531931108 0.05015432098765433 0.10596707818930043
0 0.16745943715706446 0.31128496037189457 0.03047839506172839 0.07664609053497937
0 0.25619588048696845 0.3076822321292486 0.03317901234567901 0.07458847736625514
0 0.5386086462620027 0.672410360463344 0.04089506172839508 0.09207818930041153
0 0.22765908993484224 0.5535541457094955 0.051311728395061706 0.06069958847736624
0 0.6215513545953361 0.2968935756744399 0.033950617283950636 0.08950617283950608
0 0.4923112782921811 0.6580008763907941 0.039351851851851825 0.08539094650205767
0 0.1146128043552812 0.3961519775948788 0.04243827160493827 0.06635802469135804
0 0.4899980709876543 0.5638645976223138 0.041666666666666664 0.0848765432098765
0 0.1555129565329218 0.0180927069044353 0.04976851851851851 0.09567901234567901
0 0.7033422818072702 0.578779435299497 0.03510802469135794 0.08179012345679015
0 0.07679880401234568 0.14051973784484076 0.034722222222222224 0.09465020576131686
0 0.577582733196159 0.07309242112482853 0.052469135802469126 0.05092592592592592
0 0.3383825231481481 0.1481886335924402 0.04861111111111119 0.043724279835390956
0 0.8244936342592593 0.4167576398414876 0.04861111111111111 0.09825102880658435
0 0.28321277006172835 0.18779768709038258 0.04861111111111107 0.043724279835390956
0 0.01622781635802469 0.3987220888584057 0.034722222222222224 0.06430041152263376
0 0.7110733346193415 0.41058622923334853 0.0567129629629631 0.09979423868312756
0 0.9491083676268862 0.15028196921201037 0.0493827160493827 0.0823045267489712
0 0.7785852837791495 0.31386412132296904 0.05169753086419762 0.0843621399176955
0 0.7677860296639232 0.41983548620637096 0.05632716049382714 0.08899176954732513
0 0.8920098701131687 0.13486368312757202 0.04976851851851857 0.09722222222222225
0 0.7099070859053499 0.3159174477975918 0.04398148148148135 0.07973251028806587
0 0.8364513674554185 0.6749723746380125 0.0455246913580246 0.0812757201646091
0 0.6520418059842249 0.3035841525682061 0.051311728395061824 0.09310699588477366
0 0.9626071673525377 0.3246556355738454 0.04320987654320984 0.0725308641975309
0 0.8449293767146776 0.3143842402072855 0.031635802469135714 0.0905349794238683
0 0.9139925733024691 0.422913808870599 0.03819444444444445 0.08024691358024698
0 0.8835125707304526 0.3220979080932785 0.035879629629629685 0.08796296296296297
0 0.9394603587962963 0.042255372656607226 0.04513888888888889 0.08024691358024692
0 0.8264269332990398 0.18009116369455877 0.054783950617283965 0.05401234567901233
0 0.9587488747427985 0.4321640184423106 0.042824074074073966 0.07047325102880656
0 0.734986657664609 0.9028525567748819 0.04745370370370381 0.08076131687242794
0 0.20875021433470506 0.9028349336991313 0.0447530864197531 0.06172839506172825
0 0.4996492948388203 0.8704575331504344 0.05054012345679008 0.09413580246913567
0 0.5532718192729766 0.8858753429355282 0.044753086419753174 0.0787037037037035
0 0.29092801568930043 0.8128248361530256 0.04745370370370365 0.07304526748971196
0 0.33066674168381344 0.6513303040695017 0.048996913580246985 0.10339506172839502
0 0.6477894054355281 0.8874223632068283 0.038966049382716035 0.08281893004115227
0 0.09494116512345681 0.8730128791342783 0.04861111111111109 0.07613168724279841
0 0.2010357724622771 0.807669372046944 0.047067901234567895 0.06069958847736635
0 0.07333381558641976 0.6564371856424325 0.04513888888888887 0.06327160493827175
0 0.6983276534636489 0.8971922153635117 0.0362654320987654 0.0787037037037037
0 0.2534998178155007 0.9069434918457552 0.0397376543209877 0.05452674897119354
0 0.15821410965363514 0.8940853147386069 0.0505401234567901 0.05658436213991778
0 0.04208354766803841 0.8658078989483311 0.044753086419753084 0.0725308641975308
0 0.1636046274862826 0.6579775377229081 0.03510802469135799 0.06018518518518518
0 0.30018834662208504 0.8946192463039172 0.048996913580246944 0.07767489711934149
0 0.8893046982167353 0.6775443910989178 0.04320987654320984 0.0812757201646091
0 0.6863760823902606 0.6713863168724279 0.0482253086419754 0.09722222222222222
0 0.7866857960390946 0.9126195511354976 0.04976851851851857 0.07355967078189302
0 0.8557412229938272 0.9141618084133516 0.04513888888888889 0.0725308641975308
0 0.9139941808127573 0.8313471650663008 0.0405092592592592 0.07716049382716053
0 0.9101307977537721 0.9085062299954275 0.032793209876543335 0.07561728395061736
0 0.7446325231481481 0.6759954656302393 0.04861111111111111 0.07510288065843619
0 0.2083719135802469 0.013907464563328762 0.05555555555555555 0.020061728395061727
0 0.21415814686213994 0.047358920134125904 0.05439814814814813 0.03652263374485597
0 0.21416055812757204 0.08541190367322055 0.05787037037037036 0.022633744855967062
0 0.21839661565500684 0.1214382335009907 0.04668209876543206 0.04218106995884775
0 0.21184788665980794 0.16668905273586343 0.060956790123456825 0.024176954732510293
0 0.22071518132716048 0.19395814281359547 0.05208333333333337 0.03034979423868315
0 0.27282155564128946 0.1651406035665295 0.08526234567901231 0.018518518518518517
0 0.275115204903978 0.13221831656759642 0.054783950617283965 0.01800411522633746
0 0.27627020104595335 0.09261783645785704 0.051311728395061706 0.027263374485596695
0 0.26971986454046637 0.04581952065233958 0.06327160493827162 0.04063786008230452
0 0.27511118612825786 0.006714868160341412 0.048996913580246944 0.029835390946502057
0 0.3399131408607681 0.03962477137631459 0.030478395061728374 0.016975308641975304
0 0.34339098936899864 0.06535589087029416 0.03858024691358024 0.028806584362139932
0 0.3352883337620028 0.09724175049535132 0.03742283950617278 0.021090534979423876
0 0.34223438571673526 0.1337600975461058 0.03973765432098766 0.016460905349794233
0 0.34108474794238686 0.19394718792866938 0.050925925925925916 0.018518518518518517
0 0.38852210862482855 0.055073064319463495 0.027391975308641982 0.03446502057613168
0 0.002720443244170096 0.130755124980948 0.028549382716049385 0.10442386831275723
0 0.34994105795610425 0.4013145861911294 0.026234567901234525 0.08641975308641973
0 0.4124576688957476 0.18388441167504954 0.05015432098765429 0.26183127572016457
0 0.00504704646776406 0.5525377229080932 0.0455246913580247 0.07407407407407407
0 0.011993634259259258 0.6358710562414266 0.04861111111111111 0.07407407407407407
0 0.29323747213648843 0.5484167809785094 0.03973765432098762 0.06790123456790116
0 0.039384805812757204 0.7870975270538029 0.0474537037037037 0.06532921810699588
0 0.600724451303155 0.8838205875628715 0.04320987654320984 0.08179012345679015
0 0.46144413365912207 0.8205346936442616 0.035108024691358014 0.06635802469135799
0 0.4703114283264747 0.9007973251028807 0.026234567901234525 0.08333333333333344
0 0.965300550840192 0.876625609663161 0.032793209876543175 0.08899176954732518
0 0.9653013545953362 0.6435942501143118 0.033950617283950636 0.08179012345679015
0 0.8800357938957475 0.4182879896357263 0.02932098765432111 0.0843621399176954
0 0.49657332390260633 0.0730871818320378 0.06558641975308643 0.045267489711934165
0 0.501197595164609 0.12297048849260782 0.057870370370370315 0.03034979423868312
0 0.4965727880658436 0.15486635040390184 0.06481481481481476 0.03343621399176955
0 0.5023533950617284 0.18933565767413507 0.05555555555555555 0.038065843621399156
0 0.5814501350308642 0.1276015470202713 0.06597222222222231 0.03189300411522635
0 0.5860703875171467 0.16822845221764973 0.05246913580246921 0.020061728395061745
0 0.5849143197016461 0.1908802964487121 0.054398148148148175 0.03960905349794238
0 0.6485717271090534 0.20167847889041304 0.054398148148148175 0.03497942386831278
0 0.6393213091563787 0.1594969326322207 0.06712962962962953 0.03446502057613167
0 0.6462657536008231 0.1229733462886755 0.06712962962962961 0.03343621399176955
0 0.6451051311728395 0.09262069425392472 0.0625 0.03034979423868312
0 0.6416304976851852 0.04427250038103948 0.059027777777777776 0.03652263374485596
0 0.6439351316015088 0.02162589544276787 0.0443672839506173 0.02263374485596708
0 0.7099143197016461 0.023167676421277244 0.054398148148148175 0.02109053497942387
0 0.7041296939300411 0.05196997408931565 0.057870370370370315 0.01646090534979424
0 0.7018245241769547 0.08387821978356959 0.0717592592592592 0.032921810699588466
0 0.7234112439986282 0.11526729919219632 0.0455246913580246 0.04423868312757202
0 0.7087609310699589 0.16257525529644873 0.06018518518518516 0.025720164609053492
0 0.7087553047839507 0.19087886755067826 0.05208333333333341 0.03806584362139918
0 0.7735620820473252 0.20013241121780218 0.0405092592592592 0.03189300411522635
0 0.7766463584533607 0.16515012955342176 0.03742283950617286 0.028806584362139894
0 0.7619992605452676 0.12451798506325257 0.056712962962963014 0.03497942386831275
0 0.7700946823559671 0.09108319996951683 0.04745370370370365 0.03652263374485597
0 0.7754897548010973 0.05507163542142966 0.038580246913580314 0.03292181069958848
0 0.760840245627572 0.013916990550221003 0.0543981481481481 0.030349794238683128
0 0.8210318608539094 0.002089525224813291 0.06365740740740745 0.03446502057613169
0 0.8279706790123457 0.04735320454199055 0.05555555555555555 0.03034979423868312
0 0.8256558641975309 0.09415152034750801 0.05555555555555555 0.016975308641975304
0 0.8152504501028808 0.12451798506325257 0.0717592592592592 0.03497942386831275
0 0.8245054226680384 0.16102918762383783 0.0655864197530865 0.02263374485596709
0 0.8993055555555556 0.13940329218106995 0.0 0.0
0 0.8958633401920438 0.04124180765127267 0.04320987654320984 0.09670781893004118
0 0.8923611111111112 0.060699588477366256 0.0 0.0
0 0.7893823945473252 0.6708590534979424 0.04398148148148143 0.08333333333333333
0 0.8676965449245543 0.8205418381344307 0.03858024691358016 0.07407407407407407
0 0.3433995627572016 0.8159164951989026 0.050925925925925875 0.0787037037037037
0 0.3534266760973937 0.8992541152263375 0.045524691358024685 0.08333333333333333
0 0.11769252614883399 0.027870179850632525 0.03279320987654322 0.09979423868312756
