0 0.29558443715706445 0.8206085200426765 0.08603395061728397 0.14609053497942381
0 0.2235224301268861 0.5433589582380735 0.20563271604938277 0.16100823045267493
0 0.4785102666323731 0.5813981290961743 0.16589506172839508 0.13220164609053503
0 0.41720786179698216 0.07997732815119647 0.22376543209876548 0.26440329218106995
0 0.09802463777434842 0.5978004496265813 0.04436728395061728 0.06893004115226338
0 0.16245606138545954 0.6044876924249352 0.047839506172839504 0.06893004115226349
0 0.004684552897805212 0.47950674439871965 0.07908950617283951 0.08950617283950624
0 0.4869963134430727 0.494393480414571 0.16358024691358025 0.05606995884773661
0 0.0004436728395061729 0.5870194139612864 0.08333333333333333 0.09207818930041153
0 0.10882389188957475 0.49338324950464857 0.03973765432098766 0.07613168724279841
0 0.7265343685699588 0.4856467192501143 0.09837962962962968 0.05401234567901238
0 0.9167210540980796 0.5721679240969364 0.07831790123456793 0.1635802469135803
0 0.510888470936214 0.8206142356348118 0.12384259259259255 0.1522633744855967
0 0.16711944873113854 0.7815557841792409 0.0964506172839506 0.1913580246913582
0 0.39204282407407404 0.8144623532998019 0.09722222222222222 0.1748971193415637
0 0.07605613425925926 0.7892632601737539 0.0763888888888889 0.18209876543209882
0 0.008135073731138547 0.7655959457399786 0.047839506172839504 0.17695473251028815
0 0.8480790252057613 0.13442786922725197 0.12268518518518524 0.18209876543209877
0 0.666750257201646 0.5572516575217192 0.12037037037037047 0.16512345679012339
