0 0.48244143681533647 0.8246701660580769 0.067781690140845 0.15082159624413155
0 0.1378071816314554 0.22254118848895843 0.06205985915492958 0.1332159624413146
0 0.0704659379890454 0.20789264910450356 0.06249999999999999 0.15786384976525816
0 0.3640276555164319 0.14513236828377674 0.04489436619718311 0.19366197183098588
0 0.4084809639084507 0.1457262867327421 0.04357394366197182 0.20129107981220656
0 0.5053345681729264 0.237768431577117 0.07614436619718296 0.09976525821596248
0 0.5999599594092332 0.23132335680751176 0.06910211267605636 0.11091549295774648
0 0.13693454127543037 0.5235611198052512 0.07306338028169015 0.09389671361502352
0 0.0854246136541471 0.07112241349330552 0.05369718309859157 0.12206572769953054
0 0.45293152142018783 0.15216375412971658 0.03829225352112676 0.181924882629108
0 0.40056484741784043 0.520619240132151 0.05281690140845067 0.08568075117370881
0 0.2887797706377152 0.10586365414710484 0.06822183098591551 0.24823943661971828
0 0.691071253912363 0.23366425404277516 0.07218309859154932 0.10387323943661973
0 0.6822699652777777 0.59399941314554 0.0743838028169015 0.11091549295774648
0 0.7707349129499218 0.23952464788732397 0.06954225352112675 0.09507042253521127
0 0.3363174271322379 0.6110225395583376 0.07174295774647889 0.11561032863849766
0 0.864483995989828 0.6109910233002955 0.06822183098591555 0.08157276995305161
0 0.22012421752738656 0.5171024604416622 0.07746478873239436 0.09037558685446019
0 0.32047021713615026 0.5188467223091637 0.06866197183098587 0.07276995305164304
0 0.2165905589788732 0.22371272387410887 0.05941901408450707 0.13086854460093894
0 0.08409777239827855 0.5329448139454007 0.04445422535211268 0.08744131455399064
0 0.7659031445618154 0.6133389845244306 0.08362676056338027 0.08215962441314559
0 0.5968676643192489 0.08458854981742306 0.05281690140845067 0.0880281690140845
0 0.5299552523474178 0.5352797339593114 0.03697183098591555 0.073943661971831
0 0.05814474520735524 0.6227487610850287 0.0664612676056338 0.10387323943661973
0 0.22144433440923317 0.621571791862285 0.07702464788732395 0.1003521126760563
0 0.0026894439553990608 0.06996337593462006 0.06998239436619719 0.13791079812206572
0 0.9322629352503912 0.2078480916362372 0.06426056338028177 0.10974178403755867
0 0.4648278560250391 0.5270713788906278 0.05633802816901405 0.08215962441314549
0 0.6373468676643192 0.6168682620413841 0.03301056338028161 0.09096244131455386
0 0.41950588077073553 0.6139540949400105 0.07438380281690134 0.1126760563380281
0 0.006638791079812205 0.21667753434185358 0.05281690140845071 0.13849765258215965
0 0.9168677865805946 0.5106378238567205 0.07834507042253527 0.08039906103286387
0 0.8504004059076683 0.2283803903668927 0.06954225352112675 0.10152582159624414
0 0.9340204420970266 0.6063016214571378 0.05985915492957743 0.08744131455399064
0 0.7249627102895149 0.43786895757259603 0.07306338028168997 0.08157276995305172
0 0.8209103579812206 0.5206067423056859 0.06866197183098612 0.07218309859154928
0 0.3226733665884194 0.8311201312815162 0.07218309859154928 0.14495305164319253
0 0.6778710020539906 0.8094048861067641 0.0779049295774648 0.1431924882629108
0 0.07399195520344287 0.8446134367936011 0.06954225352112677 0.14025821596244115
0 0.8521689162754302 0.7965196270213876 0.08098591549295785 0.17077464788732397
0 0.4071797975352113 0.8193955399061033 0.07130281690140844 0.15845070422535218
0 0.1549827611502347 0.8358073595896366 0.07658450704225356 0.13673708920187794
0 0.24124272544992179 0.8328806946617978 0.06558098591549294 0.14495305164319253
0 0.7694151017214398 0.8029516605807686 0.07042253521126757 0.1455399061032864
0 0.5647529709507042 0.827600634672231 0.0752640845070423 0.14671361502347402
0 0.9397422730829422 0.7941531907494349 0.05985915492957743 0.15023474178403745
0 0.18226324090375587 0.10397213528082072 0.0647007042253521 0.1068075117370892
0 0.49828925811815333 0.12451421491914451 0.07174295774647885 0.1091549295774648
0 0.5216109154929578 0.07812282646496262 0.06338028169014073 0.07687793427230044
0 0.688432548415493 0.11981557555207789 0.07526408450704222 0.1050469483568075
0 0.6316381797730829 0.16731220657276996 0.051936619718309866 0.06338028169014083
0 0.6593694982394366 0.07930251260650321 0.05545774647887324 0.0833333333333333
0 0.7438725669992174 0.0699204486176317 0.049735915492957854 0.09154929577464789
0 0.7865769268388106 0.13035885063467223 0.06514084507042242 0.08333333333333333
0 0.8666856171752739 0.1397441749260998 0.06954225352112675 0.07863849765258216
0 0.9129004059076683 0.08579214484437489 0.06954225352112675 0.12030516431924883
0 0.13561411874021911 0.6321237610850288 0.07306338028169011 0.0880281690140845
0 0.0026744669405320814 0.6198226395409493 0.04841549295774648 0.11267605633802831
0 0.49957819835680756 0.6186342592592593 0.026408450704225258 0.09683098591549298
0 0.5273183807707356 0.6233209441836203 0.042693661971830936 0.08802816901408461
0 0.5792617248630673 0.6168698921926622 0.05237676056338035 0.09272300469483558
0 0.5735261394757434 0.5411471917927317 0.03257042253521129 0.07276995305164326
0 0.6245928697183099 0.5364463788906277 0.04753521126760568 0.06631455399061026
0 0.7276011101330204 0.531760237350026 0.06954225352112675 0.07570422535211281
0 0.004881895539906103 0.8223374195792036 0.05809859154929578 0.16666666666666677
