0 0.8785209833676269 0.41064481405273584 0.07021604938271603 0.16306584362139911
0 0.35462748628257884 0.1308260935832952 0.10802469135802469 0.18106995884773666
0 0.12232751414609054 0.16683908702941624 0.040509259259259266 0.1862139917695473
0 0.7373357660322358 0.6256306203322665 0.0968364197530865 0.12551440329218105
0 0.08374378429355281 0.16426230757506474 0.03549382716049382 0.18106995884773663
0 0.5116608796296296 0.43631258573388204 0.125 0.10648148148148154
0 0.11654503172153634 0.4558784865112026 0.047067901234567916 0.12654320987654313
0 0.4753608860596708 0.15857815119646396 0.07523148148148151 0.15329218106995887
0 0.05365547839506173 0.4553793247980491 0.041666666666666664 0.1430041152263374
0 0.02742921596364883 0.1580970888584057 0.053626543209876545 0.18930041152263374
0 0.18482322745198898 0.14626724203627495 0.034336419753086427 0.19084362139917693
0 0.5521345057441701 0.1709109701265051 0.07368827160493825 0.13940329218106995
0 0.6416495198902606 0.23977718716659044 0.08641975308641985 0.07047325102880661
0 0.2990890775034294 0.47485282350251484 0.132716049382716 0.06327160493827154
0 0.48428337191358034 0.3596355357415028 0.14583333333333326 0.07304526748971196
0 0.6451279042352538 0.46199798049077884 0.09529320987654318 0.06893004115226344
0 0.441007051611797 0.3951955685108977 0.05015432098765429 0.14454732510288074
0 0.0011922367969821673 0.430202617741198 0.050154320987654315 0.17438271604938266
0 0.3025650505829904 0.3436695054107605 0.13811728395061731 0.05195473251028809
0 0.7473695773319616 0.1930126886145405 0.10108024691358032 0.12037037037037035
0 0.9329156485768176 0.19707361682670324 0.06520061728395063 0.06172839506172841
0 0.7396511166838136 0.07829122847126962 0.0976080246913581 0.11008230452674898
0 0.7415903099279836 0.40752076665142506 0.1122685185185184 0.1224279835390946
0 0.9147842721193414 0.6220621856424325 0.06712962962962968 0.16049382716049387
0 0.8472642854080933 0.25930784179240973 0.06057098765432095 0.052469135802469154
0 0.8399353780864198 0.6348760669105319 0.0625 0.11059670781893005
0 0.8491895468964334 0.20580656531016614 0.055169753086419686 0.04886831275720164
0 0.25816722393689984 0.13339191815272064 0.09413580246913575 0.1743827160493827
0 0.5108662337105625 0.8457752248132906 0.09182098765432087 0.1039094650205763
0 0.30253825874485596 0.8612135154702026 0.09953703703703706 0.11059670781892995
0 0.08260513117283952 0.7449669448254839 0.06249999999999999 0.11985596707818931
0 0.4040102023319615 0.8596555403139766 0.10802469135802469 0.09465020576131672
0 0.6130985296639232 0.8467854557232128 0.08410493827160492 0.0838477366255145
0 0.3897280092592592 0.6286736968449932 0.09722222222222222 0.0787037037037036
0 0.5085666902434842 0.6482557918000305 0.11381172839506175 0.1162551440329218
0 0.030515099879972564 0.7403263603109281 0.05285493827160494 0.10802469135802466
0 0.29828960905349794 0.7042590687395214 0.09259259259259255 0.044238683127572065
0 0.6065382801783266 0.10245532312147539 0.08179012345679008 0.09619341563786009
0 0.16129249185528122 0.7038308756287152 0.038966049382716035 0.1373456790123456
0 0.30484074931412897 0.6250747789971041 0.08179012345679008 0.08076131687242794
0 0.728843289180384 0.804584857491236 0.08989197530864207 0.06275720164609058
0 0.3935900527263375 0.7299730414570951 0.1030092592592592 0.037551440329218096
0 0.8781335733882031 0.7875900205761316 0.0679012345679011 0.041666666666666664
0 0.935230195473251 0.26496580170705686 0.06481481481481476 0.05195473251028809
0 0.7493034122085048 0.871947397500381 0.1080246913580246 0.03652263374485598
0 0.7226900077160494 0.9043509945130316 0.11805555555555555 0.032407407407407406
