0 0.014320237482853222 0.16988645023624446 0.0655864197530864 0.14403292181069954
0 0.07797684113511659 0.16270242722146017 0.06442901234567902 0.16306584362139917
0 0.13893711419753088 0.15962458085657674 0.06944444444444445 0.17232510288065842
0 0.2095346793552812 0.1652749199817101 0.06327160493827166 0.16358024691358025
0 0.2762835969650206 0.15191853376009756 0.07060185185185186 0.18312757201646088
0 0.3522810570987654 0.16271242950769702 0.0625 0.1738683127572016
0 0.4182460455246914 0.1729881115683585 0.052083333333333336 0.16049382716049385
0 0.4772684649348422 0.18224165523548239 0.0443672839506173 0.15432098765432098
0 0.5282101980452675 0.1551045000762079 0.06712962962962968 0.2906378600823045
0 0.5953371484910837 0.1520499923792105 0.06327160493827151 0.3251028806584362
0 0.6586050025720164 0.1566753353147386 0.057870370370370475 0.3204732510288066
0 0.7245804398148149 0.1715763603109282 0.0625 0.30246913580246915
0 0.785914994855967 0.1746656378600823 0.050925925925925875 0.3055555555555556
0 0.8607638888888889 0.17158064700502973 0.05555555555555555 0.30709876543209874
0 0.006218653549382716 0.34269023395823806 0.06597222222222222 0.1054526748971193
0 0.0733442644032922 0.36531302392927906 0.06018518518518518 0.09362139917695482
0 0.1528171617798354 0.34988949855205 0.056712962962962916 0.10288065843621397
0 0.21300368655692734 0.34989235634811766 0.058641975308641944 0.10596707818930043
0 0.27858715920781896 0.35143127953055936 0.05439814814814813 0.10133744855967074
0 0.3410815329218107 0.35143842402072856 0.04629629629629631 0.10905349794238682
0 0.3966569144375857 0.34989807194025296 0.07484567901234572 0.11213991769547323
0 0.47958006472908093 0.3637726718488036 0.0397376543209877 0.09670781893004111
0 0.009728652263374485 0.614849108367627 0.12037037037037038 0.14814814814814814
0 0.134717399691358 0.599949512269471 0.10416666666666671 0.16769547325102888
0 0.24348556455761314 0.6071068625209571 0.06365740740740738 0.11985596707818931
0 0.3060120884773662 0.6523700655387898 0.1018518518518519 0.11522633744855969
0 0.4306147655178326 0.6282240702636793 0.08526234567901238 0.1486625514403292
0 0.5235947680898491 0.6266751447950006 0.0875771604938273 0.1424897119341564
0 0.6211963627400549 0.6194830246913581 0.07831790123456786 0.1527777777777778
0 0.7087687007030178 0.6343869074836154 0.07137345679012341 0.13786008230452676
0 0.42714173954046636 0.833990626428898 0.08410493827160492 0.15432098765432095
0 0.5259055641289438 0.8401606081390032 0.08179012345679 0.1512345679012347
0 0.6100105024005488 0.8339934842249657 0.08179012345679015 0.15740740740740752
0 0.700668456361454 0.8417023891175126 0.07368827160493825 0.14969135802469144
0 0.3445727773491084 0.8313833638164914 0.0736882716049383 0.1162551440329219
0 0.26740906850137175 0.8370127457704619 0.06905864197530866 0.0848765432098765
0 0.1763685270919067 0.8354890641670477 0.08179012345679014 0.10596707818930043
0 0.09148957261659808 0.8370337029416248 0.0783179012345679 0.1075102880658436
0 0.7859133873456791 0.8175397233653406 0.04861111111111095 0.16512345679012339
0 0.841479391718107 0.8206147119341565 0.0636574074074073 0.15277777777777768
0 0.8688657407407407 0.5968659503124523 0.05555555555555555 0.17078189300411534
0 0.9221220207475994 0.4364626200274349 0.07793209876543207 0.2685185185185185
