0 0.04627744767214398 0.024172426534515738 0.09022887323943662 0.12030516431924883
0 0.05991539514866979 0.1415378847157016 0.08098591549295776 0.11443661971830986
0 0.13210185592723003 0.012446205007824724 0.0858274647887324 0.13204225352112678
0 0.1422171483763693 0.1491615588593288 0.0743838028169014 0.10856807511737093
0 0.2311164294796557 0.10575769431403234 0.061179577464788755 0.13380281690140847
0 0.2909761957159625 0.1010878542862111 0.06205985915492956 0.16079812206572772
0 0.22451951291079814 0.0006841201530168666 0.06866197183098591 0.10504694835680752
0 0.29318423562206575 0.0030320813771517996 0.07262323943661973 0.1056338028169014
0 0.3812090424491393 0.003017953399408798 0.06778169014084506 0.09037558685446011
0 0.3860411164906103 0.09519268388106415 0.05413732394366204 0.13204225352112678
0 0.44239075948748047 0.09346037645626849 0.07086267605633796 0.16255868544600938
0 0.4489901212832551 0.005949508781081551 0.06690140845070426 0.08744131455399062
0 0.5202901873043818 0.09343972787341333 0.06294014084507048 0.1402582159624413
0 0.5924726745892018 0.09344081464093201 0.062059859154929516 0.1414319248826291
0 0.6602494742762128 0.002992957746478873 0.05501760563380284 0.06338028169014084
0 0.6668613678599374 0.09931642323074248 0.06910211267605636 0.14906103286384978
0 0.7368367321987481 0.09344081464093201 0.05897887323943678 0.1414319248826291
0 0.7187970706181535 0.003010889410537298 0.06778169014084515 0.08274647887323944
0 0.8451214666471047 0.0030223004694835682 0.0735035211267607 0.09507042253521128
0 0.8363152875586854 0.09519974786993567 0.06866197183098595 0.13967136150234744
0 0.920817133705008 0.09051904016692748 0.06117957746478864 0.15492957746478875
0 0.037035406885759 0.3205105633802817 0.09154929577464789 0.09507042253521127
0 0.12769953051643193 0.31641181968353327 0.08450704225352111 0.10504694835680753
0 0.2166128716744914 0.3310777473482872 0.09154929577464786 0.09917840375586856
0 0.3103650112480438 0.36155940271257175 0.09463028169014084 0.06161971830985914
0 0.4005993862480438 0.3551181316292819 0.10255281690140844 0.0768779342723005
0 0.526040444053208 0.31465723352460445 0.10387323943661982 0.11150234741784036
0 0.7447699652777777 0.3234589636584942 0.0743838028169015 0.11032863849765262
0 0.08237205350156494 0.48483633281168487 0.09463028169014084 0.10211267605633813
0 0.1849126442683881 0.4695976786645801 0.07702464788732395 0.12323943661971828
0 0.26633839495305167 0.4848488306381498 0.07658450704225347 0.11561032863849777
0 0.34293329420970264 0.483092614327943 0.0915492957746479 0.12030516431924883
0 0.46617976085680746 0.4877749521822292 0.10167253521126772 0.10680751173708919
0 0.5867979142214398 0.49366034167970785 0.12984154929577457 0.125
0 0.7122184932511737 0.4924877195270387 0.10167253521126757 0.12617370892018784
0 0.8464324139280126 0.3839310554686141 0.05985915492957743 0.1384976525821597
0 0.9106819737871674 0.3716060250391236 0.044014084507042306 0.13732394366197184
0 0.09824004792644758 0.6474797861241524 0.12764084507042253 0.19366197183098585
0 0.19860469239045386 0.662164188836724 0.14568661971830987 0.20774647887323935
0 0.32178819444444445 0.7495299730481656 0.06514084507042253 0.12617370892018773
0 0.3838370500782473 0.7571579942618675 0.04929577464788729 0.125
0 0.5687020124217527 0.7753559163623717 0.057658450704225414 0.13086854460093902
0 0.6342741343896713 0.7330844635715528 0.04489436619718319 0.11150234741784036
0 0.6884194053208138 0.7794503129890454 0.05633802816901397 0.11619718309859153
0 0.7518042718114242 0.7794736784906974 0.06294014084507041 0.1414319248826291
0 0.8160532203638498 0.6485817683881064 0.04621478873239432 0.11619718309859153
0 0.8600767801251957 0.6427213745435576 0.05985915492957743 0.125
0 0.9524977992957746 0.7448726308468091 0.04753521126760568 0.16666666666666677
