0 0.8565286351165982 0.81083628638927 0.0679012345679011 0.1476337448559671
0 0.6211995777606311 0.10465677869227251 0.08294753086419754 0.2515432098765432
0 0.25313812800068586 0.08975003810394756 0.07445987654320985 0.26337448559670784
0 0.5262951174554185 0.07433508611492151 0.08719135802469134 0.28189300411522633
0 0.4336998456790124 0.07998971193415638 0.08333333333333326 0.2777777777777778
0 0.33724762088477367 0.08872075522024082 0.08101851851851857 0.2628600823045268
0 0.7126398533950618 0.09541609510745312 0.09027777777777778 0.2716049382716049
0 0.557143239883402 0.4539185147081238 0.06404320987654318 0.23199588477366254
0 0.6474277156207133 0.45755648910227104 0.07368827160493817 0.2721193415637859
0 0.23924763160150894 0.4431512917238226 0.07214506172839508 0.2700617283950616
0 0.4861563893175583 0.45288780292638314 0.06520061728395063 0.22993827160493827
0 0.16439820173182443 0.44313747904282885 0.0667438271604938 0.2551440329218107
0 0.36576699674211255 0.4549758992531626 0.037808641975308574 0.2628600823045268
0 0.102661233281893 0.4431260478585582 0.054398148148148154 0.24279835390946497
0 0.8183355302640605 0.10106357643651882 0.06983024691358015 0.2597736625514403
0 0.7257268625685871 0.46113302088096325 0.04668209876543206 0.2458847736625515
0 0.854981674382716 0.4693420400853528 0.0625 0.2227366255144033
0 0.8966352130486968 0.13292419219631155 0.04359567901234571 0.22479423868312753
0 0.784766428755144 0.46677526291723825 0.06365740740740745 0.22839506172839502
0 0.9510365762174211 0.15914018442310626 0.0482253086419754 0.20473251028806588
0 0.526287079903978 0.8067472565157751 0.07561728395061722 0.17592592592592593
0 0.2639368462791495 0.789239921505868 0.06905864197530866 0.15689300411522636
0 0.0802940672153635 0.78616779073312 0.06790123456790123 0.17232510288065842
0 0.17288692772633746 0.7846174363664076 0.06828703703703705 0.16460905349794244
0 0.44141053669410146 0.8129058070416095 0.07561728395061722 0.16049382716049376
0 0.6088332690329218 0.8226566072245085 0.0532407407407408 0.13580246913580243
0 0.7110757458847736 0.8082733196159122 0.060185185185185314 0.1574074074074074
0 0.7774388610253774 0.8056984453589392 0.0675154320987654 0.15432098765432106
0 0.6663095314643347 0.8473446311537874 0.041280864197530874 0.13220164609053503
0 0.0004133980624142661 0.047548010973936905 0.03973765432098765 0.24074074074074073
0 0.32525291495198905 0.4539266117969822 0.030864197530864244 0.24074074074074073
0 0.00621945730452675 0.7769518747142204 0.06712962962962964 0.21913580246913586
0 0.0007975930212620028 0.3999242684042067 0.03742283950617284 0.2515432098765432
0 0.922085048010974 0.4862778158817253 0.02469135802469143 0.1800411522633745
