0 0.003895265346364883 0.21414847203170248 0.05362654320987654 0.16923868312757204
0 0.06871222350823045 0.21259002057613166 0.05671296296296298 0.15277777777777776
0 0.13005722736625516 0.2110549077884469 0.060185185185185196 0.16152263374485595
0 0.0015828617969821676 0.3787256134735559 0.05709876543209876 0.13477366255144033
0 0.06408741640946503 0.3725499161713154 0.06365740740740743 0.13168724279835392
0 0.13352784207818932 0.37408883935375703 0.05787037037037036 0.1270576131687243
0 0.21182350608710562 0.20179183813443075 0.02584876543209877 0.1574074074074074
0 0.19254758230452676 0.35759268785246145 0.04629629629629631 0.08899176954732513
0 0.024371731395747602 0.6086862711476908 0.09529320987654322 0.15895061728395068
0 0.1775867519718793 0.44982948483462887 0.1693672839506173 0.26028806584362146
0 0.4534282836076817 0.22297906188081085 0.15895061728395063 0.2618312757201647
0 0.6339632094478738 0.19879067596402988 0.1292438271604939 0.2494855967078189
0 0.6532683363340192 0.5712353299801859 0.1508487654320988 0.2674897119341564
0 0.4715719843106996 0.6103414113702179 0.1747685185185185 0.279835390946502
0 0.16176938657407408 0.7356905387898186 0.17013888888888884 0.10133744855967079
0 0.16523544667352538 0.8370184613625972 0.16126543209876543 0.09104938271604941
0 0.8743157364540467 0.20961743636640756 0.12577160493827158 0.2757201646090535
0 0.28445698302469136 0.1870156035665295 0.1736111111111111 0.3101851851851852
