0 0.5722744889475743 0.7871440836376282 0.13160211267605634 0.18603286384976522
0 0.5449499951095462 0.5728606981394541 0.08010563380281689 0.09800469483568072
0 0.21879951584507043 0.564651799687011 0.07130281690140844 0.10563380281690134
0 0.3077318075117371 0.5435380803338551 0.10563380281690138 0.11971830985915485
0 0.2086695520344288 0.7689244261867502 0.061619718309859156 0.15669014084507035
0 0.1386862407081377 0.5617169840027821 0.060299295774647925 0.10504694835680757
0 0.43535492468701104 0.5886970744218396 0.08010563380281681 0.08861502347417838
0 0.8803406812402191 0.5969782429142758 0.08494718309859148 0.15903755868544603
0 0.22056619229264476 0.28944314032342205 0.08010563380281689 0.1338028169014084
0 0.3262009120696401 0.27947585202573466 0.08142605633802817 0.1437793427230047
0 0.6396123704029735 0.2607209615719005 0.12632042253521128 0.17018779342723003
0 0.37859173268779345 0.06348461137193531 0.10167253521126764 0.11267605633802816
0 0.5238427963615024 0.031242392627369154 0.10827464788732391 0.15023474178403756
0 0.5238345437206573 0.2765513606329334 0.09639084507042249 0.15434272300469482
0 0.3050496992370892 0.7900245609459223 0.046214788732394395 0.12793427230046955
0 0.09955741392801253 0.06583691966614504 0.12323943661971831 0.11795774647887322
0 0.6352005697378718 0.03826128064684403 0.11135563380281689 0.125
0 0.2575481098395931 0.07638128151625805 0.0946302816901408 0.09741784037558687
0 0.11273565874413147 0.29882629107981223 0.0858274647887324 0.12676056338028172
0 0.789685727210485 0.05469700921578856 0.1051936619718311 0.12910798122065728
0 0.7505021884780907 0.7988518301165014 0.08934859154929582 0.15434272300469487
0 0.3609809027777778 0.801183489827856 0.09419014084507041 0.1373239436619719
0 0.4608980707159624 0.8234720048687185 0.10167253521126764 0.12441314553990614
0 0.0005046337050078248 0.8106106546687533 0.09286971830985916 0.17781690140845083
0 0.1558422584115806 0.7742061163275952 0.046654929577464796 0.15669014084507055
0 0.8755113580790297 0.7160156929229698 0.10255281690140852 0.057511737089201896
0 0.4195092429577465 0.2847385237350026 0.079225352112676 0.12323943661971834
0 0.7681047657472614 0.26715734220135634 0.08494718309859163 0.14964788732394366
0 0.8851959849374021 0.29657559554860025 0.10475352112676053 0.2312206572769953
