0 0.6073211376886145 0.05214953894223441 0.0979938271604938 0.21039094650205759
0 0.22656919795953362 0.2196825941167505 0.14853395061728392 0.03497942386831275
0 0.5332205396947873 0.053687033226642276 0.05979938271604945 0.20421810699588477
0 0.08766637731481482 0.21968973860691968 0.1284722222222222 0.042695473251028786
0 0.24463788151577504 0.37253848498704467 0.05632716049382714 0.1193415637860082
0 0.09229118441358024 0.16928393156531016 0.12152777777777778 0.048868312757201667
0 0.2234921553497942 0.16979833485749124 0.16203703703703706 0.04886831275720164
0 0.473804816100823 0.05677488187776253 0.056712962962963014 0.20576131687242796
0 0.15783205804183814 0.37048754000914497 0.05594135802469135 0.12654320987654316
0 0.5224365569272977 0.39778139765279685 0.08641975308641968 0.15946502057613174
0 0.62389590835048 0.4003467459228776 0.07677469135802475 0.15226337448559665
0 0.44023008830589855 0.6699864730986129 0.04243827160493825 0.2520576131687243
0 0.26854664994855965 0.6699907597927144 0.040509259259259245 0.2566872427983541
0 0.0501862032750343 0.3689424249352233 0.045910493827160476 0.12448559670781889
0 0.4942381472908093 0.6602194787379972 0.036265432098765475 0.25925925925925924
0 0.44563962834362136 0.3931546258192349 0.054398148148148175 0.1625514403292181
0 0.23159213177297666 0.12297906188081084 0.15933641975308638 0.03960905349794241
0 0.05596841778120714 0.605644623532998 0.03896604938271606 0.20730452674897132
0 0.3256438078703704 0.6679407674135042 0.03819444444444445 0.2649176954732509
0 0.40745000643004115 0.1102209076360311 0.06134259259259262 0.1496913580246914
0 0.011603545096021945 0.6123228166438043 0.042438271604938266 0.1975308641975309
0 0.21297850222908093 0.64834247828075 0.022376543209876507 0.20987654320987661
0 0.31716660236625516 0.37100670629477217 0.05324074074074067 0.1316872427983538
0 0.24470914780521263 0.08542333485749123 0.1589506172839506 0.03497942386831275
0 0.11036817343964334 0.3745975270538028 0.041280864197530874 0.12088477366255143
0 0.12121431327160492 0.12915285398567294 0.10416666666666669 0.04063786008230452
0 0.7114864647633745 0.05728452217649749 0.09606481481481476 0.2006172839506173
0 0.930972168638546 0.49506934918457557 0.04436728395061714 0.23045267489711938
0 0.9379265260631 0.033132811309251636 0.05864197530864206 0.22788065843621402
0 0.7809306412894377 0.3962467611644566 0.0956790123456789 0.16872427983539096
0 0.7110827117626886 0.41320206523395825 0.07021604938271611 0.14711934156378598
0 0.5347554441015089 0.6571411560737692 0.047839506172839524 0.26800411522633744
0 0.8271878215020577 0.8612287570492303 0.0393518518518519 0.12705761316872424
0 0.5957307205932784 0.6879839201341259 0.07445987654320985 0.2448559670781892
0 0.3912229938271606 0.6669100556317634 0.0277777777777777 0.2628600823045267
0 0.675992905521262 0.703919467306813 0.09645061728395056 0.23302469135802475
0 0.236898523233882 0.6740769318701416 0.02276234567901238 0.22530864197530867
0 0.9479410472393691 0.8005401234567902 0.0351080246913581 0.1388888888888889
0 0.9001002014746228 0.7923039551897576 0.03317901234567905 0.13271604938271608
0 0.0015992048182441702 0.22277711095869532 0.08063271604938271 0.043724279835390956
0 0.3727261766975309 0.37100813519280607 0.059027777777777776 0.13323045267489708
0 0.7754852001886144 0.7553221688766956 0.03202160493827175 0.1923868312757202
0 0.040153463648834015 0.1775029530559366 0.04320987654320988 0.036522633744855953
