0 0.3126130615569273 0.6123009068739521 0.16280864197530864 0.1738683127572017
0 0.1891174232681756 0.13139765279682974 0.1068672839506173 0.24279835390946497
0 0.09571277006172839 0.40294591144642583 0.04861111111111111 0.18158436213991766
0 0.17213541666666668 0.7027225270538028 0.09722222222222218 0.051440329218106984
0 0.6655422132201646 0.30617855509830816 0.047453703703703574 0.11728395061728392
0 0.2048948688271605 0.4034083981100442 0.04861111111111111 0.12551440329218105
0 0.8118591392318245 0.4195606614845298 0.18827160493827158 0.3477366255144032
0 0.6497441379458162 0.49866921963115385 0.07600308641975309 0.22942386831275716
0 0.18331699031207135 0.6353471269623532 0.08757716049382715 0.0637860082304527
0 0.18718037337105625 0.7536384506934918 0.09529320987654318 0.04063786008230455
0 0.07451560356652949 0.6651829942081998 0.08024691358024691 0.06430041152263376
0 0.03251135973936899 0.06561071101966162 0.14969135802469136 0.30401234567901236
0 0.3867214291838134 0.0038866026520347507 0.21219135802469136 0.30864197530864196
0 0.6860545803326474 0.008400967840268253 0.14081790123456803 0.18415637860082307
