0 0.03476642875514403 0.11796934537418077 0.06365740740740743 0.18467078189300412
0 0.13314284336419754 0.1287699093126048 0.05902777777777774 0.18261316872427988
0 0.20026711462620025 0.12516670477061426 0.05131172839506175 0.1800411522633745
0 0.26277488425925927 0.12620122694711172 0.0625 0.18621399176954734
0 0.33258530521262003 0.12516432327389118 0.03395061728395067 0.17746913580246915
0 0.37311358667695477 0.1164275643956714 0.06134259259259254 0.18621399176954737
0 0.44296044453017835 0.09227632982777015 0.08526234567901231 0.21399176954732507
0 0.5621715320644719 0.087145156988264 0.08256172839506175 0.22788065843621397
0 0.6532029642489712 0.08610920591373265 0.056712962962963014 0.22016460905349794
0 0.7203417031035665 0.11386459762231367 0.06983024691358032 0.19598765432098766
0 0.836849494170096 0.13751428898033838 0.06327160493827158 0.18209876543209877
0 0.0312947423696845 0.3602604404816339 0.06442901234567901 0.1923868312757201
0 0.12774964634773664 0.3654006630086877 0.07060185185185183 0.18827160493827158
0 0.21301547496570647 0.35306879667733576 0.07561728395061726 0.20318930041152264
0 0.29672791280864197 0.37260373799725655 0.06597222222222218 0.18981481481481477
0 0.3657653892318245 0.3813357338820302 0.03549382716049381 0.17592592592592599
0 0.40589420438957474 0.3761921772595641 0.04320987654320984 0.17644032921810693
0 0.4668515303497943 0.37107529340039636 0.04398148148148151 0.20576131687242788
0 0.5154907728909465 0.38339953894223444 0.0844907407407408 0.1826131687242799
0 0.6100078232167353 0.3859739368998628 0.07793209876543207 0.18518518518518512
0 0.7145485039437587 0.37723241502819693 0.060956790123456665 0.18878600823045275
0 0.8009674532750342 0.38238168724279836 0.059799382716049364 0.1944444444444444
0 0.8661509237825789 0.3885378562719098 0.0351080246913581 0.17644032921810698
0 0.9452516825274349 0.38700941167504954 0.05131172839506175 0.19238683127572015
0 0.9093709812242798 0.6246480147843317 0.04976851851851841 0.17541152263374488
0 0.8541947980967078 0.6493231786313062 0.0405092592592592 0.15792181069958858
0 0.7889992712620026 0.6200193377533912 0.047839506172839524 0.17644032921810698
0 0.7072187928669411 0.626192177259564 0.061728395061728336 0.17644032921810698
0 0.6431729038065843 0.6236153978052127 0.0578703703703704 0.1712962962962962
0 0.5621621549211249 0.6225784941319922 0.06905864197530866 0.1625514403292181
0 0.4842287165637861 0.6200021909769852 0.06712962962962961 0.15792181069958847
0 0.39858887388545955 0.6174325560128029 0.07908950617283952 0.16049382716049387
0 0.34532643175582994 0.6112687661941777 0.04783950617283948 0.17026748971193406
0 0.2774377893518518 0.6086957971345831 0.06597222222222227 0.16923868312757206
0 0.21300395447530865 0.6066377076665143 0.059027777777777776 0.168724279835391
0 0.15975544410150888 0.6050859244017681 0.047839506172839545 0.15946502057613163
0 0.08837341392318245 0.6076407940862674 0.03549382716049381 0.14094650205761322
0 0.0004160772462277092 0.5978804679164761 0.04359567901234568 0.15534979423868317
0 0.9699283050411523 0.8612225651577503 0.03009259259259254 0.12037037037037036
0 0.918626221707819 0.8576336495960981 0.04398148148148143 0.13323045267489714
0 0.8449502743484225 0.8622670896204847 0.06172839506172825 0.1373456790123456
0 0.7789734975137175 0.8622647081237615 0.055169753086419686 0.1347736625514404
0 0.6751926333161865 0.8560918686175888 0.05516975308641984 0.13477366255144033
0 0.6053610468106996 0.8499190291114159 0.053240740740740713 0.13477366255144052
0 0.5528889639060357 0.857635078494132 0.0489969135802469 0.1347736625514404
0 0.49501725394375856 0.8596926916628563 0.04706790123456794 0.13477366255144033
0 0.4363752786351166 0.8514750990702638 0.04706790123456786 0.1486625514403292
0 0.36577181927297675 0.8442548773052888 0.044753086419753015 0.12860082304526763
0 0.31600276491769547 0.8442491617131535 0.04398148148148151 0.1224279835390947
0 0.2673903142146776 0.8329427678707514 0.04205246913580246 0.1337448559670782
0 0.21955295138888892 0.8391132258802011 0.04513888888888889 0.13117283950617292
0 0.16168686771262003 0.836545972412742 0.05131172839506175 0.1363168724279836
0 0.11191861711248285 0.8283355243103185 0.05169753086419754 0.15792181069958847
0 0.05713305898491083 0.8442453513183966 0.04938271604938273 0.11831275720164625
