0 0.32412032961658843 0.8040992870805077 0.25440140845070425 0.11737089201877937
0 0.41424069591158064 0.27429686141540605 0.09815140845070426 0.25469483568075124
0 0.5132632164514866 0.27722950356459747 0.08494718309859163 0.2529342723004695
0 0.3200487211463224 0.2772376543209876 0.09551056338028165 0.2617370892018779
0 0.22893926056338032 0.2701796426708398 0.09507042253521128 0.2447183098591549
0 0.6030513375391237 0.33354144931316293 0.08406690140845074 0.22476525821596244
0 0.6928724691901409 0.4103568944531386 0.13072183098591555 0.15727699530516429
0 0.000566681338028169 0.004821444096678839 0.18221830985915488 0.13673708920187794
0 0.8478170236697965 0.0007841027647365675 0.15228873239436622 0.2130281690140845
0 0.10262647936228482 0.4020990914623544 0.10607394366197183 0.11208920187793428
0 0.16471720950704224 0.8257645409494001 0.15052816901408456 0.06514084507042263
0 0.4244415713028169 0.0024957616066771 0.20994718309859156 0.16021126760563378
0 0.14669130232785602 0.7201617110067814 0.17913732394366197 0.09859154929577459
0 0.19205881993348983 0.000717266562336985 0.2266725352112676 0.1408450704225352
0 0.6365870133998436 0.00780190401669275 0.20642605633802819 0.18661971830985916
0 0.8306273840962441 0.4050828116849244 0.11751760563380284 0.16549295774647893
0 0.5789038047730829 0.9096983133368111 0.170774647887324 0.07981220657277001
0 0.0005379499217527387 0.6428610241697095 0.1408450704225352 0.27582159624413155
0 0.35093040884194054 0.9313950834637456 0.19894366197183103 0.0616197183098592
0 0.27518767116588416 0.6426583420274734 0.14348591549295778 0.056924882629108026
0 0.7888791079812206 0.8504607894279257 0.21126760563380284 0.11737089201877927
0 0.754109815140845 0.687931446704921 0.21390845070422543 0.14906103286384972
0 0.5894470119327073 0.8375059772213529 0.14172535211267617 0.06983568075117369
0 0.4451318588615023 0.6503238567205702 0.21522887323943662 0.09624413145539921
