0 0.6000182184499314 0.029552945435147082 0.13734567901234557 0.25051440329218105
0 0.05292593664266118 0.3788056317634507 0.10223765432098764 0.22119341563786
0 0.7026151513203017 0.7315819806431946 0.09915123456790119 0.10853909465020571
0 0.3299492562585734 0.7769256782502667 0.12692901234567897 0.19084362139917693
0 0.6328041945301784 0.3880858481938729 0.12692901234567897 0.24382716049382713
0 0.43645538623113855 0.02490712162780064 0.16242283950617278 0.23302469135802467
0 0.47734401791838127 0.3865478776101204 0.15316358024691357 0.24948559670781906
0 0.34808652692043895 0.43176916628562717 0.1334876543209876 0.19958847736625523
0 0.29445650077160496 0.03983053269318702 0.1284722222222222 0.2391975308641975
0 0.008593214163237311 0.10355319311080628 0.15200617283950615 0.17078189300411523
0 0.1551689493312757 0.36957590306355736 0.10995370370370369 0.25308641975308643
0 0.8642666538065842 0.3711457857033989 0.09953703703703715 0.2818930041152263
0 0.76202765989369 0.36960019433013264 0.0976080246913581 0.27932098765432095
0 0.7508841306584362 0.09430536503581771 0.16203703703703698 0.18312757201646085
0 0.4669565543552812 0.7887455227861606 0.19521604938271603 0.17849794238683142
0 0.021325499399862828 0.692122961438805 0.15316358024691357 0.270576131687243
0 0.1956554355281207 0.7661270195092211 0.07716049382716052 0.1949588477366256
0 0.8538754393861453 0.7800259106843469 0.1361882716049384 0.20576131687242794
0 0.6848687735768175 0.8509292600213383 0.09992283950617285 0.11471193415637862
