0 0.4592040680727023 0.05217716430422192 0.1427469135802469 0.24022633744855967
0 0.6100482788923183 0.0491107491236092 0.13618827160493832 0.2618312757201646
0 0.7508661801268861 0.059896071483005645 0.13618827160493827 0.24331275720164608
0 0.8901226530349795 0.042944101508916324 0.10995370370370365 0.26851851851851855
0 0.9244352280521262 0.36237520957171165 0.0756172839506173 0.25411522633744854
0 0.7678422925240055 0.35619284407864654 0.13734567901234557 0.24382716049382708
0 0.5861419217249657 0.37112721002895904 0.1554783950617285 0.2618312757201646
0 0.46150789823388205 0.3608096136259717 0.12692901234567905 0.2299382716049383
0 0.3160614390432099 0.3484739368998629 0.1284722222222222 0.2407407407407407
0 0.161751436042524 0.36388888888888893 0.14429012345679013 0.2222222222222222
0 0.0039606374314128945 0.3669710219478738 0.14776234567901236 0.2175925925925926
0 0.008583033264746227 0.6859320225575369 0.13734567901234568 0.2510288065843622
0 0.19260196973593965 0.6782259754610578 0.12461419753086421 0.26183127572016457
0 0.32185222693758575 0.7178012117055327 0.13387345679012344 0.22530864197530856
0 0.46150789823388205 0.722474184575522 0.12692901234567905 0.27211934156378603
0 0.6123606824417009 0.728605109739369 0.1327160493827161 0.22685185185185194
0 0.7473875278635117 0.7116412322816644 0.12692901234567905 0.23919753086419757
0 0.8835672260802468 0.6967373494894072 0.11458333333333333 0.2541152263374486
0 0.007411426183127573 0.07020128410303308 0.11689814814814815 0.2618312757201646
0 0.14130631644375857 0.06093916704770615 0.14776234567901234 0.2587448559670782
0 0.31259457518861455 0.05372894756896815 0.13618827160493827 0.24948559670781895
