0 0.019031850137174212 0.03518709038256363 0.18364197530864199 0.2242798353909465
0 0.22196341306584363 0.04599194101508917 0.18287037037037032 0.22685185185185186
0 0.41948865097736626 0.0552426268861454 0.1747685185185185 0.2175925925925926
0 0.6123890817901234 0.06398653025453438 0.1736111111111112 0.21656378600823045
0 0.8484747406550069 0.07478471269623532 0.13695987654320985 0.21193415637860086
0 0.001574824245541838 0.3608053269318701 0.04552469135802469 0.22530864197530867
0 0.039435174468449935 0.3272390832190215 0.11998456790123456 0.0848765432098765
0 0.04715229552469136 0.4106700579180003 0.12152777777777778 0.19032921810699593
0 0.1709908693415638 0.3654501981405273 0.11574074074074077 0.24176954732510292
0 0.2878927683470508 0.3757482662703856 0.12114197530864199 0.2525720164609054
0 0.4159344457304527 0.49804193339429975 0.05671296296296294 0.10751028806584349
0 0.4761338305898491 0.5103933279987807 0.07716049382716048 0.11368312757201651
0 0.5919147590877916 0.38346002895900017 0.13503086419753088 0.24794238683127576
0 0.9105404449588477 0.4877691091297058 0.06712962962962968 0.12397119341563788
0 0.9140070408950618 0.4285527168114617 0.059027777777777776 0.05915637860082302
0 0.0027362504286694103 0.7296215325407711 0.05131172839506173 0.21347736625514402
0 0.05058191872427985 0.7373347241274195 0.06018518518518519 0.21039094650205767
0 0.12079394933127573 0.7054293362292334 0.054398148148148154 0.19701646090534974
0 0.1937106159979424 0.7208766765736929 0.05439814814814813 0.21347736625514402
0 0.2774260009430727 0.7028554145709496 0.048996913580246944 0.1949588477366254
0 0.3275832690329218 0.7177916857186405 0.0532407407407408 0.2150205761316872
0 0.39432950745884765 0.7373332952293857 0.056712962962963014 0.2088477366255144
0 0.4475592635459534 0.7208709609815577 0.04089506172839508 0.20730452674897132
0 0.4873009366426613 0.7239669067215363 0.04668209876543206 0.2175925925925926
0 0.5328293788580247 0.7404349565614997 0.052083333333333336 0.22530864197530867
0 0.5860615462105624 0.727050468678555 0.0397376543209877 0.21450617283950613
0 0.628116426611797 0.7162456180460295 0.04320987654320984 0.21193415637860094
0 0.670160054441015 0.6725475346745923 0.030478395061728492 0.24022633744855967
0 0.7176311728395062 0.6843888126809937 0.05555555555555555 0.2510288065843622
0 0.7778155542695473 0.6859363092516385 0.0543981481481481 0.25565843621399176
0 0.823328457218793 0.6782135916780979 0.0374228395061727 0.24845679012345684
0 0.8619196887860081 0.6843778577960676 0.0532407407407408 0.23919753086419768
0 0.9051445687585733 0.6843792866941014 0.07484567901234572 0.24074074074074084
0 0.4715042009602195 0.4347269852156683 0.07716049382716056 0.06069958847736624
