0 0.572600255058299 0.26566881953970434 0.09992283950617285 0.2556584362139917
0 0.6856374314128945 0.26825798277701574 0.09567901234567897 0.27417695473251025
0 0.7416012945816187 0.5635931069958846 0.12808641975308635 0.3472222222222223
0 0.9325220764746228 0.20534312604785854 0.05401234567901238 0.10390946502057616
0 0.8218192729766804 0.006822988111568359 0.08641975308641968 0.14660493827160492
0 0.4426017018175583 0.2733901082152111 0.12422839506172849 0.2613168724279835
0 0.44759570044581615 0.0006977785398567292 0.09336419753086421 0.19804526748971196
0 0.0005050261488340192 0.5892075331504343 0.1716820987654321 0.23302469135802464
0 0.5648855452674897 0.0006825369608291419 0.1018518518518519 0.1815843621399177
0 0.8013837984396434 0.2651772786160646 0.1037808641975308 0.28034979423868317
0 0.6948980302640603 0.0006882525529644871 0.0976080246913581 0.18775720164609055
0 0.9834220143175583 0.08906511964639537 0.016589506172839524 0.07921810699588476
0 0.9491016696673527 0.5710590992226794 0.03973765432098762 0.07716049382716053
0 0.9398418745713305 0.460462867703094 0.038966049382716035 0.07767489711934153
0 0.9491008659122085 0.34780426002133824 0.03858024691358016 0.07304526748971191
0 0.4090548375342936 0.5892775491540924 0.15007716049382713 0.3086419753086419
0 0.5633838627400548 0.5728109282121627 0.16165123456790126 0.3024691358024691
0 0.4144442836934156 0.9213625019051974 0.13310185185185192 0.07150205761316868
0 0.5826493377057613 0.9126324112178021 0.12615740740740738 0.08744855967078191
0 0.7327334640775034 0.9326746113397347 0.13618827160493827 0.0663580246913581
0 0.2242149991426612 0.6025891632373115 0.09182098765432099 0.24074074074074064
0 0.96297635888203 0.10499542752629172 0.019290123456790157 0.0617283950617284
0 0.9390566057956105 0.09883401920438957 0.019290123456790157 0.07407407407407407
0 0.9479506923010973 0.003657978966620942 0.048996913580246826 0.061728395061728385
0 0.9197718407064471 0.5751786122542295 0.02700617283950635 0.08179012345679015
0 0.010934017061042524 0.251763260173754 0.18942901234567902 0.23765432098765435
0 0.17753933041838135 0.2969593049839964 0.10108024691358025 0.16049382716049382
0 0.06421199845679013 0.010953932327389117 0.24305555555555552 0.16358024691358025
