0 0.5216496806412895 0.29642870751409844 0.06442901234567897 0.14300411522633746
0 0.47148383916323733 0.2969507315957933 0.047839506172839524 0.1512345679012345
0 0.9105565200617284 0.848391537113245 0.09027777777777778 0.15174897119341565
0 0.6802203896604939 0.18368341335162322 0.07291666666666667 0.04475308641975307
0 0.6628504372427984 0.5366336114921505 0.06018518518518516 0.11985596707818921
0 0.5428966799554183 0.8987497142203933 0.10455246913580254 0.09413580246913576
0 0.3750423311042524 0.5170981938728851 0.06095679012345675 0.13271604938271608
0 0.8268242562585735 0.8159965134887974 0.07137345679012333 0.16512345679012327
0 0.0051204561042524 0.26562261850327695 0.15123456790123457 0.205761316872428
0 0.7292114090363512 0.5736549306508153 0.06442901234567905 0.10288065843621418
0 0.607693544238683 0.2892303955189758 0.07870370370370373 0.14660493827160492
0 0.5768020190329218 0.5104233348574913 0.039351851851851825 0.14609053497942381
0 0.5077605238340193 0.053660360463344006 0.06404320987654318 0.17541152263374488
0 0.49192869084362145 0.5242969821673525 0.04398148148148151 0.12962962962962962
0 0.7099167309670782 0.2897490855052583 0.0578703703703704 0.15123456790123455
0 0.4375251843278463 0.30720545648529185 0.0362654320987654 0.11522633744855973
0 0.0027941207990397807 0.5135569082456943 0.13464506172839505 0.19701646090534974
0 0.28166580932784635 0.3267423030025911 0.04320987654320988 0.10390946502057609
0 0.53204920053155 0.5109196387745771 0.0397376543209877 0.12654320987654316
0 0.33528726208847737 0.3174892356348118 0.0358796296296296 0.11059670781893005
0 0.2909264081790124 0.5227375781130924 0.04513888888888889 0.11213991769547334
0 0.3125436706961591 0.08551811842706905 0.06288580246913579 0.13734567901234565
0 0.16323838305898491 0.26968497561347354 0.06327160493827162 0.14866255144032925
0 0.3896907686042524 0.31697721383935373 0.04359567901234571 0.1131687242798354
0 0.6404629093792866 0.12099336991312303 0.0443672839506173 0.11728395061728394
0 0.38930335862482857 0.05981605319311081 0.041280864197530874 0.15689300411522636
0 0.5714206104252401 0.06085676726108824 0.06790123456790134 0.16975308641975306
0 0.6215529621056242 0.5145199855204999 0.036265432098765475 0.1260288065843621
0 0.13470668295610425 0.0006920629477213839 0.08873456790123456 0.19187242798353912
0 0.009712041323731139 0.015590706447187928 0.09645061728395062 0.1712962962962963
0 0.43986036093964337 0.06393604252400549 0.06558641975308635 0.16203703703703706
0 0.3399155521262002 0.5196578265508307 0.03395061728395067 0.11934156378600815
0 0.24810903206447188 0.08397871894528272 0.05478395061728393 0.14146090534979422
0 0.4448613254458162 0.5515232053040696 0.0447530864197531 0.08950617283950603
0 0.7735827117626886 0.2984910836762688 0.07021604938271603 0.1481481481481482
0 0.845011359739369 0.6858019928364578 0.14969135802469127 0.11059670781893005
0 0.7739634237825789 0.07834409769852156 0.06288580246913572 0.1671810699588477
0 0.8758367091049383 0.6014127038561196 0.09375 0.08127572016460899
0 0.36886600865912206 0.7017442081999695 0.055941358024691426 0.10596707818930043
0 0.43136440114883406 0.7202403406492913 0.05362654320987659 0.08179012345679006
0 0.309448141718107 0.6981414799573236 0.04976851851851857 0.10390946502057609
0 0.0131989990569273 0.764033683889651 0.11766975308641976 0.15637860082304528
0 0.6111464763374487 0.7264212772443225 0.050925925925925875 0.09053497942386825
0 0.6925628536522633 0.7284774615150129 0.06828703703703715 0.08899176954732518
0 0.3449438443072702 0.8786832228318854 0.052469135802469126 0.08899176954732509
0 0.503117230366941 0.7078870408474318 0.0443672839506173 0.0735596707818929
0 0.1347583912037037 0.7784179240969366 0.16319444444444445 0.13580246913580232
0 0.481126221707819 0.8827684423106235 0.04398148148148143 0.056584362139917674
0 0.425180576989026 0.9059318320377991 0.03780864197530865 0.07304526748971185
0 0.724582851080247 0.941402320530407 0.06597222222222222 0.04783950617283947
0 0.6524257330246913 0.9064414723365339 0.04861111111111111 0.06790123456790127
0 0.23228764789094652 0.2897266994360616 0.04976851851851853 0.1270576131687243
0 0.47727864583333335 0.938326379362902 0.059027777777777776 0.05915637860082307
0 0.7075877164780521 0.08650691586648376 0.03742283950617286 0.0941358024691358
