0 0.19723322574334898 0.33639149713093375 0.07218309859154928 0.13380281690140847
0 0.8340953271713615 0.30170459485306905 0.04093309859154933 0.06631455399061031
0 0.39088236013302036 0.3252184402712571 0.053697183098591554 0.10915492957746482
0 0.2346338883998435 0.6861708833246392 0.055897887323943685 0.14906103286384983
0 0.5656109399452269 0.32636552338723696 0.04313380281690142 0.08039906103286387
0 0.7918381382042254 0.2976042210050426 0.035651408450704185 0.07453051643192486
0 0.907158401799687 0.07695455138236829 0.04049295774647892 0.08274647887323944
0 0.7557459776017215 0.2976118283776734 0.034771126760563376 0.08274647887323941
0 0.11624241979655713 0.3410836158928882 0.06514084507042253 0.1308685446009389
0 0.4150839935446009 0.019441727525647712 0.04489436619718311 0.08157276995305164
0 0.34818869816118936 0.012400017388280298 0.05369718309859148 0.08215962441314555
0 0.03877029538341158 0.3498891497130934 0.0545774647887324 0.13380281690140847
0 0.746948968114241 0.052302316988349855 0.0431338028169015 0.07805164319248827
0 0.7980019439553989 0.05817412189184489 0.03829225352112691 0.08157276995305164
0 0.7055720608372458 0.31579507911667537 0.037852112676056274 0.0727699530516432
0 0.5783783866392802 0.031771648408972356 0.047975352112676006 0.0880281690140845
0 0.8851577782668231 0.3005249087115285 0.049735915492957694 0.05985915492957743
0 0.7130520099765257 0.45017496957050945 0.034330985915492974 0.06220657276995317
0 0.693692537167449 0.5534743957572597 0.04401408450704222 0.07629107981220658
0 0.5620937866784038 0.5910406885758999 0.04885563380281689 0.08450704225352118
0 0.3490588932902973 0.33284537471744047 0.03917253521126764 0.10680751173708919
0 0.4828641554186228 0.6151028082072684 0.04269366197183102 0.08568075117370881
0 0.787435201486698 0.4337327203964528 0.03345070422535201 0.05105633802816895
0 0.002667742566510172 0.7431082637802121 0.03873239436619718 0.16255868544600938
0 0.012356342918622847 0.5916655798991479 0.04665492957746479 0.125586854460094
0 0.7553088932902974 0.5417302425665103 0.03917253521126756 0.06866197183098595
0 0.7522236282276995 0.4401940966788385 0.03301056338028161 0.05751173708920184
0 0.4120124828834116 0.6391638410711181 0.058538732394366216 0.08568075117370902
0 0.6668372212441315 0.46015801599721784 0.034330985915492974 0.06924882629107987
0 0.5215953271713615 0.3257819292296992 0.04093309859154925 0.08392018779342715
0 0.40143045774647884 0.5341174360980699 0.0316901408450704 0.08626760563380279
0 0.044480511541471056 0.7418861937054426 0.037852112676056336 0.11032863849765251
0 0.9357632775821595 0.48655505564249696 0.034330985915492974 0.056924882629108026
0 0.8776726330203444 0.22306392366544947 0.04577464788732392 0.06396713615023475
0 0.9520549075704228 0.22188532429142757 0.043573943661971745 0.05868544600938964
0 0.8411348298122066 0.7348059033211615 0.03697183098591555 0.06924882629107983
0 0.8732666397691705 0.5123880629455747 0.03917253521126772 0.06924882629107972
0 0.8512501222613458 0.07049806555381674 0.02552816901408461 0.08157276995305164
0 0.9555726721439749 0.09923708920187795 0.03873239436619716 0.06338028169014082
0 0.8323292620305165 0.5135726395409494 0.03301056338028161 0.08098591549295775
0 0.9084769904147105 0.903826508433316 0.03785211267605636 0.07629107981220658
0 0.4520533793035994 0.910288428099461 0.04137323943661973 0.08333333333333344
0 0.7227421385954617 0.8216636237176144 0.04445422535211271 0.07276995305164326
0 0.5955414343701096 0.8592445878977569 0.04445422535211263 0.09683098591549308
0 0.13516480829420968 0.633991914449661 0.05985915492957749 0.20422535211267603
0 0.6782854680164319 0.8181549947835158 0.04093309859154925 0.0862676056338029
0 0.4960723542644757 0.8157945357329159 0.04841549295774641 0.07218309859154938
0 0.5079518779342723 0.9108703921057207 0.04225352112676046 0.0780516431924883
0 0.5515255159428795 0.8815401669274908 0.04181338028169021 0.09154929577464783
0 0.6373590937989047 0.5646414753955834 0.0506161971830985 0.09448356807511739
0 0.8147294356416276 0.1925692270909407 0.04137323943661973 0.08744131455399061
0 0.44984595070422534 0.5147496087636932 0.0316901408450704 0.08450704225352107
0 0.978007934761346 0.4818618501130238 0.021566901408450672 0.05868544600938974
0 0.6157805775625979 0.3163938880194748 0.0338908450704225 0.08568075117370892
0 0.6553956988458529 0.30994283602851674 0.03741197183098603 0.09037558685446014
0 0.9656910211267605 0.2952529994783516 0.0316901408450704 0.07042253521126757
0 0.7808459262519563 0.7406842288297688 0.05193661971830971 0.07981220657277001
0 0.8833813209115805 0.7148555685967658 0.026848591549295815 0.07218309859154928
0 0.9441326780125197 0.689623543731525 0.044014084507042306 0.07511737089201873
0 0.9568912607589986 0.8639307294383586 0.036091549295774586 0.08744131455399064
0 0.461295725743349 0.010656842288297688 0.04049295774647892 0.10093896713615022
0 0.5066262592918623 0.025909081029386192 0.034771126760563376 0.09448356807511737
0 0.631626564945227 0.015361458876717093 0.035211267605633784 0.11150234741784038
0 0.6655140478286385 0.033553403755868544 0.030369718309859114 0.11091549295774648
0 0.6950004279147105 0.05758672404799165 0.025968309859155013 0.08098591549295775
0 0.8538976917057904 0.016482459572248306 0.035211267605633784 0.054577464788732384
0 0.14968884487480438 0.009459224482698661 0.058978873239436604 0.07511737089201878
0 0.07530718163145539 0.007688880194748739 0.0620598591549296 0.06455399061032865
0 0.009713663928012518 0.005931577117023126 0.04401408450704225 0.06807511737089202
