0 0.0027424125514403292 0.0383854404816339 0.06018518518518519 0.345164609053498
0 0.062947423696845 0.16829989711934157 0.08873456790123457 0.09722222222222225
0 0.06294822745198903 0.266570454199055 0.08989197530864199 0.11831275720164613
0 0.13780890989369 0.08977671086724584 0.11149691358024688 0.29218106995884774
0 0.6509093149862827 0.2002638698369151 0.08719135802469134 0.1738683127572016
0 0.740412540723594 0.19873066224660876 0.08294753086419762 0.18467078189300412
0 0.003914019633058985 0.4427002362444749 0.08063271604938271 0.3384773662551441
0 0.2697490676440329 0.5331475765889346 0.10532407407407408 0.2438271604938272
0 0.39438469864540465 0.5300692539247066 0.13618827160493832 0.2525720164609054
0 0.6393339013203019 0.4457728433165676 0.08526234567901238 0.323559670781893
0 0.72806123542524 0.44267927907331195 0.07484567901234555 0.3158436213991769
0 0.318351605366941 0.9126300297210791 0.09297839506172838 0.0848765432098765
0 0.4398817944101509 0.9054374333180917 0.09645061728395056 0.09465020576131693
0 0.5633385845336076 0.8853942805974698 0.09645061728395063 0.11471193415637862
0 0.7006681884430728 0.8946449664685262 0.07330246913580254 0.10545267489711926
