0 0.631225083590535 0.7311128257887517 0.07523148148148143 0.1574074074074074
0 0.6416444294410151 0.39984425011431185 0.07908950617283952 0.16512345679012344
0 0.6416527349108367 0.21980595564700503 0.09104938271604937 0.16820987654320985
0 0.2710200724451303 0.4923468221307728 0.26890432098765427 0.06790123456790116
0 0.10967185356652948 0.3319925506782503 0.14969135802469136 0.21862139917695475
0 0.2729531035665295 0.400800659198293 0.27469135802469136 0.08693415637860075
0 0.28452396262002744 0.29587286617893616 0.27006172839506176 0.09825102880658435
0 0.7311377421982167 0.20020385611949398 0.06057098765432095 0.10905349794238685
0 0.5498285322359396 0.08653263603109282 0.08641975308641976 0.1219135802469136
0 0.5644842035322359 0.22288951760402376 0.07947530864197531 0.16512345679012344
0 0.6439584405006858 0.1518066034141137 0.07793209876543222 0.06224279835390947
0 0.8234112439986283 0.34691548544429207 0.15663580246913572 0.22427983539094645
0 0.39745075660150886 0.7373628257887517 0.10686728395061738 0.24074074074074073
0 0.15826260288065847 0.6782540771223899 0.12037037037037038 0.29218106995884774
0 0.7145570773319616 0.6797158398110044 0.07330246913580238 0.20421810699588486
0 0.28480474108367626 0.702923525377229 0.11882716049382715 0.26851851851851855
0 0.5054824138374485 0.7342849794238684 0.11689814814814817 0.25
0 0.03287653249314129 0.6525486777930194 0.11998456790123459 0.30812757201646085
0 0.8619081682956105 0.7665737882944673 0.03665123456790127 0.12191358024691354
0 0.9039611732681757 0.7650377229080932 0.0374228395061727 0.12962962962962973
0 0.9471718535665296 0.772229843011736 0.03858024691358016 0.11934156378600826
0 0.7862892768347051 0.7526949016918152 0.03433641975308651 0.13271604938271608
0 0.6477950317215364 0.9419291076055479 0.04706790123456778 0.0612139917695473
0 0.7087459276406036 0.9491221803078799 0.03858024691358024 0.051954732510288044
0 0.002767596879286694 0.2790561652187167 0.09645061728395062 0.26954732510288076
0 0.5579231502914952 0.3998499657064472 0.07600308641975309 0.17129629629629625
0 0.7257590127743484 0.42091668571864044 0.09297839506172842 0.14557613168724276
0 0.7403959297839506 0.3210776748971193 0.059027777777777776 0.09722222222222228
0 0.64280531978738 0.08545238911751257 0.084104938271605 0.06635802469135801
0 0.7338372878086421 0.08239549992379211 0.059027777777777776 0.09825102880658436
0 0.824481042095336 0.7527020461819844 0.030478395061728412 0.14043209876543217
