0 0.875460819615912 0.45744312985825336 0.10802469135802475 0.14969135802469133
0 0.7485409164951988 0.4605252629172382 0.1211419753086419 0.14506172839506165
0 0.7235703875171469 0.05665866483767718 0.27469135802469125 0.08024691358024691
0 0.2782388653120713 0.4651634659350709 0.10841049382716048 0.154320987654321
0 0.06604268475651578 0.4651544162475233 0.10146604938271606 0.14454732510288068
0 0.17444942772633745 0.46977833028501753 0.09606481481481483 0.1383744855967079
0 0.5305847586591221 0.07058756287151349 0.15316358024691357 0.12345679012345677
0 0.5440698945473251 0.4625838286846517 0.12731481481481477 0.14609053497942381
0 0.39321791409465023 0.4754320035055632 0.12268518518518524 0.13323045267489703
0 0.29442970893347054 0.30200045724737085 0.0898919753086419 0.0493827160493827
0 0.030138406635802466 0.06850280064014631 0.06597222222222221 0.09413580246913582
0 0.06450108239026063 0.4084757468373723 0.10378086419753087 0.042695473251028834
0 0.2693415637860082 0.1019404435299497 0.07407407407407413 0.095679012345679
0 0.2867235725308642 0.35292257277853983 0.10416666666666659 0.04526748971193418
0 0.22225517618312757 0.09268642356348118 0.04745370370370369 0.10133744855967076
0 0.2651266718106996 0.4043671886907484 0.1157407407407408 0.04989711934156376
0 0.7254932377400548 0.13948045267489712 0.26581790123456794 0.08333333333333333
0 0.6848427854938272 0.45281635802469133 0.0625 0.15277777777777773
0 0.292082475994513 0.6709533607681756 0.04320987654320992 0.18518518518518517
0 0.184440372085048 0.6601489864349948 0.03858024691358024 0.18312757201646085
0 0.14007308813443073 0.6575793514708124 0.03858024691358024 0.18569958847736626
0 0.5772092549725651 0.7038456409083982 0.07021604938271611 0.15329218106995884
0 0.2288114068930041 0.6740288256363359 0.04398148148148151 0.17335390946502063
0 0.49773662551440323 0.7054055212620028 0.07407407407407413 0.1712962962962962
0 0.6524450231481482 0.7120841906721537 0.07638888888888881 0.16203703703703703
0 0.3461612654320988 0.9234220202713003 0.1388888888888889 0.07355967078189302
0 0.41748917609739367 0.6904863968907179 0.07330246913580254 0.16975308641975312
0 0.08490494255829904 0.7274700884011585 0.04089506172839506 0.11213991769547313
0 0.34456179269547327 0.6663456409083982 0.05787037037037036 0.2088477366255144
0 0.7319072037894375 0.7115569272976681 0.0574845679012346 0.14814814814814814
0 0.802503965192044 0.6523310089925317 0.05015432098765429 0.07304526748971196
0 0.8075301140260631 0.7346907864654778 0.06558641975308635 0.13271604938271597
0 0.8769788451646091 0.7141194177716811 0.0717592592592592 0.13786008230452676
0 0.0015590170610425241 0.06849565614997713 0.022762345679012346 0.08641975308641976
0 0.11426290294924553 0.10348174820911447 0.09413580246913582 0.09362139917695472
0 0.34463171939300413 0.034028730376467 0.1585648148148148 0.08436213991769548
0 0.3535030328360768 0.1353618922420363 0.15547839506172834 0.07973251028806584
0 0.0004292052469135803 0.3241960067062948 0.0625 0.13168724279835392
0 0.0004222393689986283 0.46824131229995425 0.05246913580246914 0.1450617283950617
0 0.491999153377915 0.9280492684042068 0.14544753086419754 0.07098765432098762
0 0.6474743334190672 0.9203403635116598 0.14081790123456786 0.0787037037037037
0 0.7859742048182442 0.9172568015546411 0.13618827160493827 0.08179012345679015
