0 0.8585088198731138 0.879733462886755 0.14158950617283952 0.11213991769547323
0 0.694933663408779 0.8643027930193568 0.14891975308641983 0.11368312757201651
0 0.5259663816015089 0.884366426611797 0.16936728395061731 0.11574074074074074
0 0.3442560978223594 0.8884778425544886 0.17322530864197538 0.11162551440329217
0 0.22769418724279836 0.8766441853376009 0.10185185185185186 0.10905349794238678
0 0.22657777134773663 0.7799177907331198 0.16087962962962965 0.08899176954732509
0 0.09036913794581619 0.7721922153635117 0.13155864197530864 0.0787037037037037
0 0.07765051654663922 0.8689238492607834 0.15007716049382716 0.10442386831275725
0 0.9298313721707818 0.6374495122694711 0.06828703703703698 0.11213991769547323
0 0.8935924639917695 0.5196506820606616 0.1064814814814816 0.11162551440329217
0 0.7292759773662552 0.5196468716659047 0.15740740740740747 0.1075102880658436
0 0.7493484224965706 0.646703055936595 0.17283950617283952 0.10596707818930032
0 0.571487590020576 0.6312752438652645 0.16435185185185183 0.11059670781893005
0 0.440680191186557 0.539167524005487 0.13503086419753088 0.0787037037037037
0 0.39671826774691354 0.6343545191281816 0.16319444444444445 0.10288065843621397
0 0.268214699074074 0.614828151196464 0.11805555555555555 0.12551440329218105
0 0.09347216863854593 0.6148043362292334 0.1554783950617284 0.09979423868312752
0 0.8685091413751717 0.40748313900320077 0.09760802469135793 0.08179012345679015
0 0.7678066593792868 0.4028463648834019 0.0860339506172838 0.07407407407407407
0 0.2978914823388203 0.3864007011126352 0.07484567901234568 0.09053497942386836
0 0.21031673311042526 0.3802311957018747 0.0783179012345679 0.09413580246913576
0 0.40321823559670783 0.4121013374485597 0.07870370370370373 0.06944444444444445
0 0.5012085798182443 0.43317663084895597 0.07368827160493825 0.052983539094650214
0 0.5860709233539094 0.436248761621704 0.05324074074074087 0.037551440329218096
