0 0.0005049393583724571 0.10890388628064684 0.09330985915492958 0.36267605633802813
0 0.1466350621087637 0.09365545122587376 0.09815140845070422 0.3732394366197183
0 0.2540199530516432 0.10889138845418188 0.08450704225352111 0.34917840375586856
0 0.34426227503912366 0.11300806381498871 0.10387323943661969 0.3585680751173709
0 0.4512048855633803 0.12357416101547558 0.08714788732394364 0.3615023474178404
0 0.5471436693075118 0.09952997304816553 0.06998239436619708 0.3796948356807512
0 0.7518128301056339 0.1118425056511911 0.0752640845070423 0.36737089201877937
0 0.8319505575117372 0.11946020257346548 0.12147887323943662 0.3550469483568075
0 0.12388191999217527 0.6252613675882456 0.29137323943661975 0.2822769953051643
0 0.13135728433098592 0.9020860502521302 0.28125000000000006 0.09800469483568072
0 0.42799387470657274 0.8217614327942967 0.2548415492957747 0.1784037558685446
0 0.6814795456768389 0.6822193966266736 0.2037852112676056 0.318075117370892
0 0.8794851574726134 0.559094070596418 0.12059859154929582 0.44131455399061037
0 0.0005125806924882629 0.7033173578508085 0.10431338028169014 0.2869718309859155
0 0.4107947598787168 0.6081078290732047 0.2064260563380281 0.13673708920187783
