0 0.034853653169014086 0.04409178838462876 0.11883802816901409 0.08392018779342723
0 0.1488773351917058 0.08455159972178751 0.15801056338028166 0.048122065727699524
0 0.2131137519561815 0.034656472787341325 0.12323943661971831 0.034624413145539906
0 0.338553892801252 0.024102873413319424 0.12323943661971831 0.04518779342723005
0 0.31480340375586857 0.08865686402364806 0.1478873239436619 0.04518779342723005
0 0.6184684932511737 0.1809489653973222 0.10167253521126757 0.21361502347417838
0 0.47412644268388104 0.3175550991131977 0.13644366197183094 0.07218309859154932
0 0.48292406347809075 0.21073074247956877 0.12896126760563387 0.053990610328638514
0 0.7628353017410016 0.14734231003303772 0.10255281690140837 0.04518779342723007
0 0.7289407888302034 0.202056164145366 0.09727112676056338 0.19248826291079807
0 0.8429137323943662 0.19149821770126937 0.0633802816901408 0.1983568075117371
0 0.9151118080007825 0.21261465397322207 0.08494718309859148 0.18720657276995306
0 0.9084928843896715 0.1643513084680925 0.06073943661971823 0.03462441314553991
0 0.8882558807707356 0.13089517040514692 0.07438380281690134 0.028755868544600948
0 0.48290113947574337 0.44443683707181364 0.0959507042253521 0.20305164319248828
0 0.5859002102895149 0.46969385758998433 0.10475352112676062 0.227112676056338
0 0.6963700606416277 0.4726074813075987 0.09683098591549281 0.20481220657276986
0 0.8138775797143976 0.45500021735350377 0.08230633802816906 0.20305164319248825
0 0.9027750268974961 0.4819998695878977 0.06646126760563378 0.20774647887323947
0 0.9718505477308295 0.5271186532776909 0.028169014084507026 0.1332159624413145
0 0.38122310250391245 0.37338452008346373 0.08802816901408445 0.1566901408450704
0 0.33633821156103283 0.22306555381672752 0.1016725352112676 0.06572769953051646
0 0.22454641040688578 0.21661939227960356 0.10739436619718307 0.07570422535211266
0 0.10482810054773083 0.22425882455225177 0.1073943661971831 0.08685446009389673
0 0.0022627518583724572 0.18550034776560598 0.08934859154929578 0.05868544600938966
0 0.0005009658646322379 0.2441934011476265 0.08758802816901408 0.06690140845070423
0 0.0035648351917057903 0.47247652582159627 0.06294014084507042 0.06338028169014086
0 0.08808226965962442 0.40328203790645106 0.07790492957746478 0.12206572769953039
0 0.18183685446009387 0.41090951573639367 0.08450704225352115 0.12030516431924877
0 0.3059495427425665 0.41556685793775 0.07438380281690138 0.07981220657276995
0 0.03613525772691706 0.6561619718309858 0.06294014084507044 0.06338028169014091
0 0.09470180457746478 0.6573666536254564 0.10299295774647889 0.09683098591549298
0 0.2078057756259781 0.650326573639367 0.085387323943662 0.09917840375586867
0 0.28879841549295776 0.6368441358024691 0.09507042253521125 0.11561032863849766
0 0.38694646175665104 0.6427143105546861 0.09022887323943654 0.11737089201877937
0 0.0801823527973396 0.8157945357329159 0.11047535211267606 0.07218309859154938
0 0.28308911629499217 0.8457159624413145 0.11311619718309866 0.06338028169014091
0 0.4006064162754304 0.8580355590332116 0.1126760563380281 0.05868544600938964
0 0.5181710925273866 0.8398528516779691 0.18045774647887325 0.06924882629107983
0 0.8711282888302035 0.8292889280125196 0.12896126760563378 0.06866197183098595
0 0.4719046483763693 0.0018284863501999652 0.10607394366197175 0.0733568075117371
0 0.5819462783646323 0.0006585811163275952 0.11531690140845059 0.07746478873239437
0 0.7007739143192488 0.003005455572943836 0.10035211267605643 0.07687793427230047
0 0.8046471537558686 0.0006672752564771345 0.10035211267605636 0.08685446009389672
0 0.9067549393583725 0.0006743392453486351 0.09330985915492959 0.09448356807511736
