0 0.2804736404538341 0.6528614588767171 0.1496478873239437 0.3016431924882629
0 0.7817546337050079 0.004902408276821423 0.0928697183098592 0.22417840375586856
0 0.3882665786384977 0.29367772996000696 0.08978873239436615 0.2705399061032864
0 0.4824551912167449 0.2895605112154408 0.08758802816901405 0.2605633802816902
0 0.10526090571205007 0.27139736567553474 0.09683098591549298 0.29225352112676056
0 0.6629028511345854 0.29426567118761954 0.07306338028169014 0.27171361502347413
0 0.29891707012910795 0.2772517822987306 0.08846830985915494 0.27699530516431925
0 0.21351935397104854 0.2555588158581116 0.07350352112676058 0.2992957746478873
0 0.12992621527777778 0.6534559207094418 0.12191901408450702 0.3098591549295775
0 0.7548971782081376 0.30833496348461137 0.08010563380281689 0.2552816901408451
0 0.5915826119913928 0.30714712658668064 0.04797535211267608 0.2400234741784037
0 0.43804497994913927 0.6604737219613981 0.15096830985915494 0.28345070422535207
0 0.7078137226134585 0.6317390453834115 0.09683098591549305 0.3063380281690142
0 0.023373312793427227 0.26551958355068683 0.06602112676056338 0.28227699530516426
0 0.3024403364632238 0.006053838462876021 0.09154929577464786 0.20011737089201878
0 0.8424745085093897 0.3200617283950617 0.06470070422535201 0.2441314553990611
0 0.4041095094874804 0.009571704920883327 0.08670774647887325 0.1965962441314554
0 0.5528884242957747 0.010171057207442186 0.10299295774647885 0.21009389671361506
0 0.6624816607981221 0.011346396278908015 0.10035211267605643 0.21185446009389672
0 0.919939297241784 0.3329480742479569 0.06470070422535217 0.2177230046948357
0 0.21924363018388107 0.008388215093027302 0.07702464788732391 0.18603286384976528
0 0.0005205276799687011 0.6581436924013215 0.11575704225352114 0.30223004694835676
0 0.015916287656494523 0.00604405755520779 0.10255281690140844 0.18955399061032863
0 0.15364858421361502 0.013077073552425664 0.056778169014084494 0.1795774647887324
0 0.9287466989436619 0.0019833507216136326 0.07130281690140852 0.2406103286384976
0 0.9309458749021909 0.6458018170752913 0.06910211267605636 0.2828638497652582
0 0.8086117835485133 0.7050197791688403 0.10519366197183094 0.22417840375586845
0 0.8803137837441315 0.001976286732742132 0.04621478873239416 0.232981220657277
0 0.4987061693075117 0.007818748913232481 0.03829225352112676 0.20481220657277
