0 0.5075291593309859 0.7114577899495741 0.06734154929577474 0.20539906103286376
0 0.880780516431925 0.42802664753955827 0.08450704225352107 0.2265258215962442
0 0.6461833064358372 0.4192238306381499 0.08142605633802825 0.22652582159624415
0 0.4943111795774648 0.21433609372283083 0.047535211267605605 0.1449530516431925
0 0.1553984497261346 0.21140997217875152 0.04137323943661973 0.1537558685446009
0 0.30858213517214395 0.4508873456790124 0.06250000000000004 0.19776995305164316
0 0.7042598909428794 0.2477558250739002 0.04973591549295778 0.11150234741784042
0 0.8992652093114242 0.7102650625978091 0.08274647887323947 0.18485915492957747
0 0.5427282008020344 0.23485861154581814 0.049735915492957694 0.12617370892018778
0 0.35038176105242563 0.21081985741610154 0.04269366197183098 0.15023474178403756
0 0.377684553501565 0.7161439314901756 0.06294014084507041 0.19600938967136153
0 0.7561989558881065 0.24540514693096854 0.05325704225352108 0.10798122065727699
0 0.31164631015258215 0.21023354633976699 0.038292253521126834 0.15082159624413147
0 0.271156103286385 0.2172703660233003 0.042253521126760576 0.14495305164319244
0 0.5779492493153364 0.7196688619370545 0.06382042253521128 0.20011737089201873
0 0.07090607883411582 0.7172991653625457 0.06249999999999999 0.1760563380281689
0 0.17742108030125195 0.4614382281342375 0.06382042253521127 0.18427230046948362
0 0.8420316167840375 0.24892573030777257 0.06073943661971839 0.10739436619718311
0 0.4472142752347418 0.21785124326204136 0.04489436619718303 0.13849765258215965
0 0.2518036605046948 0.726106329334029 0.06205985915492956 0.18075117370892008
0 0.24344006748826288 0.4626119370544254 0.060739436619718354 0.1842723004694835
0 0.650562707844288 0.2459941749260998 0.049735915492957694 0.11032863849765262
0 0.5788313649256651 0.435641627543036 0.06646126760563378 0.21126760563380279
0 0.44062836218701096 0.717318727177882 0.06822183098591555 0.19718309859154928
0 0.18974196742957747 0.7284488567205705 0.059419014084507026 0.17546948356807515
0 0.09511688184663537 0.4444297730829421 0.06690140845070425 0.19542253521126757
0 0.9023211316510172 0.25361730568596763 0.04665492957746472 0.10387323943661973
0 0.5911449163732395 0.23602688662841245 0.05149647887323938 0.12030516431924886
0 0.19720846782081378 0.22196520170405148 0.03653169014084507 0.14495305164319247
0 0.5088477479460095 0.4356459746131108 0.0647007042253521 0.21596244131455405
0 0.37284483812597813 0.4415101721439749 0.06558098591549298 0.21126760563380284
0 0.43710570715962443 0.43447063554164495 0.06602112676056338 0.21420187793427228
0 0.005750256748826291 0.22255640323422013 0.0409330985915493 0.14964788732394366
0 0.011482479949139281 0.4561424100156495 0.05589788732394366 0.16901408450704225
0 0.807715302230047 0.7014926751869239 0.08186619718309866 0.2177230046948357
0 0.7280470583920189 0.6967978395061728 0.07790492957746473 0.2177230046948357
0 0.6475012837441314 0.6909369022778646 0.07790492957746488 0.22593896713615028
0 0.13032478726525823 0.7202394148843679 0.0620598591549296 0.1825117370892019
0 0.3138647422730829 0.7202497391757956 0.06382042253521132 0.19366197183098585
0 0.014566828051643194 0.7173045992001391 0.0607394366197183 0.18192488262910791
0 0.15320630379499217 0.9454768735872022 0.053697183098591554 0.05868544600938964
0 0.23154342723004698 0.2178572204833942 0.042253521126760535 0.14495305164319253
