0 0.028575370799039775 0.24751752781588174 0.03742283950617284 0.09670781893004111
0 0.08527520576131688 0.2536870332266423 0.01851851851851852 0.09310699588477366
0 0.1343120391803841 0.1899215058680079 0.07600308641975308 0.11522633744855969
0 0.2396473658264746 0.1899157902758726 0.09220679012345674 0.10905349794238682
0 0.36193897890946497 0.18273653025453435 0.08101851851851857 0.1332304526748971
0 0.46572359396433466 0.1811937966773358 0.08641975308641976 0.13374485596707816
0 0.58610093021262 0.18736520728547476 0.09645061728395071 0.13220164609053497
0 0.7164901084533608 0.17399786617893617 0.07908950617283952 0.13991769547325097
0 0.8083065414951989 0.17400120027434843 0.07253086419753095 0.1435185185185185
0 0.905921532064472 0.1888969859777473 0.08256172839506158 0.11985596707818928
0 0.7816901899005486 0.1019051973784484 0.07831790123456793 0.057613168724279844
0 0.6752105838477366 0.10292924096936443 0.08101851851851857 0.052469135802469126
0 0.9159505208333333 0.38486558832495055 0.0798611111111111 0.09927983539094651
0 0.8156515239197532 0.3910379515317787 0.09375 0.09876543209876545
0 0.6964417759773662 0.40285065157750344 0.09837962962962961 0.0787037037037037
0 0.5826287079903978 0.39462448559670776 0.09645061728395063 0.08333333333333333
0 0.47576222779492455 0.38331428135954887 0.0976080246913581 0.0905349794238683
0 0.3492214291838135 0.37972393689986284 0.10108024691358015 0.10185185185185185
0 0.26200301140260635 0.38125190519737845 0.06211419753086417 0.08539094650205761
0 0.20027113340192043 0.38844688309708886 0.05709876543209877 0.07818930041152264
0 0.10383498371056243 0.3725289590001524 0.0779320987654321 0.10905349794238682
0 0.03127491640946502 0.4116598079561043 0.035879629629629636 0.14814814814814814
0 0.0771854102366255 0.4265684537418077 0.035879629629629636 0.13837448559670784
0 0.002715888631687243 0.43838972717573543 0.02199074074074074 0.12757201646090546
0 0.0027148169581618655 0.6199974279835392 0.020447530864197528 0.15277777777777768
0 0.02858046124828532 0.607663180155464 0.0447530864197531 0.16512345679012339
0 0.07448800797325102 0.6199974279835392 0.04050925925925926 0.15277777777777768
0 0.0027199074074074074 0.8046677335771986 0.027777777777777776 0.1522633744855967
0 0.038610253772290805 0.8026172648986435 0.04320987654320989 0.1599794238683129
0 0.08915493184156377 0.8098031931108063 0.04976851851851853 0.14300411522633746
0 0.14511102537722909 0.7053583676268862 0.07098765432098764 0.12037037037037027
0 0.14509870113168724 0.53303040695016 0.053240740740740734 0.11728395061728403
0 0.21494180812757202 0.5551283150434385 0.07175925925925929 0.09413580246913576
0 0.3095113704561043 0.5571897386069197 0.14081790123456786 0.09825102880658423
0 0.474992230366941 0.5464015584514555 0.09992283950617285 0.11368312757201651
0 0.5907337748628259 0.5612963915561652 0.10108024691358032 0.08899176954732518
0 0.716500289351852 0.5551397462277092 0.09375 0.10648148148148148
0 0.8229798954046639 0.5633611492150585 0.09104938271604937 0.09670781893004127
0 0.9398480366941014 0.5695354176192653 0.047839506172839524 0.09825102880658444
0 0.8754573366769547 0.7310499542752629 0.10300925925925937 0.08950617283950624
0 0.7323377486282578 0.7413342097241273 0.12191358024691365 0.08539094650205757
0 0.627378043552812 0.7264360425240055 0.09104938271604952 0.10648148148148148
0 0.5309236754115226 0.7336310204237159 0.08564814814814817 0.09927983539094656
0 0.44102768132716047 0.7326007849413199 0.0798611111111111 0.09773662551440339
0 0.33724628129286693 0.7264393766194177 0.07908950617283952 0.110082304526749
0 0.24157048396776407 0.7264327084285932 0.08371913580246913 0.10288065843621397
0 0.16246945730452675 0.8977285284255448 0.06712962962962962 0.10236625514403301
0 0.2488929612482853 0.9074917123914038 0.07253086419753087 0.09104938271604932
0 0.32721514917695477 0.907492664990093 0.07870370370370369 0.09207818930041142
0 0.41634891546639236 0.9013231595793325 0.09799382716049389 0.09567901234567905
0 0.5228191443758574 0.9100613473555861 0.08179012345679015 0.08847736625514392
0 0.6212464634773662 0.909026348879744 0.15046296296296294 0.08179012345679006
0 0.8064190564986282 0.9249466544734034 0.1323302469135803 0.053497942386831324
