0 0.003158621870109546 0.0007069422709094071 0.11179577464788733 0.12969483568075116
0 0.11803813331377153 0.0007058555033907147 0.11575704225352111 0.12852112676056338
0 0.23908297877543036 0.0007004216657972526 0.12455985915492956 0.12265258215962442
0 0.4327373092723005 0.0006906407581290211 0.11355633802816906 0.11208920187793428
0 0.5550955472417841 0.0006895539906103287 0.11223591549295778 0.11091549295774647
0 0.6703965546752738 0.0006852069205355591 0.08934859154929582 0.1062206572769953
0 0.7650191950312989 0.0006841201530168666 0.07834507042253527 0.10504694835680752
0 0.847777594385759 0.0006852069205355591 0.09551056338028177 0.1062206572769953
0 0.07624767703442879 0.17154353590679883 0.1487676056338028 0.1965962441314554
0 0.22717747456964008 0.17446585376456267 0.09330985915492959 0.18368544600938966
0 0.32621772300469487 0.15980264301860544 0.10563380281690142 0.1924882629107981
0 0.4494516578638498 0.16448606764041038 0.09771126760563385 0.1801643192488263
0 0.5520014182316119 0.15568488089027996 0.09330985915492952 0.181924882629108
0 0.654104924687011 0.15861208920187791 0.08010563380281681 0.17429577464788734
0 0.7372964348591549 0.1574356633628934 0.08714788732394364 0.17136150234741784
0 0.8297336536580595 0.1586001347591723 0.09815140845070418 0.16138497652582157
0 0.00046978922143974965 0.4285760085202574 0.042693661971830985 0.18603286384976528
0 0.043203491784037554 0.41098830638149886 0.10035211267605636 0.20539906103286382
0 0.14355377053990612 0.41216092853416797 0.0977112676056338 0.20422535211267603
0 0.2434477088223787 0.4080442531733611 0.07174295774647893 0.1948356807511737
0 0.31739503863458524 0.4033445270387759 0.07702464788732395 0.1895539906103286
0 0.3997068784233177 0.3886840332116154 0.08494718309859156 0.20129107981220656
0 0.4890551643192489 0.39043753260302555 0.08450704225352115 0.1936619718309859
0 0.5740023474178404 0.3816385193879326 0.08450704225352107 0.19776995305164316
0 0.66290315678795 0.37694259693966264 0.07350352112676053 0.19659624413145546
0 0.7452113287363068 0.37693444618327243 0.07614436619718311 0.187793427230047
0 0.8332508069248826 0.3710631846635368 0.09242957746478879 0.18485915492957752
0 0.0004936301838810642 0.6726922491740567 0.07702464788732394 0.16960093896713624
0 0.07840314456181534 0.6703442879499216 0.08362676056338028 0.16901408450704225
0 0.1686427156690141 0.6586153495044341 0.09903169014084505 0.17781690140845072
0 0.2742575679773083 0.655674013215093 0.07174295774647889 0.17018779342723
0 0.351287411971831 0.6457002043122936 0.07922535211267605 0.17312206572769945
0 0.4349074481611893 0.6380738132498697 0.06954225352112683 0.176056338028169
0 0.5084231954225351 0.6322014649626152 0.08714788732394381 0.17194835680751172
0 0.596878362187011 0.6322014649626152 0.06822183098591555 0.17194835680751172
0 0.6673106783059468 0.6251575812902104 0.08230633802816899 0.17018779342723
0 0.7562062915688575 0.6175301034602678 0.06382042253521121 0.17194835680751172
0 0.827955362382629 0.6104835028690663 0.07262323943661973 0.16725352112676053
0 0.016353677621283255 0.8903598287254391 0.09859154929577467 0.10974178403755865
0 0.11580686375195617 0.8903587419579203 0.07174295774647886 0.1085680751173709
0 0.1884404954029734 0.88918720657277 0.08670774647887321 0.11091549295774648
0 0.2852623117175274 0.8727704964354025 0.07350352112676058 0.1273474178403756
0 0.3613996478873239 0.8639758302903844 0.06338028169014089 0.13615023474178395
0 0.4261131895539906 0.8657347635193879 0.08186619718309866 0.13438967136150234
0 0.5075368006651017 0.8610404712223961 0.0783450704225352 0.13497652582159622
0 0.5858769806338028 0.855171926621457 0.07130281690140852 0.1349765258215963
0 0.6571923293231612 0.8434511389323597 0.08934859154929574 0.15258215962441304
0 0.7487269537363068 0.8287705399061034 0.06822183098591539 0.14260563380281693
0 0.8235576217723006 0.8287678229873066 0.07790492957746473 0.13967136150234738
