0 0.5322060837245697 0.7712979264475743 0.10915492957746473 0.18485915492957758
0 0.47282344239045376 0.4033559380977222 0.16153169014084506 0.20187793427230039
0 0.3249235866588419 0.40571096331072853 0.14348591549295778 0.21009389671361506
0 0.21441339006259783 0.7290107155277343 0.09330985915492959 0.14847417840375585
0 0.813434076682316 0.7988833463745435 0.07746478873239447 0.18838028169014082
0 0.19463211561032862 0.3933957137889063 0.12940140845070427 0.2194835680751173
0 0.21573381259780908 0.006617870805077378 0.09330985915492959 0.17546948356807512
0 0.08810733323552425 0.7190602721265867 0.11399647887323947 0.17664319248826288
0 0.0823830570226917 0.39750369500956356 0.11047535211267605 0.21948356807511743
0 0.6409398229655713 0.42330029560076504 0.13644366197183094 0.19248826291079815
0 0.1211050591744914 0.0036879455746826645 0.09551056338028167 0.18016431924882628
0 0.6792950410798123 0.004857850808555034 0.22711267605633798 0.176056338028169
0 0.6501592454029734 0.7178599374021909 0.10255281690140844 0.147887323943662
0 0.31387544014084506 0.017168753260302556 0.07922535211267605 0.1619718309859155
0 0.5124113605242567 0.0013220526864893061 0.12588028169014073 0.1602112676056338
0 0.4177694640062598 0.8058870196487569 0.10915492957746473 0.14671361502347413
0 0.3103714299687011 0.7970912667362198 0.10387323943661977 0.15434272300469498
0 0.9071690996674491 0.804744826986611 0.05589788732394364 0.18075117370892027
0 0.003573393485915493 0.3582083550686837 0.07526408450704226 0.24530516431924887
0 0.39398627005086073 0.004850786819683533 0.08670774647887325 0.16842723004694835
0 0.4164799124608763 0.2542258954964354 0.1536091549295775 0.12734741784037565
0 0.5801878545579029 0.25010432968179447 0.11839788732394373 0.1126760563380282
0 0.0035993740219092333 0.003105981568422883 0.11267605633802817 0.18544600938967135
0 0.1726183489827856 0.32516736219787856 0.11971830985915495 0.053990610328638514
0 0.8733167669209702 0.4268306598852374 0.11135563380281704 0.20246478873239437
0 0.9129126320422535 0.006024495739871326 0.08714788732394364 0.16842723004694835
