0 0.6102100449921752 0.8134938488958443 0.2517605633802817 0.12265258215962431
0 0.6419096610915492 0.2847341766649278 0.2654049295774648 0.11854460093896722
0 0.6375134487480439 0.15094820466005915 0.2728873239436619 0.1367370892018779
0 0.6383931191314554 0.406210876369327 0.2720070422535211 0.11619718309859163
0 0.6146099251760564 0.6984692879499218 0.24955985915492945 0.12147887323943668
0 0.6163747677034428 0.5916509085376456 0.25572183098591555 0.10974178403755874
0 0.0005492590962441316 0.6621913580246913 0.15713028169014087 0.23708920187793422
0 0.15767434467918623 0.6627776691010259 0.14964788732394366 0.23650234741784035
0 0.003607626662754304 0.1281168492436098 0.12455985915492959 0.19718309859154926
0 0.13037858225743348 0.1310570987654321 0.1395246478873239 0.20363849765258216
0 0.0005446742957746479 0.42506357589984356 0.1505281690140845 0.19542253521126757
0 0.15678703296165886 0.42155114327942966 0.1395246478873239 0.2048122065727699
0 0.8896013668818468 0.6239941966614502 0.11047535211267592 0.18133802816901395
0 0.8852030149647888 0.8011862067466528 0.11487676056338027 0.14025821596244137
0 0.9234686766431925 0.3575524908711528 0.07658450704225352 0.1707746478873239
0 0.9322653804773082 0.16215169101025909 0.06778169014084515 0.1942488262910798
