0 0.14882965326682315 0.7249326204138412 0.08934859154929575 0.18075117370892008
0 0.5748850743348984 0.13925947661276303 0.08802816901408445 0.1889671361502347
0 0.5911614216549296 0.7401625804207964 0.07526408450704222 0.15023474178403756
0 0.6981135074334898 0.7495571422361329 0.07218309859154917 0.1555164319248826
0 0.46750293427230044 0.4473439401843158 0.10563380281690142 0.17370892018779338
0 0.01504334164710485 0.7419432490001739 0.11311619718309862 0.1719483568075116
0 0.16598689358372457 0.4637601069379238 0.07746478873239436 0.15669014084507046
0 0.24918207159624414 0.1433359415753782 0.08978873239436622 0.1549295774647887
0 0.24873428941705786 0.7460066727525647 0.07878521126760564 0.12382629107981215
0 0.17214458626760565 0.18618555468614154 0.07130281690140843 0.16490610328638497
0 0.37990390258215967 0.13806946617979482 0.08978873239436622 0.17136150234741784
0 0.5915902533255086 0.4267812119631369 0.058978873239436624 0.14906103286384967
0 0.8464345535015649 0.43091092853416796 0.06294014084507041 0.17253521126760568
0 0.48595431093505476 0.1474374021909233 0.05589788732394364 0.147887323943662
0 0.6567650259194053 0.423256281516258 0.10783450704225367 0.14495305164319247
0 0.3825264084507042 0.4256428229873066 0.0633802816901408 0.18720657276995295
0 0.09379309712441315 0.139188836724048 0.06205985915492956 0.11267605633802813
0 0.08192182609546166 0.299929360111285 0.08010563380281692 0.050469483568075034
0 0.9172856147300471 0.14924687010954615 0.04621478873239416 0.2007042253521127
0 0.7980166153169014 0.13924480525126068 0.059419014084507185 0.17312206572769953
0 0.8429335998630674 0.7266540601634498 0.09198943661971823 0.13849765258215965
0 0.7834864656690143 0.7395550773778473 0.051496478873239306 0.12793427230046944
0 0.6822598787167448 0.11873858894105374 0.059859154929577586 0.2095070422535211
0 0.4036598933881064 0.7319542253521129 0.07306338028169021 0.15845070422535207
0 0.5268935225938967 0.7501119370544254 0.06470070422535217 0.1208920187793427
0 0.06695153560250391 0.44851982263954093 0.07218309859154931 0.17605633802816906
