0 0.6408988654147105 0.7618131629281865 0.07746478873239432 0.08215962441314559
0 0.5625556289123631 0.7524294687880368 0.08010563380281689 0.08861502347417838
0 0.4784878105438185 0.7536048078595026 0.07878521126760553 0.09037558685446019
0 0.11844067879499218 0.7131134802643019 0.061619718309859135 0.0921361502347417
0 0.40056882091158064 0.755951682316119 0.05853873239436614 0.08978873239436612
0 0.47235365316901406 0.512975460789428 0.11883802816901413 0.06983568075117359
0 0.20651041666666667 0.5006428229873066 0.12147887323943662 0.06044600938967135
0 0.6070343065336463 0.5270523604590507 0.11531690140845074 0.06161971830985909
0 0.612316302327856 0.4548676317162233 0.11575704225352115 0.05985915492957743
0 0.062152166471048514 0.5059299469657452 0.13292253521126762 0.06631455399061026
0 0.17746845657276997 0.1596945096504956 0.13204225352112678 0.07570422535211269
0 0.7351128472222223 0.5270556207616067 0.11179577464788729 0.06514084507042252
0 0.2038723224765258 0.4190841810119979 0.1254401408450704 0.07570422535211271
0 0.4723600718896714 0.44313325943314197 0.12808098591549297 0.06279342723004704
0 0.03265814505086072 0.07458811511041558 0.12632042253521128 0.062206572769953054
0 0.34031445618153366 0.4337463049904364 0.12323943661971831 0.06572769953051644
0 0.07138687157668232 0.4202540862458703 0.12103873239436622 0.07159624413145535
0 0.03265967331768388 0.15147256998782818 0.1285211267605634 0.06924882629107983
0 0.3389940336463224 0.514728960180838 0.12323943661971827 0.06220657276995307
0 0.7399574530516432 0.45898050339071467 0.11619718309859163 0.06514084507042246
0 0.1818637519561815 0.08514714832203096 0.12323943661971831 0.05751173708920188
0 0.31655051838810644 0.24595831159798293 0.12852112676056335 0.0715962441314554
0 0.3200676716549296 0.1544149930446879 0.12279929577464786 0.07805164319248824
0 0.16822458186619718 0.24595505129542686 0.1307218309859155 0.06807511737089203
0 0.7285299907081377 0.30638964962615195 0.1395246478873239 0.05575117370892018
0 0.4552034428794992 0.2817319813945401 0.1408450704225352 0.04518779342723005
0 0.888243043329421 0.058730546861415406 0.05589788732394364 0.04870892018779342
0 0.014177731318466355 0.22717733872370025 0.13424295774647887 0.06983568075117372
0 0.511487676056338 0.00474537037037037 0.06338028169014089 0.0545774647887324
0 0.8842790248435056 0.31929501391062426 0.051936619718309866 0.04988262910798121
0 0.0017972417840375586 0.41738828029907843 0.0528169014084507 0.14553990610328651
0 0.8697990023474178 0.4648539384454877 0.11619718309859163 0.07042253521126761
0 0.43843071449530524 0.004150908537645628 0.07262323943661973 0.046361502347417836
0 0.33806393045774646 0.738346048513302 0.051496478873239424 0.08978873239436622
0 0.3631611282276995 0.004146018083811512 0.0647007042253521 0.04107981220657277
0 0.5880672926447574 0.031139149713093377 0.05633802816901413 0.03873239436619718
0 0.8253007629107982 0.05813934533124673 0.05281690140845067 0.04401408450704226
0 0.6598108616979655 0.028214114936532777 0.05721830985915485 0.04870892018779343
0 0.4560763888888889 0.21425458615892892 0.13028169014084506 0.056924882629108
0 0.19370078980829422 0.7160678577638672 0.05589788732394364 0.11384976525821605
0 0.27116221635367765 0.7154875239088855 0.05105633802816902 0.1208920187793428
0 0.7377711145344288 0.24124880455572947 0.1368838028169015 0.05575117370892018
0 0.45916012568466347 0.14149332724743524 0.13424295774647893 0.06631455399061034
0 0.7364002591940532 0.04170579029733959 0.06426056338028177 0.04225352112676056
0 0.8609958797926448 0.5440629890453834 0.11575704225352107 0.052816901408450724
0 0.9049714519757435 0.24946205007824723 0.06029929577464783 0.052816901408450724
0 0.9498551203051644 0.31460561206746657 0.04489436619718295 0.05575117370892018
0 0.7355584898278559 0.1755221917927317 0.119718309859155 0.05692488262910797
0 0.8063985475352112 0.7554463354199271 0.08714788732394364 0.1778169014084506
0 0.32926325312989047 0.8428072291775344 0.0545774647887324 0.09096244131455396
0 0.1910553599374022 0.8334246218049035 0.049295774647887335 0.0985915492957747
0 0.25928330399061034 0.8363512867327422 0.05809859154929574 0.09037558685445998
0 0.1197580447965571 0.8257938836724047 0.05721830985915493 0.09683098591549298
0 0.9071880501760563 0.7519089071465832 0.08318661971830986 0.16021126760563378
0 0.719681631455399 0.753675991131977 0.0739436619718311 0.16725352112676065
0 0.3930980413732394 0.8580426230220832 0.0752640845070423 0.06631455399061037
0 0.4784878105438185 0.8562907537819509 0.07878521126760553 0.07570422535211281
0 0.5585925273865415 0.8533521344114068 0.0774647887323944 0.07100938967136154
0 0.6430931509194053 0.8486600156494523 0.06822183098591547 0.073943661971831
0 0.042302425665101714 0.6925784646148495 0.07042253521126762 0.09741784037558684
0 0.024701682316118932 0.8070302990784212 0.07746478873239436 0.11384976525821594
0 0.2738180384389671 0.0035613371587549995 0.07262323943661977 0.04342723004694836
