0 0.5097637910798122 0.3950840071291949 0.11619718309859163 0.14143192488262915
0 0.3693652802230047 0.3880482742131804 0.1254401408450704 0.14847417840375585
0 0.637402802230047 0.38864164927838635 0.1135563380281689 0.1555164319248826
0 0.1783762470657277 0.49535026517127456 0.17165492957746484 0.04870892018779342
0 0.002748435054773083 0.362736915319075 0.15492957746478875 0.06572769953051644
0 0.8477928770539905 0.39860078681968353 0.11751760563380284 0.13673708920187794
0 0.7527255110524258 0.6092679533994089 0.12191901408450702 0.12206572769953043
0 0.2892394732981221 0.6749630499043645 0.09639084507042249 0.08685446009389666
0 0.5485044380868545 0.6655880499043646 0.12808098591549288 0.10269953051643178
0 0.028683123043818468 0.8316374326204139 0.10651408450704225 0.0698356807511738
0 0.8737614925665103 0.24484546165884197 0.11795774647887325 0.1373239436619718
0 0.5141651995305164 0.24542633889758306 0.11619718309859163 0.13086854460093897
0 0.36672474080594686 0.22491523213354198 0.12588028169014082 0.1619718309859155
0 0.2166348787167449 0.2917177447400452 0.12323943661971831 0.055164319248826255
0 0.000555066510172144 0.4325720526864893 0.16549295774647887 0.06514084507042252
0 0.17309914172535212 0.4501559511389323 0.17825704225352115 0.041666666666666664
0 0.5075193784233177 0.047636280646844026 0.05325704225352108 0.1091549295774648
0 0.35304553012519563 0.04175197791688402 0.07570422535211267 0.09213615023474178
0 0.6452868251173709 0.05526104155798991 0.0580985915492959 0.10446009389671362
0 0.652364534428795 0.24485198226395413 0.10915492957746473 0.14436619718309857
0 0.005384389671361502 0.2911384976525821 0.14788732394366197 0.06338028169014086
0 0.14396793084898277 0.018299534863502 0.06029929577464789 0.11561032863849764
0 0.43622022936228483 0.042930033907146586 0.058538732394366216 0.09683098591549295
0 0.575745488556338 0.05584572248304642 0.0594190140845071 0.10211267605633804
0 0.1506048880086072 0.7195830073030777 0.11047535211267609 0.10739436619718305
0 0.0317696107198748 0.7061021996174578 0.11443661971830986 0.12558685446009388
0 0.7139460460680752 0.0628858024691358 0.05413732394366188 0.09976525821596242
0 0.06738831426056338 0.014781125021735352 0.06734154929577464 0.11854460093896714
0 0.17134041226525823 0.3609953703703704 0.18089788732394366 0.08626760563380284
0 0.4098414270344288 0.6825845505129543 0.10123239436619724 0.07863849765258206
0 0.9146499657668231 0.07051382368283778 0.05369718309859163 0.09859154929577464
0 0.8503930702269171 0.06523267692575205 0.058978873239436624 0.09917840375586855
0 0.4080998141627543 0.7741659059294035 0.12852112676056346 0.11326291079812217
0 0.5427777166471048 0.7782586724047992 0.12103873239436615 0.09683098591549298
0 0.2712178452660407 0.7718260954616588 0.1311619718309859 0.12147887323943657
0 0.7417161825117372 0.745415471222396 0.1135563380281689 0.11913145539906109
0 0.863190776604069 0.6885356894453138 0.10739436619718311 0.1678403755868543
0 0.5550634536384977 0.9542650191271083 0.06602112676056338 0.042840375586854405
0 0.46790975890062597 0.9571998348113372 0.057658450704225414 0.043427230046948484
0 0.7799720632824727 0.06113121631020692 0.06117957746478864 0.1062206572769953
0 0.0014338199334898278 0.5023903451573639 0.16329225352112675 0.046361502347417836
0 0.14400949970657276 0.8363175969396627 0.12015845070422536 0.053990610328638465
