0 0.5722509536384977 0.5900511867501305 0.09771126760563385 0.28345070422535207
0 0.7280800689553991 0.11067912102243087 0.1254401408450704 0.3785211267605634
0 0.14974172290688575 0.11242175273865415 0.13512323943661972 0.35915492957746475
0 0.5762385074334898 0.09662123978438533 0.13556338028169013 0.40727699530516426
0 0.2980774403364632 0.12415938532429144 0.14700704225352113 0.3597417840375587
0 0.4670514842527387 0.6252662580420797 0.08934859154929582 0.2875586854460094
0 0.4591332281885758 0.10653364632237873 0.09551056338028169 0.3380281690140845
0 0.18317408793035994 0.5842288297687359 0.10871478873239436 0.3333333333333334
0 0.30947280907668234 0.5800996565814641 0.07746478873239436 0.3104460093896714
0 0.01987938918231612 0.10889356198921926 0.10519366197183098 0.35152582159624407
0 0.6976797853090767 0.5970439923491567 0.0814260563380281 0.23004694835680747
0 0.03617407570422536 0.641736219787863 0.11883802816901406 0.3286384976525821
