0 0.24126717771909234 0.805295818118588 0.10079225352112675 0.14201877934272308
0 0.6686451608959312 0.7877189836550166 0.10255281690140837 0.17312206572769945
0 0.14530730389280128 0.7806609720048687 0.08758802816901406 0.15610328638497648
0 0.39970901799687014 0.4344815032168318 0.08802816901408453 0.22593896713615022
0 0.19507470168231614 0.20025321683185535 0.1329225352112676 0.14671361502347413
0 0.33943478579812203 0.21022050512954268 0.1241197183098592 0.1367370892018779
0 0.7377488018388105 0.2594934576595375 0.1047535211267607 0.11208920187793422
0 0.18932475058685444 0.4690678794992176 0.09242957746478875 0.18485915492957747
0 0.5920731856416275 0.23251880107807338 0.12059859154929582 0.13438967136150237
0 0.7258546068075117 0.4532347635193879 0.08978873239436622 0.1977699530516433
0 0.466633961756651 0.22078388541123284 0.12191901408450695 0.13673708920187796
0 0.28616337783646323 0.4397583029038428 0.10343309859154928 0.22065727699530513
0 0.9005688209115804 0.23840310380803342 0.058538732394366216 0.15140845070422537
0 0.5982372970461659 0.1151229134063641 0.12367957746478872 0.1073943661971831
0 0.8477491686228482 0.23604916536254564 0.05457746478873244 0.14436619718309857
0 0.206942304870892 0.13502977743001218 0.10959507042253525 0.057511737089201896
0 0.20738366832942093 0.07341060250391238 0.11135563380281698 0.05809859154929579
0 0.5233953198356807 0.4555957659537472 0.09771126760563385 0.21244131455399062
0 0.566065446498435 0.7400886802295253 0.06382042253521128 0.07042253521126757
0 0.3733198234546166 0.14266594940010435 0.11575704225352115 0.06514084507042252
0 0.6259469141236308 0.4696688619370545 0.0959507042253521 0.20011737089201873
0 0.7254340277777778 0.10869142323074248 0.11795774647887325 0.13321596244131456
0 0.8143354484546167 0.46438282472613457 0.10783450704225352 0.19542253521126762
0 0.35306417498043824 0.7496011563206398 0.10255281690140841 0.20305164319248828
0 0.7681237162558685 0.7496109372283082 0.11223591549295785 0.21361502347417838
0 0.8684691045579029 0.7724710919840029 0.10255281690140852 0.18427230046948362
0 0.45737419307511734 0.7513486784906972 0.09771126760563385 0.18896713615023478
0 0.5669775161384977 0.8193743479394887 0.10959507042253512 0.13556338028169018
0 0.32225309321205015 0.08573237263084682 0.10079225352112675 0.05575117370892018
0 0.14835986404538343 0.19672937315249522 0.046654929577464796 0.14377934272300474
0 0.0013632140062597809 0.4643719570509477 0.061619718309859156 0.18368544600938969
0 0.0026937231025039123 0.7683810424274039 0.07614436619718311 0.20363849765258227
0 0.11008533841940533 0.4673078595026952 0.07218309859154928 0.18544600938967135
0 0.7232372970461659 0.0006411928360285168 0.12367957746478879 0.05868544600938967
0 0.8957590595657277 0.0035852460441662326 0.10431338028169014 0.06924882629107981
0 0.9459002714201877 0.4708398539384455 0.05413732394366204 0.19718309859154934
