0 0.5370326560054772 0.7953551556251086 0.08758802816901413 0.18075117370892027
0 0.12202232492175273 0.024275669448791514 0.1487676056338028 0.2318075117370892
0 0.2734329151995305 0.02075345592070944 0.1518485915492958 0.2306338028169014
0 0.7237104484546165 0.009049513128151627 0.17121478873239449 0.2664319248826291
0 0.43007476281298906 0.42390453834115804 0.08230633802816906 0.21126760563380279
0 0.022090485622065725 0.3775609676577986 0.12015845070422533 0.23063380281690143
0 0.02957379694835681 0.7202551730133889 0.12147887323943662 0.19953051643192485
0 0.2839813184663537 0.39339951747522167 0.13028169014084506 0.22359154929577468
0 0.14665554088419405 0.3840174534863502 0.12764084507042253 0.23180751173708924
0 0.7734399452269172 0.42685293861937057 0.1619718309859154 0.2265258215962441
0 0.9419386981611894 0.4602878847157016 0.05369718309859163 0.20950704225352113
0 0.8948793891823161 0.030758781081551036 0.10519366197183094 0.26173708920187794
0 0.6330166764475744 0.8035700312989046 0.13556338028169004 0.17957746478873232
0 0.2751720828442879 0.7624902190923318 0.1210387323943663 0.17957746478873232
0 0.15544918818466352 0.7484035385150408 0.11443661971830983 0.17723004694835684
0 0.40984784575508604 0.7713087941227612 0.110475352112676 0.1965962441314554
0 0.7822198381259782 0.8111958789775691 0.12896126760563378 0.176056338028169
0 0.9173109839593117 0.8158907146583202 0.0827464788732393 0.176056338028169
0 0.0035978457550860724 0.026030255607720397 0.11047535211267606 0.22535211267605632
0 0.4379798757824726 0.010787797774300122 0.05721830985915493 0.24237089201877937
0 0.6215415321791862 0.00083952790818988 0.09022887323943662 0.27288732394366194
0 0.5898963223787168 0.40808120326899666 0.15492957746478864 0.23474178403755863
