0 0.3618578222809076 0.6116474308815858 0.08934859154929582 0.15669014084507035
0 0.12375476819248826 0.5987442401321509 0.10827464788732394 0.16490610328638505
0 0.5969245158450704 0.40388084680925057 0.13468309859154934 0.13497652582159617
0 0.577099532961659 0.6251526908363763 0.10783450704225352 0.16490610328638494
0 0.4661791495500782 0.6304392714310555 0.10079225352112683 0.17018779342723
0 0.25666263204225354 0.2893833681098939 0.08714788732394368 0.06924882629107983
0 0.8271096195226919 0.6409999347939489 0.12235915492957727 0.16725352112676053
0 0.25490604215571205 0.606323900191271 0.0928697183098592 0.11150234741784046
0 0.8218398498630674 0.1385867675186924 0.1395246478873239 0.09624413145539908
0 0.5529009560837246 0.11276951834463572 0.12103873239436615 0.10093896713615022
0 0.6792265747261347 0.120974069727004 0.12852112676056338 0.0886150234741784
0 0.00622279685054773 0.29652071378890626 0.08758802816901409 0.17194835680751172
0 0.2764515478286385 0.3827405016518866 0.06205985915492956 0.12030516431924877
0 0.018994217038341157 0.6057642149191445 0.09815140845070422 0.14084507042253533
0 0.10043188820422536 0.09217364371413667 0.11487676056338028 0.040492957746478875
0 0.34293237724960873 0.34521604938271605 0.09022887323943662 0.1572769953051643
0 0.0005018828247261347 0.07693172926447575 0.08890845070422536 0.05809859154929577
0 0.11142348884976526 0.1408879977395236 0.0977112676056338 0.046361502347417836
0 0.13165743593505477 0.28648658928881937 0.07966549295774647 0.1097417840375587
0 0.6941748581768389 0.034692879499217524 0.10475352112676053 0.073943661971831
0 0.4705848371478873 0.33395605112154414 0.10695422535211271 0.03873239436619716
0 0.7091387299491393 0.6216201530168667 0.10343309859154926 0.15258215962441304
0 0.8539331474960876 0.4349216440619022 0.08626760563380284 0.06748826291079815
0 0.7469868691314555 0.34690597287428265 0.09771126760563378 0.08098591549295775
0 0.81434095021518 0.04055490349504434 0.11575704225352107 0.06690140845070422
0 0.5594593603286385 0.8897702573465484 0.058098591549295815 0.10680751173708919
0 0.25622249119718316 0.8844912841245001 0.0871478873239436 0.10974178403755874
0 0.628145784428795 0.9026701877934272 0.09330985915492959 0.09507042253521115
0 0.19765625 0.8440075639019302 0.047535211267605605 0.11971830985915485
0 0.06827990512519562 0.8581078290732047 0.08362676056338028 0.13673708920187794
0 0.45824499951095465 0.9009096244131456 0.08406690140845074 0.09507042253521115
0 0.3724053085876369 0.9020778994957399 0.06646126760563385 0.08920187793427224
0 0.0035559712441314557 0.8610382976873587 0.050176056338028165 0.13262910798122074
0 0.4389200655320814 0.39624467483915843 0.1434859154929577 0.12734741784037554
0 0.7461059761345853 0.43202649539210575 0.09683098591549298 0.10974178403755865
0 0.7210231440727699 0.8909461398017736 0.10431338028169014 0.10915492957746477
0 0.09909771126760564 0.4231986828377673 0.09507042253521127 0.08274647887323952
0 0.2086622163536776 0.375111393670666 0.051056338028169064 0.12030516431924883
0 0.3609154929577465 0.613849765258216 0.0 0.0
0 0.24393889377934272 0.0752081159798296 0.14524647887323944 0.09800469483568074
0 0.4006284233176839 0.07991001564945227 0.14436619718309857 0.10563380281690142
0 0.5665413487871674 0.016511802295253 0.11531690140845074 0.08626760563380281
0 0.26065599325117367 0.00944074943488089 0.13336267605633803 0.05516431924882629
0 0.09824768926056338 0.010623152495218223 0.13864436619718312 0.06455399061032865
0 0.003578283939749609 0.14557848635019993 0.08230633802816902 0.04166666666666669
0 0.41031029929577467 0.008273017736045907 0.14260563380281696 0.06161971830985914
0 0.9533747187989046 0.6351368240306033 0.042693661971830936 0.17312206572769956
