0 0.7012327000195618 0.1797018996696227 0.12720070422535218 0.13438967136150232
0 0.2742814089397496 0.4402989697443923 0.10607394366197183 0.1707746478873239
0 0.16468205937010955 0.44557359589636586 0.09991197183098594 0.16314553990610328
0 0.8548149574530517 0.4596439749608764 0.08846830985915485 0.14788732394366202
0 0.761066485719875 0.4555441444966093 0.09066901408450687 0.15669014084507035
0 0.4683798537754304 0.4414743088158581 0.10079225352112675 0.17253521126760574
0 0.37813722613458534 0.4267822987306556 0.0809859154929577 0.1502347417840375
0 0.3227082110719875 0.15330214310554685 0.12235915492957747 0.14377934272300474
0 0.5704873337245697 0.4438195531211963 0.09330985915492952 0.1701877934272301
0 0.5366224691901409 0.16210115632063987 0.13072183098591547 0.13967136150234744
0 0.7025625978090767 0.041208050773778475 0.1408450704225352 0.13849765258215965
0 0.5691873899647887 0.034156559728742826 0.1227992957746479 0.12852112676056335
0 0.45558428697183095 0.16209572248304643 0.055457746478873325 0.1338028169014084
0 0.19017538390062597 0.09407766040688575 0.049735915492957736 0.19542253521126762
0 0.41424711463223785 0.04587843418535907 0.10739436619718311 0.11208920187793428
0 0.9142345828442878 0.7049523995826813 0.08934859154929597 0.1514084507042252
0 0.7905739558881065 0.7213745435576421 0.11663732394366187 0.14084507042253522
0 0.931387849667449 0.1937820596418014 0.07174295774647893 0.12969483568075116
0 0.6536919869913929 0.7102465875499914 0.11927816901408453 0.16490610328638494
0 0.22238482981220659 0.7324916318901061 0.16373239436619716 0.10504694835680747
0 0.660718957844288 0.939596917927317 0.09727112676056329 0.046361502347417836
0 0.5502439113849764 0.7166416710137367 0.09771126760563394 0.09976525821596254
0 0.7632711634389671 0.9472287428273344 0.09639084507042257 0.04929577464788729
0 0.9093915052816901 0.9525142366544951 0.08714788732394364 0.05340375586854449
0 0.12548201535602507 0.08587636932707356 0.06029929577464787 0.21126760563380284
0 0.24122194102112676 0.09817912102243088 0.035651408450704185 0.18838028169014084
0 0.27819652288732394 0.09642181794470528 0.039612676056338 0.19190140845070425
0 0.8332556973787167 0.18439673535037385 0.09947183098591555 0.1343896713615024
0 0.663786495011737 0.4361659928708051 0.07790492957746488 0.14377934272300474
0 0.9489791177621284 0.3963261824030604 0.051056338028169064 0.21537558685446004
0 0.20429351281298902 0.6696563641105894 0.09815140845070426 0.05985915492957748
0 0.30245409086463226 0.6649718527212659 0.11135563380281685 0.07100938967136154
0 0.4243810519366197 0.7020208442010085 0.12279929577464799 0.15434272300469476
0 0.5528850621087638 0.6755009998261172 0.09815140845070411 0.03403755868544594
0 0.7971794307511738 0.6678903668927143 0.12147887323943662 0.053990610328638465
