0 0.3297226501369327 0.48204225352112673 0.08230633802816899 0.25352112676056343
0 0.6325257971439749 0.8264426838810641 0.0625 0.16373239436619721
0 0.8077180531103287 0.4919291210224308 0.08582746478873228 0.15669014084507046
0 0.6140459947183098 0.5307017257868196 0.07130281690140852 0.20011737089201873
0 0.671283255086072 0.11352482177012693 0.09859154929577467 0.28286384976525825
0 0.26588052621283254 0.4738387889062772 0.051056338028169064 0.267018779342723
0 0.4745057585093897 0.4931979221005043 0.04885563380281689 0.2593896713615023
0 0.16112608812597812 0.4743745652929926 0.049735915492957736 0.21185446009389666
0 0.5353020466549295 0.10648908885411235 0.13072183098591547 0.289906103286385
0 0.5405305531103286 0.521320748565467 0.05413732394366204 0.20950704225352107
0 0.21791342674100156 0.10649832637802123 0.06294014084507041 0.29988262910798114
0 0.41640472173317683 0.12407244392279602 0.04533450704225359 0.26584507042253525
0 0.6840161629499217 0.4795915927664754 0.05369718309859148 0.14201877934272308
0 0.08893840473395931 0.49367990349504426 0.0431338028169014 0.14612676056338028
0 0.7412323332355241 0.4778239653973222 0.050616197183098656 0.13438967136150234
0 0.43664814407276986 0.4849580507737784 0.04093309859154933 0.23356807511737102
0 0.00708046019170579 0.4814537689097548 0.05501760563380282 0.2517605633802817
0 0.9335699090375588 0.3281630368631542 0.04489436619718311 0.12030516431924883
0 0.2178984497261346 0.4902049643540255 0.04137323943661973 0.19600938967136144
0 0.28524977992957745 0.12349591375412972 0.05545774647887324 0.2769953051643193
0 0.4749474276212833 0.13815260389497477 0.051056338028168904 0.26115023474178406
0 0.3561118446791862 0.13463202051817075 0.05457746478873244 0.261737089201878
0 0.7403486893583724 0.5963723700226047 0.04577464788732392 0.13849765258215965
0 0.9111462612480438 0.49720592070944186 0.07878521126760568 0.15140845070422532
0 0.8838358274647888 0.011346396278908015 0.04753521126760552 0.21185446009389672
0 0.8877983176838811 0.7342951225873762 0.04929577464788729 0.15140845070422532
0 0.9441360401995305 0.0090033255086072 0.04885563380281689 0.2165492957746479
0 0.8794289172535211 0.3346336506694488 0.03961267605633812 0.13673708920187794
0 0.7980050004890452 0.7471792949052339 0.042693661971831096 0.12265258215962431
0 0.8301325312989045 0.01603797165710311 0.03873239436619716 0.20833333333333334
0 0.8327718481025038 0.32053501564945225 0.03653169014084515 0.12147887323943662
0 0.5044399207746479 0.8352248521996175 0.05545774647887324 0.1414319248826291
0 0.42785633069248824 0.8352232220483394 0.05677816901408453 0.1396713615023475
0 0.36403162901017216 0.8334784167970788 0.0506161971830985 0.15669014084507046
0 0.7152588272691707 0.8381651017214398 0.043133802816901344 0.147887323943662
0 0.5722167204616587 0.8293617414362718 0.04841549295774649 0.14730046948356812
0 0.8398177694640062 0.7647621065901582 0.041813380281690134 0.09800469483568072
0 0.9472127469679186 0.7606731438010781 0.042693661971830936 0.11854460093896722
0 0.2663179161776213 0.8586876195444271 0.04709507042253524 0.1291079812206572
0 0.20294435886150236 0.8534097330898974 0.05677816901408453 0.1332159624413145
0 0.09906745158450707 0.8522305903321161 0.0514964788732394 0.1273474178403757
0 0.0387638766627543 0.8569330333854983 0.04533450704225352 0.13556338028169
0 0.1567182609546166 0.844016801425839 0.04049295774647885 0.12969483568075107
0 0.059912338615023465 0.1176442140497305 0.07658450704225354 0.29518779342723
0 0.003558722124413146 0.1193933663710659 0.054137323943661976 0.2828638497652582
0 0.1536473616001565 0.11940043035993739 0.0550176056338028 0.2904929577464788
