0 0.02015040937928669 0.001099298887364731 0.1277006172839506 0.07613168724279834
0 0.16092812285665292 0.0010912017985063253 0.06983024691358025 0.06738683127572016
0 0.24079298482510283 0.0036756020423715898 0.07523148148148151 0.08076131687242799
0 0.25545026363168727 0.09420057918000306 0.07060185185185179 0.06995884773662549
0 0.21495386445473252 0.18372723289132756 0.08912037037037039 0.09207818930041156
0 0.12582974322702334 0.19246970736168267 0.0837191358024691 0.08950617283950617
0 0.02937725051440329 0.1888779340039628 0.08101851851851852 0.09927983539094654
0 0.0174299661351166 0.08702274805669868 0.09915123456790123 0.09567901234567898
0 0.11196523491083676 0.08444644490169181 0.11882716049382716 0.09104938271604937
0 0.3279824674211248 0.08455075445816188 0.07253086419753084 0.20370370370370372
0 0.4105487504286694 0.07272567062947723 0.07908950617283952 0.21039094650205764
0 0.497746538494513 0.07992493522328914 0.08834876543209873 0.20781893004115226
0 0.5961095571844993 0.18116902911141594 0.06442901234567913 0.10699588477366256
0 0.5980396412037037 0.06645185566224662 0.06597222222222222 0.10133744855967078
0 0.6698085455246914 0.07005077351013565 0.07986111111111119 0.0992798353909465
0 0.6744381751543209 0.18374295076969976 0.0798611111111111 0.10905349794238679
0 0.7662744341563786 0.16311776024996189 0.1018518518518519 0.05606995884773661
0 0.7643499764231826 0.2325717306812986 0.10841049382716048 0.06635802469135801
0 0.872743323473937 0.1888303040695016 0.08371913580246905 0.047839506172839524
0 0.8727540402091907 0.2500385802469136 0.09915123456790127 0.041666666666666664
0 0.0039059820816186555 0.41069434918457554 0.06905864197530864 0.21656378600823054
0 0.07804328489368997 0.41685147081237617 0.16010802469135801 0.19958847736625512
0 0.2435522762345679 0.4070959076360311 0.1597222222222222 0.21913580246913578
0 0.20960246270576127 0.36628800868770006 0.1608796296296296 0.03549382716049381
0 0.3812915273491084 0.3776001181222375 0.17091049382716048 0.030349794238683173
0 0.3758940436385459 0.3395399900929737 0.17631172839506173 0.03652263374485598
0 0.5807958783436213 0.3968059365950312 0.2349537037037038 0.2170781893004116
0 0.8249399862825789 0.43990340649291265 0.13580246913580238 0.09567901234567905
0 0.8214640132030179 0.5376366979119037 0.13040123456790126 0.09207818930041153
0 0.8708290466392318 0.7902615836000609 0.10493827160493825 0.14917695473251036
0 0.7338927469135803 0.7202722527053803 0.1388888888888889 0.1162551440329218
0 0.7219283157578876 0.8478066415180612 0.13233024691358017 0.07561728395061736
0 0.590747170781893 0.8426697530864198 0.12037037037037032 0.08333333333333333
0 0.5907536008230453 0.7156402415790276 0.1296296296296296 0.1136831275720164
0 0.42834335348079566 0.7228295038866026 0.1477623456790123 0.10030864197530867
0 0.4437730409807956 0.8354804907788446 0.14429012345679007 0.09670781893004127
0 0.2967814964849108 0.8231452903520804 0.14313271604938274 0.10802469135802466
0 0.2886732145919067 0.710490969364426 0.1338734567901235 0.10802469135802475
0 0.0202441808127572 0.7532521719250115 0.2627314814814815 0.1790123456790124
