0 0.3137616276577503 0.4029754420057918 0.15007716049382722 0.21347736625514402
0 0.4727135845336077 0.3911522633744856 0.15200617283950618 0.22222222222222218
0 0.6351262431412894 0.38961048239597623 0.13734567901234562 0.2237654320987654
0 0.7859600051440329 0.38035265203475077 0.11574074074074063 0.22530864197530856
0 0.6362914201817559 0.09285027053802773 0.14853395061728397 0.2782921810699589
0 0.4784998178155007 0.08669457780826093 0.1508487654320988 0.2968106995884774
0 0.3137616276577503 0.07177545343697606 0.15007716049382722 0.2952674897119341
0 0.17100346150548698 0.055277873037646696 0.13387345679012347 0.25565843621399176
0 0.03249796382030178 0.050660627190976984 0.13040123456790126 0.2690329218106996
0 0.04946148405349794 0.3592945054107605 0.11342592592592593 0.2602880658436214
0 0.16868945044581618 0.396811175887822 0.13503086419753088 0.22273662551440335
0 0.7960123028120714 0.11391175125743026 0.14660493827160492 0.2469135802469136
0 0.9039997535150892 0.3896047668038409 0.09297839506172825 0.2175925925925926
0 0.2060908564814815 0.7270366559975613 0.10416666666666663 0.19958847736625523
0 0.07878407921810701 0.7162384735558603 0.11574074074074073 0.20421810699588486
0 0.32532766418038406 0.7270676154549611 0.13850308641975315 0.23302469135802475
0 0.466926011659808 0.7286022519433013 0.15123456790123452 0.2237654320987654
0 0.6200729809670782 0.703928040695016 0.12731481481481477 0.24228395061728392
0 0.7620512367112482 0.7054545800944978 0.13155864197530856 0.22427983539094634
0 0.8935903206447187 0.7029059023014784 0.10339506172839508 0.24948559670781884
0 0.9467962319958848 0.12932717954580095 0.05324074074074064 0.22890946502057608
