0 0.59301456404321 0.13444787379972567 0.052083333333333336 0.20370370370370366
0 0.358830321930727 0.42922048849260785 0.048996913580246985 0.2247942386831275
0 0.05830037937242798 0.15092021033379058 0.0636574074074074 0.21604938271604937
0 0.5667770490397805 0.4214949131229995 0.04783950617283945 0.21450617283950624
0 0.1296724965706447 0.14216630467916475 0.06172839506172839 0.2062757201646091
0 0.47690061299725645 0.43332333104709647 0.07021604938271611 0.21141975308641983
0 0.2847645533264746 0.43333619112940097 0.06095679012345678 0.22530864197530862
0 0.6941017768347051 0.1349503696082914 0.06211419753086421 0.190843621399177
0 0.4143853416495199 0.4261397843316567 0.048225308641975315 0.23096707818930043
0 0.7739610125171469 0.18377343392775491 0.05941358024691349 0.14197530864197533
0 0.44564980924211245 0.13342287761012042 0.06905864197530866 0.2078189300411523
0 0.04363131215706447 0.4451507963725042 0.05131172839506175 0.2073045267489712
0 0.24116056884430728 0.169914075598232 0.0489969135802469 0.1738683127572016
0 0.7041251393175583 0.4148119570187471 0.05131172839506175 0.21913580246913583
0 0.6339141803840878 0.4194473022405121 0.058641975308641986 0.22530864197530873
0 0.31987498928326474 0.14935699588477366 0.06442901234567897 0.19444444444444445
0 0.1570572380829904 0.45181660570035065 0.05131172839506173 0.18415637860082307
0 0.3846785515260632 0.1601470812376162 0.04822530864197524 0.18106995884773666
0 0.21415332433127574 0.4446273433927755 0.04745370370370369 0.1975308641975308
0 0.19408516589506175 0.17660369989330893 0.03819444444444445 0.17644032921810698
0 0.0991710605281207 0.44874542752629176 0.028549382716049405 0.20061728395061726
0 0.5463214806241427 0.1719674020728547 0.036265432098765475 0.16923868312757206
0 0.025097254372427984 0.18483081847279378 0.02893518518518518 0.17283950617283947
0 0.011207025891632373 0.453356957780826 0.027006172839506182 0.18106995884773666
0 0.8360746742112483 0.17246418228928517 0.0586419753086419 0.1502057613168724
0 0.774354852537723 0.4960181374790428 0.07098765432098762 0.14403292181069957
0 0.8646433470507544 0.5047510859625056 0.08641975308641968 0.13117283950617292
0 0.6512626993312758 0.1591106538637403 0.040509259259259287 0.17283950617283947
0 0.3507381151406035 0.7095083638164914 0.06288580246913583 0.15792181069958847
0 0.03245000643004115 0.7177130963267795 0.0613425925925926 0.13014403292181068
0 0.4236515667866941 0.7110515736930346 0.05825617283950619 0.15792181069958836
0 0.17750476894718795 0.7094845488492607 0.05131172839506173 0.13220164609053503
0 0.4923278892318244 0.7105276444139612 0.06327160493827158 0.1476337448559672
0 0.6327546296296297 0.7094845488492607 0.055555555555555476 0.13220164609053503
0 0.026268861454046638 0.9131406226185033 0.04938271604938272 0.08076131687242794
0 0.1011247213648834 0.7187380925163848 0.06404320987654322 0.1260288065843621
0 0.7002735446673525 0.7110291876238378 0.060570987654321035 0.1337448559670782
0 0.7778305576989026 0.7516518061271148 0.07600308641975302 0.11728395061728392
0 0.23383835948216738 0.7182298811156835 0.06057098765432099 0.13271604938271608
0 0.5725654256687243 0.7074050259106842 0.04976851851851849 0.10853909465020592
0 0.8704204711076817 0.7552550106691053 0.07214506172839508 0.11985596707818931
0 0.29785129458161863 0.17762583828684653 0.016975308641975356 0.169238683127572
0 0.8935688871742111 0.43471841182746535 0.07253086419753095 0.051440329218106984
0 0.1559022419410151 0.9295920019814052 0.05478395061728395 0.07047325102880667
0 0.9641452867798352 0.4969635916780978 0.035879629629629685 0.05401234567901238
0 0.9437119555898491 0.029439586191129397 0.05632716049382714 0.12808641975308643
0 0.9741691850994514 0.42854652491998174 0.02584876543209873 0.052469135802469154
0 0.0004056284293552812 0.7372180307879896 0.02854938271604938 0.08436213991769556
