0 0.015901616294992173 0.8422013562858633 0.08142605633802817 0.07042253521126757
0 0.02042987089201878 0.04405157798643714 0.2640845070422535 0.040492957746478875
0 0.031466402582159624 0.1138888888888889 0.31161971830985913 0.04225352112676056
0 0.07679540786384975 0.20779973048165537 0.30369718309859156 0.05751173708920187
0 0.05745396860328639 0.31932109633107286 0.33934859154929575 0.07805164319248824
0 0.4301520931142411 0.6896262606503216 0.19366197183098588 0.07805164319248818
0 0.6537057413928014 0.5974835898104678 0.13908450704225345 0.07100938967136154
0 0.39097986355633807 0.5869104286211094 0.1941021126760563 0.06044600938967135
0 0.11725138155320813 0.8064146452790819 0.25044014084507044 0.08274647887323935
0 0.003564223884976526 0.7312777125717266 0.06205985915492958 0.0616197183098593
0 0.6581083724569641 0.8445417101373675 0.14084507042253513 0.06279342723004694
0 0.8147673366588419 0.815769540079986 0.09595070422535201 0.045187793427230095
0 0.7822085289514866 0.5311424100156494 0.11267605633802825 0.04225352112676064
0 0.8794640673904539 0.47128868892366543 0.09022887323943662 0.04812206572769961
0 0.8160807291666666 0.36739860459050594 0.08582746478873243 0.02992957746478874
0 0.8297272349374022 0.4290172361328465 0.08890845070422541 0.028755868544600948
0 0.6972616515062597 0.4026174795687706 0.11311619718309858 0.038145539906103344
0 0.7438954910015649 0.45895387758650674 0.08274647887323947 0.03638497652582157
0 0.09387990267996871 0.6743441358024692 0.18705985915492956 0.05223004694835675
0 0.07451492811032864 0.5915992870805076 0.18882042253521125 0.05399061032863857
0 0.8306273840962441 0.15321520170405145 0.11751760563380284 0.04988262910798121
0 0.8112721904342723 0.22715614675708576 0.13336267605633798 0.046948356807511735
0 0.5722692928403755 0.2512155494696574 0.12411971830985927 0.04518779342723005
0 0.5608250195618153 0.18665721178925404 0.1232394366197184 0.040492957746478875
0 0.5247490585876369 0.11271952703877587 0.14568661971830987 0.046948356807511735
0 0.3905317757237872 0.2758661537123978 0.18265845070422534 0.04812206572769955
0 0.385238470755086 0.18842483915840724 0.16593309859154934 0.04812206572769955
0 0.3500122261345853 0.12503749347939488 0.14436619718309857 0.040492957746478875
0 0.30952538145539904 0.03760215614675709 0.15316901408450698 0.046948356807511735
0 0.4877698919209703 0.060479155798991484 0.13512323943661972 0.0357981220657277
0 0.6928492395344289 0.10684500521648409 0.09727112676056338 0.04049295774647886
0 0.5146423244327074 0.43610296035472096 0.16945422535211263 0.07570422535211266
0 0.5216858005672927 0.9302289819161884 0.1712147887323944 0.0698356807511738
0 0.9208256919992176 0.058716418883672405 0.07350352112676038 0.0334507042253521
0 0.6343166202073552 0.052854394887845595 0.10607394366197183 0.04049295774647888
0 0.28224642996870114 0.5616615588593287 0.16725352112676053 0.0451877934272302
0 0.00046887226134585295 0.592808315945053 0.04137323943661972 0.09213615023474181
0 0.02949341011345853 0.6426235654668753 0.005721830985915494 0.01936619718309866
0 0.7676698210093897 0.744765584246218 0.09242957746478879 0.05105633802816911
0 0.9256592943075118 0.3509639627890801 0.06205985915492944 0.026995305164319285
0 0.9265426325312989 0.38735328638497646 0.06646126760563394 0.03169014084507046
0 0.9335833577856025 0.4272593896713615 0.0642605633802816 0.03169014084507046
