0 0.39472415123456794 0.437406645328456 0.06944444444444436 0.17695473251028798
0 0.3364591370884774 0.434319749276025 0.05671296296296294 0.17644032921810698
0 0.5617972500857339 0.4482253086419753 0.09915123456790127 0.1944444444444445
0 0.4842313957475995 0.42972060280445057 0.07098765432098769 0.20936213991769545
0 0.1011295438957476 0.6452031893004115 0.07098765432098764 0.1527777777777778
0 0.2619997963820302 0.4271123875933547 0.05748456790123448 0.17026748971193412
0 0.0918584962277092 0.40808661027282433 0.05401234567901234 0.1779835390946502
0 0.0004321523491083677 0.10617855509830817 0.06674382716049383 0.22839506172839508
0 0.16865274562757201 0.10667390641670478 0.08217592592592596 0.2078189300411523
0 0.07952621313443073 0.08971288675506782 0.07330246913580248 0.22325102880658437
0 0.6790876307441701 0.45903968526139316 0.10841049382716048 0.20730452674897115
0 0.46764054998285326 0.20177230986130162 0.06905864197530857 0.13631687242798354
0 0.5548420889060356 0.1262236130163085 0.0837191358024692 0.21039094650205759
0 0.42829191315157755 0.6945316072245085 0.07368827160493817 0.09413580246913576
0 0.4456757973251029 0.107076379362902 0.10648148148148151 0.0869341563786008
0 0.843447252229081 0.3802011888431641 0.11959876543209857 0.06172839506172841
0 0.8280197080761317 0.4954680117360159 0.12615740740740747 0.10545267489711936
0 0.32645131387174214 0.6719459686023471 0.08989197530864199 0.14609053497942381
0 0.24926456404320985 0.6585581466239901 0.052083333333333336 0.13168724279835387
0 0.1809810099451303 0.6498118617588783 0.05709876543209877 0.13014403292181068
0 0.006223476080246914 0.6313352575826857 0.07291666666666667 0.17541152263374477
0 0.8226289223251028 0.6420353223593963 0.1412037037037038 0.06481481481481492
0 0.8766008123285322 0.21104395290352082 0.08294753086419746 0.14969135802469136
0 0.33071094821673525 0.14883354290504497 0.11265432098765436 0.1846707818930041
0 0.0019911694101508916 0.3756939681450998 0.0895061728395062 0.1939300411522634
0 0.14471772119341564 0.4379072359396433 0.06018518518518518 0.16203703703703698
0 0.6609316057956105 0.731078055936595 0.07484567901234555 0.11985596707818931
0 0.5101214206104252 0.7357676992836458 0.1304012345679012 0.18467078189300412
0 0.9140257951817559 0.0036832228318853834 0.08603395061728397 0.0889917695473251
