0 0.5880837979264476 0.643971157190054 0.08010563380281681 0.20715962441314548
0 0.32223658793036 0.6545160624239262 0.07702464788732391 0.18720657276995295
0 0.21748092723004694 0.34288058598504606 0.07394366197183098 0.1701877934272301
0 0.40586304284037567 0.6527571291949227 0.07658450704225352 0.18896713615023467
0 0.1373841573748044 0.6457262867327421 0.08670774647887322 0.20129107981220656
0 0.2403661116001565 0.6445406233698487 0.07086267605633804 0.1883802816901407
0 0.13385752885367763 0.33584376630151275 0.07878521126760564 0.176056338028169
0 0.6131678526017215 0.3757167231785776 0.07438380281690134 0.14025821596244137
0 0.5401044723200313 0.3716103721091984 0.07438380281690134 0.14201877934272303
0 0.04890514964788732 0.6386981611893583 0.07130281690140845 0.21654929577464782
0 0.058147801741001565 0.33349145800730307 0.07086267605633804 0.17077464788732397
0 0.2945119938380282 0.3434668970613806 0.0831866197183099 0.16960093896713624
0 0.6078824946205008 0.22666710137367413 0.06910211267605636 0.15258215962441313
0 0.5326205496870109 0.22197389584420105 0.07218309859154932 0.15434272300469482
0 0.3790165908646322 0.3428794992175274 0.07966549295774657 0.16901408450704225
0 0.9001292913732395 0.362234828725439 0.059419014084507026 0.15727699530516442
0 0.38561289612676053 0.21724863067292643 0.07130281690140844 0.1214788732394366
0 0.8433498997456964 0.36399267518692396 0.057658450704225254 0.15434272300469476
0 0.6871127371870109 0.37513041210224307 0.07614436619718311 0.14084507042253522
0 0.46219587490219094 0.21959387497826466 0.06910211267605636 0.119131455399061
0 0.45867933294209706 0.33877640845070417 0.07570422535211263 0.1742957746478874
0 0.6791874510954616 0.22783483307250915 0.07218309859154917 0.14612676056338028
0 0.3191473493740219 0.21842342636063292 0.06514084507042253 0.12265258215962443
0 0.9608543622848201 0.3639866979655712 0.03873239436619716 0.147887323943662
0 0.38825129597026603 0.09987502173535037 0.06778169014084506 0.11854460093896711
0 0.7826119913928012 0.3639894148843679 0.059859154929577586 0.15082159624413144
0 0.3279461927816901 0.10104873065553817 0.059419014084507026 0.11854460093896711
0 0.4599951706768388 0.1010525343418536 0.06910211267605636 0.12265258215962442
0 0.9450150992762129 0.3016980742479569 0.04709507042253528 0.059272300469483556
0 0.0009080961463223789 0.2788482437836898 0.04005281690140845 0.09976525821596242
0 0.0022312695618153366 0.37922100504260126 0.04401408450704226 0.12206572769953049
