0 0.4668646583504802 0.07889041304679165 0.06288580246913572 0.20164609053497942
0 0.8399916409465021 0.3422044086267337 0.1435185185185184 0.13631687242798354
0 0.3873987268518519 0.3201546067672611 0.0763888888888889 0.2114197530864197
0 0.5166304976851852 0.8267642127724432 0.059027777777777776 0.1275720164609053
0 0.7407790530692728 0.105100689681451 0.05516975308641984 0.17541152263374488
0 0.38700515474965713 0.833461457857034 0.06520061728395056 0.13837448559670773
0 0.26354836462620024 0.3365878867550678 0.06520061728395067 0.18158436213991772
0 0.5351524991426612 0.09430250723975003 0.06404320987654318 0.1800411522633745
0 0.23614567258230454 0.5932460752934005 0.04976851851851853 0.1502057613168725
0 0.42441459833676265 0.5983605776558452 0.04591049382716055 0.11831275720164613
0 0.5505720057441701 0.6138022024081695 0.045910493827160476 0.1286008230452674
0 0.17171532064471878 0.594276787075141 0.047839506172839524 0.1522633744855967
0 0.47650302211934153 0.6086624561804602 0.053240740740740713 0.13323045267489725
0 0.6740346900720164 0.6117403025453437 0.054398148148148175 0.12397119341563788
0 0.6111459405006859 0.6066167504953514 0.050154320987654204 0.14609053497942381
0 0.19294329775377228 0.3360711019661637 0.06057098765432099 0.17901234567901234
0 0.605754350994513 0.09430345983843927 0.06404320987654326 0.1810699588477366
0 0.29980495541838137 0.6122637555250724 0.052469135802469084 0.1337448559670782
0 0.08298905821330589 0.5891237044657825 0.059799382716049385 0.1424897119341564
0 0.17751253858024693 0.06809223060509069 0.06249999999999998 0.2062757201646091
0 0.06291098679698216 0.0773333904892547 0.03626543209876543 0.18672839506172842
0 0.7380752207647463 0.36173982624599904 0.05054012345679 0.12345679012345682
0 0.36461923439643346 0.6045248437738149 0.05169753086419754 0.10905349794238688
0 0.06291982810356654 0.33195968602347203 0.048996913580246916 0.1831275720164609
0 0.1134626307441701 0.3309375476299345 0.05285493827160492 0.19032921810699582
0 0.6844446587791495 0.0999599908550526 0.0447530864197531 0.17901234567901234
0 0.7372958461934156 0.6127748247218412 0.0393518518518519 0.13014403292181068
0 0.6369955096879286 0.8334476451760402 0.05131172839506175 0.12345679012345671
0 0.8449636702674898 0.8097984301173602 0.0810185185185184 0.13786008230452676
0 0.8233742712620028 0.7012312338058224 0.10339506172839492 0.1075102880658436
0 0.9332985039437587 0.8205937547629936 0.060956790123456665 0.13014403292181068
0 0.9286761081104251 0.6919872161255906 0.0713734567901235 0.12397119341563799
0 0.10382667824074075 0.07013412589544277 0.06597222222222222 0.18930041152263374
0 0.5964900012860083 0.34123275796372504 0.05671296296296294 0.19804526748971185
0 0.1570572380829904 0.8339558565767413 0.05131172839506173 0.11676954732510296
0 0.2253440072016461 0.8339644299649444 0.050925925925925916 0.12602880658436222
0 0.4602977109053499 0.8324364616674286 0.050925925925925875 0.14248971193415652
0 0.5849081575788752 0.8370437052278616 0.0455246913580246 0.11831275720164613
0 0.6971758723422496 0.837040847431794 0.0443672839506173 0.11522633744855958
0 0.8434499314128945 0.09580380277396738 0.12345679012345667 0.13477366255144033
