0 0.9032107338820301 0.1354614388050602 0.06790123456790127 0.18724279835390945
0 0.4545197830932785 0.6971717344916932 0.06404320987654318 0.16769547325102888
0 0.135075338648834 0.6591039856729157 0.06404320987654323 0.16563786008230444
0 0.7947997042181069 0.45024100746837376 0.06712962962962968 0.14917695473251033
0 0.46801831490054874 0.15290590230147844 0.057484567901234525 0.13837448559670779
0 0.3611456725823045 0.12104481024234112 0.04976851851851857 0.1728395061728395
0 0.2592919453017833 0.12977632982777015 0.047067901234567895 0.15843621399176958
0 0.2955530907064472 0.4029368617588782 0.04089506172839508 0.17181069958847736
0 0.14200826260288063 0.0999599908550526 0.04745370370370371 0.17901234567901234
0 0.47418472436556935 0.4168138431641518 0.048225308641975315 0.15895061728395057
0 0.31600062157064474 0.14056784407864656 0.04089506172839508 0.14660493827160492
0 0.02626457475994513 0.11588363054412437 0.043209876543209874 0.15432098765432095
0 0.08991689171810698 0.10716544734034446 0.03587962962962964 0.18312757201646096
0 0.06253322187928669 0.6493269890260631 0.047839506172839504 0.16203703703703703
0 0.3626824524176954 0.3977909236396891 0.040509259259259287 0.16975308641975312
0 0.10189257544581617 0.5036698864502362 0.058641975308641965 0.07458847736625514
0 0.22726980452674897 0.40704018061271147 0.04629629629629631 0.15895061728395068
0 0.41476578575102874 0.4173063366864807 0.040509259259259287 0.13528806584362138
0 0.6350614068930042 0.4486901768023167 0.04398148148148151 0.1409465020576131
0 0.5285799254115227 0.4276096441091297 0.04398148148148151 0.1517489711934156
0 0.6624640989368998 0.13029597241274196 0.05941358024691365 0.1640946502057613
0 0.605355956361454 0.12361492150586799 0.04591049382716055 0.17078189300411523
0 0.5837469993141289 0.4476532731290962 0.04012345679012341 0.13220164609053497
0 0.05674323774005487 0.39310794848346287 0.043595679012345685 0.11213991769547323
0 0.18174109439300412 0.4209195435147081 0.040509259259259245 0.1486625514403292
0 0.017000760888203018 0.3885354747751867 0.03665123456790124 0.17386831275720158
0 0.5424682784636488 0.16730014479500077 0.04320987654320992 0.1286008230452675
0 0.00040803969478737993 0.12411789361377838 0.0320216049382716 0.15843621399176955
0 0.8345338756001371 0.14110272824264594 0.062114197530864286 0.16872427983539096
0 0.8997243119855968 0.4738106805365036 0.04745370370370365 0.048868312757201535
0 0.8962590556412895 0.39562614311842703 0.05748456790123445 0.05401234567901233
0 0.6852117091049383 0.43430307879896357 0.03819444444444445 0.15843621399176952
0 0.7423174404149521 0.19352090001524158 0.0482253086419754 0.11368312757201643
0 0.7369087041323732 0.43067653558908703 0.03742283950617286 0.13065843621399176
0 0.5309017061042524 0.6699340801707057 0.05401234567901238 0.19547325102880667
0 0.224958740569273 0.6668252743484225 0.0516975308641975 0.1712962962962962
0 0.2928623864026063 0.6868870027434844 0.05516975308641972 0.1712962962962963
0 0.3607687114197531 0.6868822397500381 0.0625 0.1661522633744855
0 0.4363664373285323 0.6920215096784027 0.03433641975308635 0.16100823045267493
0 0.6474078896604939 0.7038537379972566 0.04513888888888881 0.16203703703703703
0 0.7141535922496569 0.7259435490016767 0.047839506172839524 0.13014403292181068
0 0.7743352944958848 0.6930431717725957 0.042824074074074125 0.15329218106995895
0 0.917078457218793 0.7249223632068282 0.0374228395061727 0.13837448559670784
0 0.8607553155006857 0.6981981595793324 0.04320987654321 0.16512345679012339
0 0.9575869127229082 0.7444549230300259 0.0362654320987654 0.1224279835390947
0 0.4124614197530864 0.13389870065538792 0.05555555555555555 0.16615226337448555
0 0.9209434477880658 0.5422367969821674 0.04745370370370381 0.06018518518518529
0 0.10497845936213993 0.43319187242798357 0.05787037037037038 0.06944444444444439
0 0.1173241383744856 0.377109529797287 0.05787037037037038 0.05606995884773661
