0 0.1664499584311424 0.1485709007129195 0.11047535211267602 0.10446009389671362
0 0.9005981636345852 0.5094809598330725 0.10079225352112675 0.0985915492957747
0 0.5269818564162754 0.3404532907320466 0.19190140845070427 0.08392018779342715
0 0.335502860915493 0.17845592070944183 0.16637323943661977 0.0563380281690141
0 0.7272046777190923 0.3310261258911494 0.13248239436619733 0.04342723004694838
0 0.7096289979460094 0.48831996609285344 0.17561619718309857 0.0616197183098592
0 0.3777374315336464 0.6627113762823856 0.13908450704225345 0.16490610328638505
0 0.21489601672535208 0.7348493740219092 0.15448943661971834 0.11619718309859163
0 0.33946596244131455 0.12328453747174406 0.16901408450704222 0.04870892018779345
0 0.17439052719092332 0.5299687010954617 0.136443661971831 0.042253521126760535
0 0.8755202220266041 0.7442336115458181 0.11531690140845068 0.11032863849765262
0 0.0005196107198748044 0.4971309337506521 0.11443661971830986 0.07042253521126757
0 0.2241343896713615 0.6444460745957226 0.14788732394366197 0.08626760563380269
0 0.5410345755086071 0.6637742349156668 0.14612676056338034 0.045187793427230095
0 0.32186705301251956 0.47544611806642323 0.1786971830985915 0.10152582159624414
0 0.34078944151017215 0.06283689793079464 0.17341549295774644 0.046948356807511735
0 0.8019907203638498 0.19195139975656406 0.07790492957746473 0.05399061032863849
0 0.1642682047143975 0.4630841375412972 0.13776408450704228 0.06044600938967135
0 0.7149015184859155 0.5516806859676577 0.16241197183098596 0.04049295774647892
0 0.3997288854655712 0.3286982698661102 0.11663732394366196 0.06455399061032865
0 0.5410412998826291 0.7295003042949052 0.1558098591549296 0.04342723004694838
0 0.6056949334898278 0.18549111024169712 0.08802816901408453 0.048708920187793395
0 0.5251995916471048 0.4971113719353157 0.1606514084507041 0.04929577464788729
0 0.24702629841549292 0.2993756520605112 0.1544894366197183 0.08626760563380284
0 0.7210616563967136 0.3826742088332464 0.15977112676056338 0.04870892018779337
0 0.36278211805555555 0.00650593375065206 0.15272887323943654 0.05457746478873239
0 0.20736838566118934 0.047033668057729086 0.08934859154929582 0.09213615023474181
0 0.000522972906885759 0.43373326378021215 0.11927816901408449 0.051643192488262823
0 0.3645506284233177 0.828700986784907 0.16417253521126765 0.06748826291079811
0 0.7060782228090767 0.8591940532081377 0.13292253521126765 0.04225352112676064
0 0.7236997505868544 0.12445987654320986 0.1558098591549296 0.05046948356807511
0 0.7179925909624414 0.07339158407233526 0.17693661971830987 0.03755868544600939
0 0.0071110255281690155 0.3861882716049383 0.09903169014084506 0.041079812206572745
0 0.002694334409233177 0.3275202138758477 0.07702464788732395 0.05985915492957743
0 0.16426300860719872 0.3715103894974787 0.13028169014084506 0.03403755868544599
0 0.07619449334898278 0.7066292818640236 0.07218309859154931 0.061032863849765216
0 0.1642672877543036 0.4096635367762128 0.13644366197183097 0.04225352112676064
0 0.5436937597809077 0.4301947487393497 0.17253521126760551 0.0328638497652582
0 0.7069612553794993 0.6854824161015475 0.13688380281690135 0.03931924882629119
0 0.7113684712441315 0.7347743870631194 0.14524647887323947 0.03521126760563389
0 0.7170841891627542 0.7764367066597114 0.1364436619718311 0.030516431924882608
0 0.7162014622456964 0.8139975656407582 0.1329225352112677 0.0328638497652582
0 0.5436726696987481 0.8668144670492088 0.14216549295774633 0.03286384976525809
0 0.5419121063184663 0.8228047296122414 0.1421654929577465 0.03755868544600936
0 0.5463232956768388 0.7711756651017215 0.15625 0.052816901408450724
0 0.7307303892801251 0.4284586376282386 0.1390845070422535 0.059272300469483556
0 0.9362196180555555 0.10875825943314206 0.057658450704225254 0.20539906103286382
0 0.32847344483568075 0.3985437315249522 0.18485915492957744 0.07511737089201878
0 0.5265102332746479 0.5522631933576768 0.14656690140845066 0.03579812206572776
