0 0.8823688271604938 0.14216773357719859 0.05555555555555555 0.2078189300411523
0 0.9402421446330589 0.15038770766651427 0.059799382716049364 0.19650205761316872
0 0.5702490033436215 0.46050144795000764 0.04745370370370373 0.1193415637860082
0 0.5212515539266118 0.46666857186404515 0.04668209876543206 0.11316872427983535
0 0.1937934027777778 0.0007049230300259107 0.1736111111111111 0.205761316872428
0 0.37164217892661183 0.0007120675201950922 0.1647376543209876 0.21347736625514405
0 0.6242586698388203 0.46615464487120867 0.04359567901234564 0.1136831275720164
0 0.6227401084533608 0.12929574378905656 0.07908950617283952 0.1949588477366255
0 0.7180065264917697 0.48773957857033984 0.0405092592592592 0.09207818930041153
0 0.5375174146947874 0.7052821597317483 0.13618827160493832 0.038065843621399156
0 0.5440350651577504 0.1282612216125591 0.07716049382716048 0.18878600823045266
0 0.004754479595336076 0.004290980795610425 0.17978395061728392 0.1898148148148148
0 0.676785140174897 0.6564157521719248 0.12615740740740747 0.0401234567901236
0 0.7079794131515774 0.1673320568510898 0.045910493827160476 0.16306584362139917
0 0.6895048332475995 0.704769185337601 0.10918209876543214 0.039609053497942436
0 0.9116876714677642 0.4481619608291419 0.05246913580246905 0.12602880658436216
0 0.8676994920267491 0.46203894223441544 0.042824074074073966 0.1131687242798354
0 0.8198656121399176 0.45432765584514556 0.050925925925926034 0.11831275720164613
0 0.6666969414437586 0.4795138888888888 0.04359567901234571 0.09722222222222222
0 0.9629886831275718 0.46306441472336535 0.03703703703703714 0.10956790123456793
0 0.8276180984224967 0.6162865797896662 0.10339506172839508 0.033950617283950685
0 0.7569731117112483 0.1848155768937662 0.04128086419753079 0.15637860082304528
0 0.7654521926440329 0.4897867131534827 0.028935185185185237 0.08076131687242805
0 0.7978641546639232 0.15654816338972719 0.03549382716049381 0.18312757201646093
0 0.27867851937585736 0.6087262802926382 0.18595679012345678 0.20216049382716053
0 0.09734734010631002 0.6071906912056089 0.18016975308641972 0.21039094650205767
0 0.5286469050068587 0.8534403101661332 0.14043209876543214 0.048868312757201694
0 0.5182283629115226 0.7947950007620789 0.1377314814814815 0.04526748971193418
0 0.6609750085733883 0.785022290809328 0.13734567901234557 0.04629629629629619
0 0.5247878086419753 0.6559084933699132 0.1388888888888888 0.04783950617283947
0 0.6679033779149519 0.8318358481938729 0.11419753086419754 0.04938271604938275
0 0.817969553755144 0.8390203475080018 0.09837962962962953 0.030864197530864234
0 0.8299315736454046 0.6939648110044201 0.10146604938271603 0.037551440329218096
0 0.8052420910493828 0.7860444292028654 0.10416666666666667 0.03909465020576127
0 0.8095011895576131 0.920332742722146 0.12615740740740747 0.07047325102880656
0 0.8303211269718793 0.6517827884468831 0.1068672839506173 0.03652263374485587
0 0.6629058963477367 0.9414085124218868 0.14004629629629628 0.05452674897119354
0 0.5409540037722909 0.06230043057460753 0.0848765432098765 0.06224279835390947
0 0.9387000064300413 0.8282264517604023 0.06134259259259254 0.04012345679012349
0 0.9363867991255144 0.7917047706142356 0.06365740740740745 0.04115226337448561
