0 0.26166998885459536 0.16788075369608293 0.13811728395061726 0.2001028806584362
0 0.11275773748285324 0.7413837448559671 0.14891975308641975 0.1388888888888889
0 0.00314053926611797 0.7378786579789666 0.0779320987654321 0.24228395061728392
0 0.5626146690672154 0.5161055860387136 0.1651234567901235 0.17181069958847747
0 0.5564174489883401 0.1514208009449779 0.1300154320987654 0.20113168724279834
0 0.416365794324417 0.16426516537113242 0.12229938271604929 0.1841563786008231
0 0.3465805576989026 0.5525815424477976 0.18711419753086417 0.12139917695473249
0 0.2681729038065844 0.5346021947873799 0.05787037037037036 0.14814814814814814
0 0.4966657557441701 0.002132868465172992 0.19868827160493832 0.08127572016460904
0 0.18484224965706444 0.4465758840115836 0.06172839506172841 0.07973251028806587
0 0.12159716863854596 0.5628662741960068 0.09992283950617285 0.11779835390946497
0 0.7697597843792866 0.5284469783569579 0.1207561728395062 0.1671810699588477
0 0.7126503022119342 0.1478385535741503 0.10532407407407413 0.22119341563786005
0 0.8445869770233195 0.1503772290809328 0.09413580246913587 0.18518518518518517
0 0.8735393089849108 0.4038761240664533 0.11882716049382715 0.07510288065843619
0 0.7331653485082306 0.006749638012498095 0.2025462962962962 0.06738683127572016
0 0.5942539544753086 0.8139350899253163 0.17013888888888898 0.16100823045267493
0 0.3635472929526749 0.842719764517604 0.1747685185185185 0.1373456790123456
0 0.25890105238340194 0.7527382449321749 0.03973765432098766 0.17952674897119356
0 0.8203304505315501 0.7830227861606461 0.1647376543209876 0.10905349794238678
0 0.8110765496399177 0.8925521071483006 0.17245370370370366 0.0673868312757202
0 0.0413475758744856 0.1971622085048011 0.0960648148148148 0.1574074074074074
0 0.19449427726337448 0.20485491921963114 0.07175925925925929 0.13220164609053495
0 0.9475673010973936 0.17090715973174822 0.05246913580246921 0.13528806584362138
0 0.9232673718278462 0.5150234339277548 0.06057098765432111 0.11419753086419757
0 0.2539737654320988 0.0016318015546410607 0.16666666666666663 0.09567901234567901
0 0.05989342206790124 0.019614959609815574 0.13541666666666669 0.07304526748971193
