0 0.06524482381687242 0.12303050221002897 0.0636574074074074 0.09516460905349797
0 0.12657482424554184 0.11995122694711172 0.045524691358024685 0.102880658436214
0 0.03361759473593964 0.22900043819539703 0.07600308641975308 0.09825102880658439
0 0.10845630787037037 0.22437223746380125 0.06597222222222222 0.09979423868312756
0 0.1721198774005487 0.11995265584514554 0.07484567901234568 0.10442386831275723
0 0.1732772848079561 0.22899900929736322 0.07484567901234569 0.09670781893004117
0 0.24696314514746226 0.12149729461972261 0.07137345679012345 0.1059670781893004
0 0.24927394118655688 0.22282902758725803 0.06558641975308646 0.09979423868312756
0 0.4657126093106996 0.11840658817253469 0.07060185185185183 0.10133744855967078
0 0.4645543981481482 0.2212886755067825 0.06944444444444445 0.102880658436214
0 0.5417124807098765 0.12301811842706903 0.06597222222222214 0.08179012345679013
0 0.5409398040980796 0.2228094993141289 0.06442901234567897 0.0787037037037037
0 0.6088434499314128 0.12458228547477519 0.06790123456790119 0.1044238683127572
0 0.6065302426268862 0.22899900929736322 0.07021604938271596 0.09670781893004117
0 0.6790621784979424 0.12458800106691054 0.0717592592592592 0.11059670781893002
0 0.6790589634773663 0.2336314967230605 0.06712962962962968 0.09979423868312759
0 0.753907053755144 0.12921191510440483 0.0706018518518519 0.10442386831275717
0 0.7485031400034294 0.23517613549763755 0.0667438271604938 0.10133744855967076
0 0.8291366598079561 0.13384678402682518 0.0679012345679011 0.11008230452674894
0 0.8256636338305898 0.24083076131687242 0.0667438271604938 0.09722222222222222
0 0.9005055619855966 0.14104033302850175 0.0613425925925927 0.10133744855967079
0 0.8970333397633744 0.24545610425240055 0.0613425925925927 0.09259259259259259
0 0.034771787122770924 0.4681584362139917 0.07137345679012345 0.05555555555555555
0 0.10729729295267491 0.4619889308032312 0.0636574074074074 0.05915637860082302
0 0.16864524391289437 0.461990359701265 0.07137345679012345 0.060699588477366194
0 0.2400173611111111 0.46356548163389727 0.06944444444444445 0.095164609053498
0 0.13777970679012347 0.3637640984606006 0.06944444444444442 0.08744855967078186
0 0.04364390432098765 0.5710548125285779 0.06944444444444445 0.0725308641975309
0 0.11308566958161866 0.5679712505715591 0.06558641975308643 0.07561728395061736
0 0.17867155349794242 0.566428040695016 0.0648148148148148 0.07561728395061725
0 0.5224175347222223 0.36943158436213996 0.0590277777777777 0.09722222222222222
0 0.5849143197016461 0.370967649748514 0.054398148148148175 0.08950617283950614
0 0.6450957540294925 0.3709662208504802 0.0489969135802469 0.08796296296296297
0 0.6971798911179699 0.372503715134888 0.05015432098765429 0.08179012345679011
0 0.5235797646604937 0.47540247294619725 0.06597222222222222 0.10133744855967068
0 0.5224239647633746 0.576736111111111 0.06828703703703698 0.09722222222222222
0 0.45683432998971185 0.5782721764974852 0.06365740740740738 0.08950617283950624
0 0.5930105452674898 0.4723065272062186 0.04629629629629635 0.09104938271604932
0 0.5941658093278464 0.5741507582685567 0.04320987654320992 0.08281893004115227
0 0.6404803240740741 0.47231748209114466 0.06944444444444452 0.10288065843621397
0 0.6373912251371743 0.578273605395519 0.06558641975308635 0.09104938271604941
0 0.7145455568415638 0.5741621894528274 0.056712962962963014 0.095164609053498
0 0.7087499464163237 0.4589329942082 0.044367283950617384 0.09207818930041148
0 0.7573712384259259 0.4573940710257583 0.059027777777777776 0.09670781893004117
0 0.7724180705589848 0.5664504267642128 0.059799382716049364 0.09979423868312762
0 0.8356915509259258 0.4697383211400701 0.0625 0.09516460905349794
0 0.8380015432098765 0.5633444787379972 0.05555555555555555 0.0787037037037037
0 0.9039769804526749 0.4697468945282732 0.06018518518518508 0.1044238683127572
0 0.9005023469650205 0.5751619417771681 0.056712962962963014 0.0637860082304527
0 0.08106674382716049 0.7053774196006708 0.06944444444444443 0.1409465020576131
0 0.14819315843621397 0.705374561804603 0.06481481481481484 0.13786008230452668
0 0.028982606738683126 0.8298639689071788 0.06828703703703705 0.14197530864197525
0 0.0914847500857339 0.8401439376619417 0.07137345679012345 0.13323045267489714
0 0.1528281464334705 0.8432303574150282 0.07253086419753085 0.13323045267489703
0 0.22072723765432098 0.8370575179088553 0.06944444444444445 0.13323045267489714
0 0.49541832776063094 0.7161879858253315 0.06905864197530866 0.14969135802469144
0 0.4942563657407407 0.8704851585124219 0.0625 0.12397119341563788
0 0.0038966049382716046 0.3694215820759031 0.05555555555555555 0.08641975308641973
0 0.5714160558127571 0.7192786922725194 0.0613425925925927 0.15432098765432106
0 0.5667856224279836 0.8735715782655084 0.06018518518518508 0.12397119341563778
0 0.6350731953017833 0.7208104709647919 0.06095679012345675 0.14197530864197536
0 0.6327562371399177 0.8689448064319463 0.057870370370370315 0.12705761316872444
0 0.6983466756687243 0.7177297668038409 0.0636574074074073 0.14814814814814814
0 0.697183106138546 0.8704823007163541 0.054783950617283965 0.12088477366255153
0 0.7643156828703704 0.7115612139917696 0.059027777777777776 0.15277777777777768
0 0.7562154385288066 0.8704770614235635 0.06134259259259254 0.11522633744855958
0 0.8279722865226338 0.7100165752171926 0.057870370370370475 0.1512345679012345
0 0.8221828382201646 0.8571173411065386 0.0543981481481481 0.1311728395061728
0 0.8924021026234569 0.7053883744855968 0.059027777777777776 0.1527777777777778
0 0.9560490612139917 0.7069320606614846 0.04398148148148159 0.15329218106995884
0 0.8812098122427983 0.8540299687547631 0.05324074074074064 0.13014403292181068
0 0.9425516010802468 0.8463224927602501 0.052083333333333336 0.13940329218106984
