0 0.798030981025039 0.8704111241523214 0.08010563380281704 0.1144366197183097
0 0.5968823356807512 0.8674860893757608 0.07394366197183101 0.12441314553990603
0 0.28834665982003127 0.4091451486697965 0.07834507042253527 0.11619718309859148
0 0.9181848469287949 0.2694455312119631 0.0735035211267607 0.08568075117370898
0 0.7333223298122067 0.6749929360111285 0.0686619718309858 0.11913145539906099
0 0.6562903462441315 0.670884411406712 0.058098591549295815 0.11854460093896711
0 0.4243446791862284 0.19554316640584243 0.07042253521126764 0.13028169014084512
0 0.7399223029147104 0.1973020996348461 0.06558098591549298 0.12852112676056343
0 0.342918011541471 0.19847363501999654 0.06954225352112683 0.12617370892018775
0 0.26237223689358374 0.19261324117544776 0.06954225352112675 0.13497652582159625
0 0.41818331866197184 0.6532934489653973 0.07130281690140844 0.13438967136150234
0 0.18402197036384976 0.19789167101373675 0.06205985915492956 0.13145539906103287
0 0.5128102381651017 0.2025816162406538 0.06646126760563378 0.12617370892018778
0 0.6787372236893583 0.05177251782298731 0.057658450704225414 0.13967136150234744
0 0.8970406641236306 0.6790764649626151 0.04841549295774649 0.09272300469483567
0 0.7888051398669795 0.4220543166405843 0.10475352112676053 0.11443661971830986
0 0.093803183685446 0.18556935750304296 0.07658450704225353 0.13321596244131456
0 0.3420398694248826 0.04296915753781951 0.07262323943661965 0.1390845070422535
0 0.4274201633411581 0.031228264649626154 0.0625 0.13497652582159625
0 0.8301548439945227 0.20433565901582335 0.07086267605633796 0.119131455399061
0 0.594660847026604 0.6556419535732916 0.04401408450704222 0.13556338028169018
0 0.5114824799491393 0.6644344461832725 0.05589788732394364 0.12441314553990603
0 0.09954060299295775 0.6796285428621108 0.09903169014084506 0.05516431924882631
0 0.30243330643583727 0.6791210224308816 0.08142605633802814 0.14084507042253533
0 0.44853928257042247 0.45138182490001744 0.051496478873239465 0.09800469483568082
0 0.04141266872065728 0.449028429838289 0.05677816901408451 0.09154929577464793
0 0.5185277900039124 0.03768475047817771 0.06029929577464783 0.13615023474178406
0 0.5757729973591549 0.4091668840201704 0.09903169014084515 0.13967136150234744
0 0.5968746943466354 0.1961186098069901 0.06294014084507041 0.11795774647887322
0 0.6822818857589983 0.4162053338549817 0.09154929577464799 0.13556338028169013
0 0.3930778682511737 0.4478558076856199 0.046214788732394395 0.09272300469483573
0 0.5920358959311424 0.04354623109024518 0.06690140845070426 0.1285211267605634
0 0.11314615121283256 0.4378809120153017 0.0431338028169014 0.09448356807511739
0 0.21701541715571204 0.4326079160146062 0.03741197183098595 0.10387323943661973
0 0.25971030174100157 0.6632558468092505 0.03917253521126756 0.11913145539906109
0 0.9009927621283255 0.4496169144496609 0.035211267605633936 0.09330985915492965
0 0.008405467527386542 0.18910352547383066 0.061619718309859156 0.14730046948356804
0 0.5039906103286385 0.4472629760041732 0.04225352112676062 0.08626760563380284
0 0.9419258607198748 0.46662862980351244 0.035211267605633784 0.08568075117370887
0 0.1628771762519562 0.4296720135628586 0.03609154929577468 0.10211267605633796
0 0.6835683807707356 0.21078834115805947 0.042693661971830936 0.11619718309859157
0 0.7438890722809076 0.034750478177708224 0.07350352112676053 0.13615023474178403
0 0.8209005770735524 0.6785069987828204 0.05457746478873244 0.11150234741784036
0 0.824869486013302 0.03944694400973744 0.06558098591549281 0.13791079812206572
0 0.95601311864241 0.6708675665101722 0.03917253521126772 0.1003521126760563
0 0.10085827464788731 0.7459430968527212 0.09507042253521128 0.05516431924882631
0 0.011935152582159625 0.7336327377847331 0.07394366197183098 0.06983568075117369
0 0.23245488556338031 0.9061902277864718 0.08714788732394364 0.09389671361502352
0 0.09557627885367762 0.9132210702486523 0.09463028169014084 0.08157276995305172
0 0.6910730878325508 0.9108687619544428 0.0748239436619719 0.07629107981220647
0 0.940604215571205 0.864523017736046 0.03345070422535217 0.09330985915492955
0 0.8829491270539905 0.8697976438880194 0.03829225352112676 0.08568075117370892
0 0.37153480780516435 0.9044242305685969 0.08054577464788729 0.0880281690140844
0 0.48506516529733956 0.9314016040688577 0.04313380281690142 0.06866197183098585
0 0.006212404636150234 0.9214321422361329 0.07262323943661973 0.07629107981220647
0 0.002664074726134585 0.4285124326204139 0.03345070422535212 0.11737089201877932
