0 0.7298378814553993 0.11053892801251955 0.12147887323943646 0.22711267605633806
0 0.570069811228482 0.11698019909580944 0.12588028169014082 0.21185446009389672
0 0.40237095314945226 0.1152158320292123 0.11839788732394364 0.20774647887323947
0 0.2624067757237872 0.11697476525821597 0.11927816901408453 0.20598591549295775
0 0.5982547192879499 0.6744533559380977 0.14876760563380276 0.17018779342723
0 0.09075948748043818 0.15095907233524605 0.1302816901408451 0.14847417840375582
0 0.017697635465571206 0.6374429447052687 0.1324823943661972 0.12852112676056332
0 0.4767388619913928 0.6615496218049036 0.0955105633802816 0.1778169014084506
0 0.8733204347613458 0.16156972700399932 0.11663732394366204 0.19953051643192488
0 0.879471403071205 0.0522957963832377 0.10079225352112675 0.07100938967136151
0 0.38390673904538336 0.014736024169709616 0.14964788732394366 0.0698356807511737
0 0.1835989461071987 0.49313271604938275 0.08670774647887325 0.18896713615023478
0 0.03134842038341158 0.7852732133541992 0.14172535211267606 0.06690140845070423
0 0.08107241539514867 0.008907146583202923 0.12455985915492958 0.11267605633802817
0 0.4640245989827856 0.462556511910972 0.16725352112676053 0.12441314553990614
0 0.7756009145148669 0.6991229786124152 0.1047535211267607 0.19366197183098585
0 0.9063044062989045 0.7008129021039818 0.07834507042253527 0.11737089201877937
0 0.7619611331181533 0.44622782994261867 0.11135563380281689 0.23591549295774655
0 0.8939758778364632 0.48314532255259957 0.07174295774647893 0.17723004694835676
0 0.18449542742566508 0.8193911928360285 0.11003521126760564 0.153755868544601
0 0.529146493544601 0.8674719613980177 0.13996478873239432 0.10915492957746477
0 0.32931704812206575 0.7255118675013041 0.1320422535211268 0.17253521126760557
0 0.03309064456181533 0.8427936445835507 0.11531690140845072 0.07629107981220658
0 0.18932841842723006 0.706069596591897 0.09771126760563383 0.0903755868544601
0 0.2769494571596244 0.466750347765606 0.14524647887323947 0.21713615023474175
0 0.5674308000782473 0.02060619892192662 0.1285211267605633 0.07159624413145539
0 0.7311656396713616 0.027652799513128153 0.13204225352112675 0.07629107981220658
0 0.8821156103286386 0.011772409146235436 0.10563380281690134 0.03814553990610329
0 0.6937713957355242 0.8668845635541645 0.15757042253521128 0.1085680751173709
0 0.36628032081377154 0.9290389714832202 0.11971830985915494 0.052230046948356854
0 0.2558013008607199 0.024718527212658666 0.11443661971830983 0.07629107981220658
