0 0.08151591842723005 0.0054115588593288124 0.12940140845070422 0.1402582159624413
0 0.21577263057511734 0.005427316988349852 0.14920774647887333 0.15727699530516429
0 0.3803724691901408 0.0025060858981046778 0.13072183098591555 0.17136150234741787
0 0.5353029636150235 0.0025044557468266388 0.13204225352112683 0.16960093896713618
0 0.6743633240414711 0.005428947139627891 0.09727112676056329 0.159037558685446
0 0.77866936864241 0.0007324813075986785 0.08670774647887325 0.1572769953051643
0 0.06743721879890453 0.28020289949573984 0.13776408450704225 0.29518779342723
0 0.222786763986698 0.2526147626499739 0.10871478873239436 0.2887323943661972
0 0.42172584115805944 0.28368924969570514 0.10211267605633804 0.2576291079812207
0 0.5352895148669796 0.27902430012171797 0.11267605633802825 0.2899061032863849
0 0.665117309761346 0.31128879760041733 0.09286971830985903 0.2764084507042254
0 0.7764711096439751 0.30192357850808554 0.09022887323943662 0.3028169014084507
0 0.8865005134976525 0.29429881759693965 0.08186619718309866 0.3075117370892019
0 0.0881039710485133 0.7115007172665624 0.1091549295774648 0.25176056338028163
0 0.20782289221439748 0.7003450486871848 0.11003521126760564 0.2458920187793428
0 0.3328146395735524 0.6927213745435575 0.09815140845070422 0.25176056338028163
0 0.45560690532081377 0.7097243957572595 0.08802816901408461 0.23474178403755863
0 0.5586111722417841 0.6956627108328988 0.10431338028169014 0.25938967136150226
0 0.6765551643192488 0.7126516040688576 0.0845070422535213 0.227112676056338
0 0.7786702856025038 0.6956529299252304 0.08802816901408461 0.24882629107981205
0 0.8829818319640063 0.6974205572943836 0.08538732394366204 0.2564553990610329
0 0.0035767556729264477 0.6680664232307425 0.0801056338028169 0.24413145539906098
