0 0.09070403592249655 0.7527120484682213 0.05825617283950617 0.1512345679012346
0 0.8569072037894375 0.4954780140222527 0.0574845679012346 0.1162551440329218
0 0.6663239990569273 0.4970412284712696 0.06211419753086421 0.13786008230452676
0 0.5907048396776405 0.48727185261393074 0.059413580246913573 0.1424897119341564
0 0.9348419817386832 0.22852509144947417 0.0613425925925927 0.14043209876543208
0 0.514322380829904 0.5042381115683584 0.0686728395061727 0.13271604938271608
0 0.9278956618655692 0.5042147729004726 0.05864197530864206 0.1075102880658436
0 0.43985794967421127 0.5253200731595794 0.062114197530864126 0.12345679012345671
0 0.12697830932784637 0.5217211553116903 0.07098765432098764 0.12551440329218105
0 0.3615411201131687 0.5201746113397347 0.06365740740740738 0.12191358024691354
0 0.1439453125 0.19151282197835695 0.059027777777777776 0.16718106995884774
0 0.2095395018861454 0.1797387021795458 0.07021604938271607 0.2289094650205761
0 0.4776773083847737 0.17355347889041306 0.07754629629629635 0.21553497942386832
0 0.3522880229766803 0.1668800487730529 0.07253086419753095 0.23045267489711938
0 0.28476482124485597 0.17356205227861607 0.06134259259259262 0.22479423868312756
0 0.5687288344478738 0.2054045686633135 0.0806327160493827 0.17026748971193414
0 0.6620833869170096 0.21671239140374943 0.06674382716049373 0.16049382716049385
0 0.3333622685185185 0.020631382411217803 0.041666666666666664 0.0596707818930041
0 0.27125423311042524 0.005208333333333333 0.05054012345679012 0.06944444444444443
0 0.4263417352537723 0.1627229080932785 0.04320987654320984 0.1851851851851852
0 0.2697327246227709 0.5340558794391099 0.08179012345679013 0.11368312757201629
0 0.4371492948388203 0.008286179698216736 0.05054012345679008 0.06018518518518518
0 0.7052761166838134 0.00211429279073312 0.04205246913580246 0.06121399176954733
0 0.5042765132030179 0.003660360463344002 0.04706790123456786 0.06430041152263374
0 0.21839527606310014 0.004189529035208047 0.0447530864197531 0.08024691358024692
0 0.049426386745541846 0.5648914990092974 0.06288580246913579 0.08281893004115216
0 0.725335433813443 0.4903611301630849 0.038580246913580314 0.14557613168724284
0 0.017384955847050753 0.25272300335314735 0.03433641975308642 0.16306584362139914
0 0.38235677083333336 0.00828951379362902 0.03819444444444445 0.06378600823045269
0 0.6234980495541838 0.004680593659503124 0.059413580246913573 0.055041152263374485
0 0.8314386145404664 0.18535427145252248 0.04938271604938286 0.18261316872427985
0 0.7403951260288066 0.21672001219326323 0.057870370370370315 0.16872427983539098
0 0.7770452889231824 0.5335195663770766 0.05632716049382714 0.0900205761316873
0 0.883513642403978 0.19819292028654167 0.03742283950617286 0.15946502057613166
0 0.8457119663065844 0.006735349032159732 0.04745370370370365 0.051954732510288065
0 0.462989486882716 0.7301073578722757 0.038194444444444524 0.1826131687242798
0 0.6076664844821673 0.7208480986130162 0.039737654320987775 0.18261316872428
0 0.7627593449931414 0.7208519090077732 0.04012345679012334 0.18672839506172847
0 0.1524351101680384 0.7409045877152872 0.06211419753086421 0.17695473251028815
0 0.5540412808641976 0.7177273853071178 0.04166666666666659 0.14557613168724276
0 0.33761038237311386 0.736269718792867 0.047839506172839524 0.1712962962962963
0 0.39818404921124834 0.7295924782807498 0.05169753086419754 0.18209876543209882
0 0.5112129200960219 0.7321321063862216 0.03549382716049381 0.14711934156378603
0 0.2863002614883402 0.7290566415180614 0.05015432098765433 0.15895061728395057
0 0.22456757973251026 0.7352313862216125 0.04398148148148151 0.16100823045267482
0 0.022023426783264747 0.809776520347508 0.047067901234567895 0.11419753086419746
0 0.0853001221707819 0.8534655540313976 0.05439814814814815 0.07613168724279831
0 0.7106754758230452 0.7131439567139155 0.039351851851851825 0.19547325102880667
0 0.8518789116083677 0.7162218030787989 0.038966049382716035 0.1862139917695474
0 0.9437020426097393 0.6874356995884774 0.04205246913580238 0.20833333333333343
0 0.8981781550068586 0.7079961133973479 0.04320987654320984 0.191358024691358
0 0.7990239733367628 0.715684061118732 0.038966049382715875 0.16100823045267482
