0 0.07442842820813772 0.290753781950965 0.06426056338028167 0.2816901408450704
0 0.30462545236697963 0.25792416536254564 0.06910211267605636 0.3186619718309859
0 0.38474178403755876 0.2579203616762302 0.08450704225352107 0.31455399061032857
0 0.4692421019170579 0.24852960354720918 0.07482394366197183 0.31338028169014076
0 0.5599037803208138 0.23973167709963483 0.0642605633802816 0.3186619718309859
0 0.6285672804186229 0.24852634324465314 0.06646126760563378 0.30985915492957744
0 0.6972286409428795 0.25321683185532956 0.06558098591549305 0.30516431924882625
0 0.7764515478286386 0.24851004173187277 0.06205985915492944 0.29225352112676056
0 0.8442277362089202 0.2426605155625108 0.05413732394366204 0.3127934272300469
0 0.9018971904342723 0.24265671187619545 0.06998239436619716 0.3086854460093897
0 0.07321956915101722 0.6534868935837246 0.2249119718309859 0.34330985915492956
0 0.3139753887910798 0.6411645800730308 0.22315140845070422 0.34507042253521125
0 0.5450328271713615 0.6458681098939315 0.19938380281690135 0.3544600938967136
0 0.7888736062206573 0.6968722830812033 0.20334507042253527 0.29812206572769956
