0 0.11007800273865416 0.2196427795166058 0.061619718309859135 0.17194835680751172
0 0.4767269415101722 0.14750369500956353 0.0783450704225352 0.2194835680751174
0 0.6475003667840376 0.14221222396105024 0.07658450704225367 0.20892018779342722
0 0.5687081254890454 0.1439771344114067 0.06646126760563385 0.21361502347417843
0 0.5867581792840376 0.504884476612763 0.07262323943661973 0.2048122065727699
0 0.9032139451291079 0.4966413449834812 0.06470070422535217 0.17546948356807504
0 0.25400986649061036 0.5259585289514868 0.0699823943661972 0.14788732394366189
0 0.3684587123435054 0.1257889932185707 0.08758802816901413 0.21830985915492962
0 0.04405045725743349 0.23195748565466875 0.05237676056338029 0.1619718309859155
0 0.3429143437010954 0.5336120892018781 0.06426056338028177 0.17429577464788718
0 0.41730915003912367 0.5412319596591897 0.08010563380281689 0.1643192488262911
0 0.2645799711463224 0.13635128673274213 0.07966549295774648 0.21713615023474178
0 0.18402563820422532 0.21260106937923842 0.06734154929577463 0.17253521126760563
0 0.7368431509194053 0.49842636063293333 0.06822183098591555 0.20187793427230044
0 0.7333302767996871 0.13458637628238565 0.08010563380281674 0.21244131455399057
0 0.17301692097026605 0.5288917144844376 0.05985915492957745 0.14671361502347413
0 0.5088511101330204 0.5136775126065032 0.06954225352112675 0.19424882629107973
0 0.12282741588419405 0.5259514649626154 0.04049295774647887 0.14025821596244126
0 0.65718499364241 0.494914471396279 0.0787852112676056 0.21185446009389666
0 0.8314914661580594 0.0958822378716745 0.09419014084507056 0.2429577464788732
0 0.005763705496870109 0.5335838332463919 0.06029929577464789 0.14377934272300458
0 0.8103549246870109 0.48843788036863156 0.08010563380281689 0.18896713615023467
0 0.9406222491197184 0.09001478003825422 0.059419014084507026 0.24413145539906103
0 0.2557640111502347 0.845788775865067 0.06073943661971831 0.14201877934272297
0 0.5458272202660407 0.8522496087636933 0.07570422535211263 0.147887323943662
0 0.469241184956964 0.8469603112502173 0.07350352112676062 0.13967136150234738
0 0.40188985475352107 0.8440325595548601 0.0594190140845071 0.14671361502347413
0 0.18798109839593116 0.8346358242044861 0.05897887323943658 0.1390845070422535
0 0.8019846072965572 0.8123733915840722 0.06910211267605636 0.1801643192488263
0 0.3327898816510172 0.8452051817075291 0.06250000000000004 0.1455399061032864
0 0.886489204323161 0.8211680577290906 0.06558098591549313 0.17136150234741773
0 0.08014322916666668 0.8193770648582854 0.054137323943661955 0.13849765258215974
0 0.727601415786385 0.8094418362023996 0.06998239436619716 0.18309859154929567
0 0.02028193466353678 0.8117517605633803 0.05105633802816902 0.14260563380281693
0 0.13691773034037558 0.8164471396278908 0.04885563380281691 0.1431924882629107
0 0.6422159257629109 0.8516632976873587 0.07262323943661973 0.14847417840375585
0 0.00046826095461658843 0.21379270996348462 0.040492957746478875 0.19190140845070422
