0 0.5256143632629109 0.7155451225873761 0.12411971830985911 0.18309859154929575
0 0.8258252640845071 0.06300697704747 0.17429577464788729 0.23063380281690143
0 0.7219205423513303 0.7619528125543383 0.12896126760563378 0.23298122065727703
0 0.8552963615023473 0.8141393888019475 0.14788732394366202 0.18603286384976522
0 0.34996332159624416 0.5088544383585464 0.07394366197183094 0.05575117370892018
0 0.2914074726134585 0.6737871674491394 0.04929577464788737 0.08450704225352107
0 0.4679216793818466 0.17496304990436445 0.0748239436619719 0.08685446009389672
0 0.47143699872848205 0.2635742696922274 0.06646126760563378 0.08274647887323941
0 0.40588199334898284 0.6532429142757782 0.10387323943661965 0.07981220657277001
0 0.4599884463028169 0.43615675534689624 0.0594190140845071 0.13380281690140852
0 0.16948051154147106 0.5892719744392279 0.037852112676056295 0.07570422535211271
0 0.1430683929968701 0.42907211789254046 0.03257042253521129 0.08802816901408445
0 0.28436063429186226 0.2635840505998957 0.04269366197183102 0.09330985915492955
0 0.3490741759585289 0.44019681359763524 0.06117957746478871 0.0604460093896713
0 0.34950423024256655 0.6872766692749086 0.04665492957746484 0.07570422535211281
0 0.21877659184272302 0.12272430881585811 0.03829225352112676 0.07746478873239437
0 0.22405155760954618 0.41554294905233874 0.028609154929577506 0.053990610328638514
0 0.1787280540884194 0.41676447574334896 0.044454225352112665 0.10563380281690145
0 0.12678470999608765 0.577519127108329 0.034771126760563376 0.058685446009389526
0 0.2623532863849765 0.10688249869587897 0.042253521126760535 0.08098591549295774
0 0.14967784135367762 0.11453986263258564 0.0431338028169014 0.11150234741784039
0 0.7369571596244131 0.4233698487219614 0.23239436619718312 0.2676056338028169
0 0.4102629230242566 0.7488855199095811 0.07438380281690142 0.06396713615023478
0 0.41509102357198746 0.889763193357677 0.05501760563380284 0.09917840375586867
0 0.37766927083333335 0.8457616066770997 0.04093309859154925 0.1126760563380282
0 0.3640291837832551 0.9448867588245523 0.047095070422535204 0.055164319248826206
0 0.3314612064749609 0.8457800817249174 0.05061619718309858 0.13262910798122082
0 0.20954799980438182 0.7823970831159799 0.058978873239436624 0.12969483568075116
0 0.2729129988262911 0.7812119631368457 0.03697183098591543 0.11737089201877937
0 0.29184486257824727 0.5945574682663884 0.04533450704225355 0.07981220657277001
0 0.3609536996283255 0.6127331116327595 0.05501760563380284 0.0616197183098593
0 0.24122622016823161 0.5869212962962963 0.041813380281690134 0.07218309859154928
0 0.2513439578442879 0.6638019474873934 0.03389084507042257 0.07511737089201895
0 0.209534551056338 0.6109910233002955 0.039612676056338045 0.08157276995305161
0 0.18047486306729266 0.7512796687532602 0.024647887323943646 0.11443661971830991
0 0.15758937304381848 0.7342456746652756 0.02728873239436618 0.09800469483568072
0 0.16111111111111112 0.8926893149017561 0.028169014084507026 0.0903755868544601
0 0.07528670285602504 0.856297274387063 0.032570422535211266 0.08274647887323956
0 0.017623667351330204 0.23480590332116155 0.025968309859154923 0.06924882629107983
0 0.3407206695031299 0.04820139975656408 0.07438380281690138 0.08568075117370892
0 0.3358723958333333 0.0047366762302208315 0.06470070422535217 0.04518779342723005
0 0.25707587539123633 0.02589114936532777 0.04841549295774649 0.07511737089201878
0 0.21658047241784037 0.040555990262563034 0.04489436619718315 0.06807511737089202
0 0.4850773914319249 0.005927230046948356 0.06073943661971839 0.06338028169014084
0 0.5480147813967136 0.0018034906972700401 0.05677816901408461 0.04636150234741784
0 0.5493373435054774 0.39149604416623196 0.05985915492957735 0.06924882629107983
0 0.557246429968701 0.4648517649104503 0.04049295774647892 0.06807511737089203
0 0.5198424051251955 0.43208246391931837 0.051936619718309866 0.17018779342723
0 0.2253716744913928 0.4801029168840201 0.028169014084507026 0.06044600938967146
0 0.2557548415492958 0.4108665884194053 0.047535211267605605 0.07394366197183094
0 0.26720217136150237 0.48890736393670664 0.05281690140845071 0.06220657276995307
0 0.33366221635367765 0.2606508650669449 0.05105633802816902 0.09448356807511739
0 0.1848787167449139 0.2952171361502347 0.028169014084507026 0.03169014084507046
0 0.18048984008215965 0.3327910363415058 0.04621478873239436 0.0481220657276995
0 0.15187212685837245 0.32516899234915664 0.03389084507042253 0.05575117370892023
0 0.15186754205790298 0.26941944879151447 0.02728873239436618 0.057511737089201945
0 0.1272211830007825 0.2858345287776039 0.029489436619718312 0.03931924882629103
0 0.10478011296948356 0.19548285080855501 0.03829225352112676 0.06514084507042255
0 0.7390566925860719 0.18673274213180316 0.0867077464788734 0.12206572769953052
