0 0.5328719778806585 0.7177940672153635 0.11342592592592587 0.2175925925925926
0 0.41249544538751715 0.729652491998171 0.10455246913580238 0.24691358024691354
0 0.27092844435871055 0.7584462162780062 0.13695987654320993 0.23302469135802487
0 0.17213488082990397 0.7707752248132907 0.09645061728395063 0.2150205761316871
0 0.7462561085390949 0.745079827770157 0.16435185185185175 0.24176954732510275
0 0.9128678519375857 0.4981329065691206 0.08526234567901238 0.20576131687242794
0 0.9140257951817559 0.7810666247523244 0.08603395061728397 0.2186213991769546
0 0.8164225930212619 0.43796724965706446 0.09297839506172857 0.22685185185185192
0 0.714573688271605 0.4225451531778692 0.09722222222222222 0.23765432098765435
0 0.6123363018689986 0.4302654892546868 0.0976080246913581 0.24228395061728392
0 0.506633659122085 0.4302459609815577 0.10802469135802469 0.2211934156378601
0 0.36043943972908093 0.43178869455875624 0.14390432098765438 0.22067901234567905
0 0.22655982081618656 0.4240797896662094 0.13503086419753083 0.22839506172839508
0 0.30719253686556924 0.09741559975613473 0.13503086419753096 0.2088477366255144
0 0.4445224086934156 0.10670391327541534 0.11226851851851849 0.24022633744855967
0 0.5633503729423869 0.1082456942539247 0.11342592592592587 0.2386831275720165
0 0.7029950595850479 0.12314957704618197 0.09066358024691365 0.22376543209876545
0 0.8098631472908093 0.14423344383478132 0.09182098765432095 0.21656378600823045
0 0.9074703682270233 0.13709705075445816 0.0906635802469135 0.28703703703703703
0 0.15596841778120712 0.07946435375704923 0.15007716049382716 0.26594650205761317
0 0.009742851937585733 0.5440000571559215 0.1408179012345679 0.2978395061728395
0 0.01321025162894376 0.8463358291418991 0.13387345679012344 0.1538065843621399
