0 0.5990906812402191 0.4920426882281342 0.08494718309859148 0.27934272300469487
0 0.5176600401017214 0.4984953703703704 0.0783450704225352 0.2764084507042253
0 0.43007629107981227 0.4979112328290732 0.08450704225352115 0.27934272300469487
0 0.4960952782668232 0.09588604155798992 0.08142605633802817 0.2470657276995305
0 0.5854402019757434 0.09940553816727526 0.07614436619718311 0.24530516431924884
0 0.183155748728482 0.4914471396278907 0.08230633802816902 0.26995305164319244
0 0.157179186228482 0.1017583898452443 0.0704225352112676 0.25117370892018787
0 0.09732645001956182 0.5002483263780212 0.07966549295774647 0.2681924882629107
0 0.6739039270344288 0.10292394800904191 0.06954225352112675 0.24237089201877932
0 0.0757509903169014 0.10703899321857069 0.06734154929577464 0.25
0 0.7571036898474178 0.5125706398887151 0.088468309859155 0.2664319248826291
0 0.2390435494913928 0.10997869935663362 0.06778169014084506 0.2558685446009389
0 0.4150977479460094 0.10115577725612937 0.0647007042253521 0.23415492957746478
0 0.048452477014866976 0.5031874891323247 0.053257042253521125 0.273474178403756
0 0.7548901481807511 0.12347526517127455 0.06998239436619731 0.2546948356807512
0 0.9106859472809076 0.10823389410537299 0.049735915492957854 0.272887323943662
0 0.6849037803208138 0.4979052556077204 0.06426056338028169 0.272887323943662
0 0.2614785064553991 0.5049268605459919 0.050176056338028095 0.250586854460094
0 0.0004884340766823161 0.11173763258563728 0.06954225352112677 0.25410798122065725
0 0.0004719287949921753 0.5125483611545819 0.045774647887323945 0.24237089201877926
0 0.8328005795187792 0.10587886889236654 0.07790492957746488 0.26467136150234744
0 0.9181680359937401 0.5143192488262911 0.04929577464788745 0.2535211267605633
0 0.8547914221439751 0.5149289254042775 0.05457746478873228 0.2781690140845071
0 0.9683364509976526 0.12640084333159451 0.0382922535211266 0.24530516431924884
0 0.6461646615805947 0.8698280733785428 0.05457746478873236 0.11854460093896732
0 0.012367957746478872 0.8809815684228831 0.06338028169014083 0.12206572769953054
0 0.972729301154147 0.511982155277343 0.025968309859155013 0.2646713615023475
0 0.31169093554381844 0.30124869587897757 0.10255281690140852 0.20774647887323947
0 0.31916660553599374 0.5435538384628761 0.09286971830985916 0.13673708920187783
