0 0.7584198332355243 0.4742523039471397 0.08230633802816906 0.0798122065727699
0 0.3618407056924883 0.011949008868022953 0.06470070422535217 0.22887323943661972
0 0.7051563722613459 0.021909233176838815 0.07306338028169014 0.2112676056338028
0 0.6171300371674491 0.025428186402364807 0.07570422535211278 0.2089201877934272
0 0.5326199383802817 0.025428729786124152 0.07130281690140844 0.20950704225352113
0 0.4463517214397496 0.022493370718135973 0.07042253521126757 0.20833333333333334
0 0.1972295579029734 0.023088919318379416 0.06690140845070422 0.2177230046948357
0 0.7852626173708919 0.017798535037384804 0.07394366197183094 0.20833333333333334
0 0.292735230829421 0.3593913015127804 0.05985915492957743 0.2552816901408451
0 0.3693182096048514 0.3388720439923491 0.05765845070422534 0.2775821596244131
0 0.2403511345852895 0.3494126021561468 0.04929577464788729 0.25293427230046944
0 0.27690238654147104 0.02308783255086072 0.0774647887323944 0.21654929577464788
0 0.5493330643583725 0.37051925752043124 0.05369718309859148 0.2312206572769953
0 0.61227565043036 0.3564581159798296 0.05721830985915485 0.25645539906103276
0 0.3565532081377151 0.7079453573291601 0.05633802816901413 0.21478873239436622
0 0.6853329176447575 0.3617365458181186 0.04841549295774641 0.25293427230046955
0 0.20779232687793428 0.7355117588245523 0.06602112676056338 0.19776995305164316
0 0.49651035553599376 0.35118403321161534 0.04533450704225351 0.26467136150234744
0 0.1831358812597809 0.40981242392627365 0.053697183098591554 0.20305164319248825
0 0.4375296483763693 0.34413906277169193 0.04269366197183102 0.2617370892018778
0 0.11755672926447576 0.4215582072683012 0.056338028169014086 0.21244131455399062
0 0.748294454225352 0.5546443009911318 0.07922535211267609 0.07218309859154938
0 0.09247359154929578 0.01664927838636759 0.06338028169014083 0.2347417840375587
0 0.0004890453834115806 0.028971591897061378 0.07042253521126761 0.23298122065727697
0 0.05065532081377151 0.4215620109546166 0.05633802816901408 0.21654929577464793
0 0.003553220363849765 0.41861795774647886 0.046214788732394374 0.20598591549295775
0 0.8776958626760564 0.010161819683533298 0.07922535211267609 0.20011737089201878
0 0.8741505892996871 0.7167650191271083 0.04445422535211271 0.23298122065727703
0 0.42653468554381846 0.7237991218918448 0.055017605633802764 0.22417840375586867
0 0.146167718114241 0.749000173882803 0.058978873239436604 0.18779342723004683
0 0.679612614925665 0.7314309467918622 0.05061619718309858 0.22711267605633811
0 0.07090302230046949 0.737853199443575 0.05809859154929579 0.19131455399061037
0 0.2856871698943662 0.7437244609633107 0.051496478873239424 0.19424882629107992
0 0.625911763986698 0.7572210267779517 0.04533450704225351 0.19307511737089197
0 0.019405015160406883 0.7402065945053035 0.05589788732394366 0.19776995305164324
0 0.7416733910406887 0.7466609067988177 0.051936619718309866 0.1965962441314553
0 0.5827758215962441 0.7812614110589463 0.04225352112676062 0.17077464788732408
0 0.5299595314945227 0.7853645018257693 0.04313380281690142 0.16549295774647882
0 0.4833082697574334 0.7765817901234568 0.04841549295774649 0.18720657276995295
0 0.8068206548317683 0.7384639627890802 0.06117957746478879 0.2171361502347417
0 0.8746164050273865 0.47894007563901925 0.0814260563380281 0.07218309859154928
0 0.8609766236306728 0.554057446531038 0.08802816901408445 0.07218309859154928
