0 0.1272496087636933 0.5530674013215093 0.0704225352112676 0.2705399061032864
0 0.7407967771909232 0.1781222830812033 0.05721830985915485 0.3298122065727699
0 0.8143103848787168 0.1939711571900539 0.07174295774647893 0.33392018779342725
0 0.18049411922926448 0.1335213441140671 0.05237676056338027 0.32981220657276994
0 0.6642119644953053 0.17049317509998263 0.05677816901408453 0.3298122065727699
0 0.17124871625586854 0.5800241262389151 0.04885563380281691 0.22887323943661964
0 0.7214293573943662 0.6434386411058945 0.05545774647887324 0.26584507042253536
0 0.43533322329812213 0.5758846287602156 0.04885563380281689 0.1948356807511738
0 0.5990683685446011 0.6352025734654843 0.05281690140845059 0.2441314553990611
0 0.2883249584311424 0.5782760606850983 0.04709507042253524 0.24237089201877937
0 0.5876305139866981 0.1951144366197183 0.06117957746478871 0.301056338028169
0 0.3072568221830986 0.10714169274908711 0.05545774647887324 0.3609154929577465
0 0.533047853090767 0.6345896365849417 0.05369718309859148 0.21596244131455405
0 0.43886229704616586 0.15464267083985395 0.06029929577464783 0.323943661971831
0 0.22538726281298907 0.5753488523735002 0.05061619718309858 0.25
0 0.3877955668035994 0.13705822900365153 0.04533450704225351 0.346830985915493
0 0.8657973884976524 0.6592956659711355 0.058098591549295815 0.278755868544601
0 0.38779312157668233 0.5823193792383933 0.041813380281690134 0.17253521126760568
0 0.507087795872457 0.18044253173361152 0.06558098591549298 0.3004694835680751
0 0.2460769390649452 0.11241468874978264 0.0550176056338028 0.35152582159624407
0 0.48638283695226914 0.6245609459224484 0.03917253521126764 0.1596244131455399
0 0.6532102772887324 0.6463500912884715 0.059419014084507026 0.24119718309859164
0 0.047569750097809074 0.558897909059294 0.04973591549295774 0.2294600938967136
0 0.3319016529733959 0.5723667623022083 0.051056338028169064 0.19835680751173712
0 0.0004700948748043819 0.5530478395061729 0.043133802816901406 0.249413145539906
0 0.12063007384585289 0.17925795513823684 0.04533450704225351 0.2887323943661972
0 0.7834950239632238 0.6293682620413842 0.06382042253521121 0.2811032863849765
0 0.887382017801252 0.1611404538341158 0.08362676056338027 0.36971830985915494
0 0.9234561448552425 0.7167204616588418 0.058538732394366216 0.18485915492957758
