0 0.5849218214163238 0.7825055250723976 0.06520061728395056 0.10596707818930043
0 0.6142315564986282 0.2774243636640755 0.048996913580246985 0.1738683127572017
0 0.8503641010802468 0.7773719707361683 0.07986111111111127 0.11728395061728403
0 0.5293550132887518 0.26817224889498553 0.0489969135802469 0.18158436213991766
0 0.6439265582133058 0.005320263679317177 0.032021604938271664 0.1903292181069959
0 0.34571196630658435 0.003771814509983234 0.04745370370370369 0.18467078189300412
0 0.6134519140089163 0.5361344497789972 0.03742283950617286 0.1363168724279835
0 0.48382094478737997 0.2728018785246152 0.03549382716049389 0.18158436213991766
0 0.5301180448388203 0.5407602690138699 0.03665123456790135 0.13220164609053492
0 0.3522762345679012 0.27742722146014326 0.055555555555555636 0.1769547325102881
0 0.5918501907578876 0.0006930155464106081 0.04205246913580238 0.19290123456790123
0 0.5737134559327846 0.5268813824112177 0.036265432098765475 0.14300411522633735
0 0.4838244277263374 0.5346121970736167 0.040509259259259287 0.15895061728395068
0 0.5783438893175583 0.27741579027587254 0.03742283950617278 0.16460905349794244
0 0.4217174639917696 0.0006977785398567292 0.050925925925925875 0.19804526748971196
0 0.47842667609739364 0.0006949207437890566 0.04552469135802476 0.19495884773662553
0 0.29092801568930043 0.0022286046334400247 0.04745370370370365 0.1846707818930041
0 0.3040434242112483 0.2727990207285475 0.044753086419753056 0.17849794238683128
0 0.4251929012345679 0.27588258268556626 0.055555555555555636 0.17541152263374482
0 0.6848309970850479 0.008415256820606615 0.04552469135802476 0.19958847736625512
0 0.36423102066186563 0.5376957590306355 0.048225308641975315 0.15586419753086422
0 0.4251888824588477 0.5366679050449626 0.04976851851851857 0.15689300411522636
0 0.8603971086248285 0.5412975346745923 0.08294753086419762 0.15689300411522636
0 0.8302999614197532 0.293875266727633 0.07638888888888873 0.16306584362139914
0 0.4668558170438958 0.7886883668648071 0.050154320987654204 0.11676954732510286
0 0.5216411072530864 0.7825155273586344 0.052083333333333336 0.11676954732510286
0 0.38971193415637856 0.7917857415028198 0.07407407407407413 0.12860082304526751
0 0.7168483153292181 0.7804412437128485 0.0393518518518519 0.0987654320987655
0 0.6578261638374486 0.7763412589544277 0.04745370370370365 0.11522633744855969
0 0.0004568008401920439 0.28566577122389875 0.10223765432098766 0.18569958847736628
0 0.10847747342249657 0.2882325483920134 0.09645061728395062 0.18004115226337444
0 0.20724049425582988 0.27742293476604174 0.09297839506172842 0.17232510288065847
0 0.6941057956104253 0.2712600975461058 0.06790123456790119 0.1831275720164609
0 0.7619914909122084 0.27744293933851544 0.04552469135802476 0.19393004115226345
0 0.9117096407750344 0.28978814205151654 0.08410493827160492 0.19341563786008228
0 0.022061739111796982 0.545440862673373 0.10223765432098766 0.18724279835390942
0 0.12429296339163237 0.5408045648529187 0.09297839506172839 0.1800411522633744
0 0.2184295696159122 0.5392556393842401 0.09413580246913579 0.17386831275720158
0 0.31715963648834017 0.5346274386526444 0.04320987654320988 0.17541152263374496
0 0.6497243119855967 0.5346121970736167 0.04745370370370373 0.15895061728395068
0 0.6971726573216736 0.5315257773205303 0.03973765432098762 0.15895061728395068
0 0.7346019268689986 0.5330747027892089 0.048996913580246826 0.1651234567901235
0 0.04829068072702332 0.7933470507544581 0.09413580246913579 0.14814814814814814
0 0.14242648319615914 0.7871799268404207 0.09413580246913579 0.15432098765432084
0 0.23309247470850478 0.7887136107300715 0.09760802469135801 0.14403292181069957
0 0.3318265603566529 0.7840811233043744 0.052469135802469126 0.1409465020576131
0 0.7346238961762689 0.014071311537875324 0.0806327160493827 0.19701646090534983
0 0.5258811835562415 0.0006977785398567292 0.04668209876543206 0.19804526748971196
0 0.22302999614197527 0.008405254534369761 0.052083333333333336 0.18878600823045266
0 0.12656759044924557 0.0022367017222984305 0.035108024691358014 0.1934156378600823
0 0.16862782921810698 0.0006949207437890566 0.04629629629629631 0.19495884773662553
0 0.00042143561385459536 0.004277168114616674 0.05131172839506173 0.17489711934156377
0 0.9267484353566529 0.7722331771071483 0.07330246913580254 0.12294238683127566
0 0.9491040809327846 0.539246113397348 0.04320987654320984 0.1635802469135803
