0 0.5930311749828532 0.08146862139917696 0.07600308641975309 0.20833333333333334
0 0.6705731845850481 0.07838648834019205 0.06983024691358015 0.2129629629629629
0 0.3426475158607682 0.06397128867550678 0.07908950617283952 0.2001028806584362
0 0.7454172560871056 0.07427745389422344 0.0675154320987654 0.21965020576131689
0 0.4306217313957476 0.06089868160341412 0.09529320987654326 0.2150205761316873
0 0.5285909100651577 0.055251200274348426 0.05979938271604945 0.22685185185185186
0 0.22536302940672157 0.0598708276177412 0.0783179012345679 0.21604938271604943
0 0.14473272462277093 0.07373828303612254 0.08179012345679014 0.19290123456790123
0 0.6150074481310013 0.6806636755067825 0.055169753086419686 0.11676954732510286
0 0.8183266889574761 0.0753029263831733 0.057098765432098575 0.21604938271604934
0 0.14740387088477364 0.755272633744856 0.039351851851851846 0.1388888888888889
0 0.05790010931069959 0.7666023662551441 0.04282407407407408 0.1527777777777778
0 0.10265265989368998 0.7614597622313671 0.04205246913580248 0.15432098765432106
0 0.54439970207476 0.7578513183965859 0.04668209876543206 0.14609053497942381
0 0.4016530564128943 0.7352313862216125 0.04706790123456794 0.16100823045267482
0 0.5046593685699589 0.755272633744856 0.04282407407407405 0.1388888888888889
0 0.3480275848765432 0.7306103299801858 0.04861111111111111 0.17026748971193417
0 0.2045109417866941 0.7403692272519433 0.051311728395061706 0.15432098765432106
0 0.4545037079903978 0.7475770652339583 0.040895061728395 0.16100823045267482
0 0.26159872256515776 0.7352213839353757 0.03549382716049381 0.15020576131687238
0 0.29825424382716054 0.7218411827465324 0.04166666666666663 0.14403292181069968
0 0.7015024862825788 0.8400739216582838 0.1635802469135804 0.05761316872427979
0 0.7103596000514404 0.7706161408321902 0.1400462962962962 0.04320987654320984
0 0.6995606138545953 0.7140303497942386 0.14506172839506173 0.041666666666666664
0 0.7026320301783264 0.6548787341868617 0.12345679012345674 0.046810699588477354
0 0.06874464163237311 0.6646719250114312 0.10339506172839506 0.06790123456790116
0 0.6030392661179699 0.8128467459228776 0.04320987654320984 0.09670781893004106
0 0.6508841306584363 0.8128372199359853 0.05092592592592595 0.08641975308641968
0 0.8666004908264747 0.6226027853985673 0.12692901234567905 0.1887860082304526
0 0.8731537744341564 0.36226470812376166 0.11921296296296302 0.13477366255144027
0 0.36890753600823045 0.3622713763145862 0.11574074074074071 0.1419753086419753
0 0.8908921146262003 0.8159293552812072 0.1068672839506173 0.09259259259259249
