0 0.8268092528292181 0.6293919562566682 0.04976851851851841 0.2988683127572017
0 0.6292850865912208 0.6725394375857339 0.059413580246913573 0.23148148148148148
0 0.5081583826303154 0.2573983577198598 0.08140432098765428 0.2124485596707819
0 0.434075467249657 0.6381149024538942 0.06867283950617285 0.27520576131687235
0 0.4282913773148148 0.20496923106233805 0.07291666666666667 0.25565843621399176
0 0.5965095593278464 0.26099298887364736 0.0848765432098765 0.205761316872428
0 0.2932546189128944 0.1458490512117055 0.06442901234567897 0.2947530864197531
0 0.21609171382030176 0.12786636945587562 0.060956790123456825 0.3179012345679012
0 0.06640223122427984 0.10217668800487731 0.06365740740740741 0.3508230452674897
0 0.7477186749828533 0.15101261240664532 0.04822530864197524 0.315843621399177
0 0.7430828832304528 0.600040485444292 0.0393518518518519 0.2659465020576132
0 0.6844564471879286 0.11760592897424171 0.06172839506172849 0.34773662551440326
0 0.8970183363340192 0.6128762764822435 0.039737654320987775 0.23971193415637873
0 0.8175698195301784 0.2106376695625667 0.07831790123456793 0.2664609053497942
0 0.26894799168381345 0.6782231176649901 0.06288580246913575 0.2587448559670782
0 0.09572053969478737 0.649953322664228 0.059799382716049385 0.28292181069958844
0 0.3665597672325103 0.6689638584057309 0.06828703703703698 0.2587448559670781
0 0.5301290294924553 0.6489135611949398 0.05246913580246921 0.2710905349794238
0 0.16207695687585735 0.6602304336229233 0.05748456790123458 0.2710905349794238
0 0.6871527777777777 0.6273119570187472 0.055555555555555636 0.2746913580246913
0 0.9421502593449933 0.6056936823654929 0.029706790123456825 0.26028806584362146
0 0.9753225737311385 0.6180312642889803 0.020061728395061745 0.25154320987654327
