0 0.33653093921467764 0.19418200350556317 0.16010802469135801 0.27211934156378603
0 0.1968562457133059 0.21109967992684045 0.13966049382716048 0.20987654320987653
0 0.46694476594650214 0.6149372237463802 0.17824074074074073 0.24331275720164613
0 0.650936106824417 0.6133849641822892 0.1257716049382715 0.23353909465020573
0 0.05989610125171468 0.19879782045419905 0.1392746913580247 0.257201646090535
0 0.5000999335562414 0.21681336686480718 0.1439043209876543 0.26954732510288065
0 0.6555751135973936 0.2697616598079561 0.13927469135802462 0.23148148148148148
0 0.1112338177297668 0.0006430041152263374 0.17669753086419754 0.1388888888888889
0 0.12317895876200274 0.5784179240969364 0.15547839506172842 0.24691358024691354
0 0.7874892832647463 0.06074007392165828 0.09567901234567905 0.04372427983539094
0 0.6389526534636487 0.005742264898643499 0.09182098765432103 0.09053497942386832
0 0.8287966713820301 0.3319292028654169 0.1338734567901235 0.15020576131687244
0 0.28560956790123454 0.6087534293552812 0.16666666666666666 0.23148148148148148
0 0.0027914416152263373 0.5860811042524006 0.13078703703703703 0.18981481481481471
0 0.8199532214506171 0.6072283188538332 0.17708333333333334 0.2510288065843622
0 0.6381553283607683 0.9439848155768938 0.05478395061728389 0.05915637860082296
