0 0.4329341349451302 0.18945759030635576 0.09182098765432103 0.16975308641975306
0 0.031289384002057614 0.023243408017070567 0.056712962962962965 0.102880658436214
0 0.09265233839163237 0.0037056089010821525 0.08603395061728397 0.11316872427983539
0 0.846092946244856 0.40694968373723517 0.04050925925925936 0.0612139917695473
0 0.33416816700960217 0.18843497561347355 0.09104938271604937 0.17644032921810696
0 0.10385186256858711 0.20649719935985367 0.10223765432098766 0.2391975308641975
0 0.811760813185871 0.5041604747751868 0.04668209876543206 0.048868312757201694
0 0.4344543038408779 0.010878200731595792 0.058641975308641986 0.08179012345679013
0 0.7450159143518519 0.1981076627038561 0.04513888888888889 0.06738683127572019
0 0.6836939514746228 0.9069754039018443 0.07484567901234564 0.08899176954732518
0 0.7678058556241427 0.8946449664685262 0.0848765432098765 0.10545267489711926
0 0.8619432656035665 0.6646971688766957 0.08719135802469143 0.09516460905349788
0 0.6597883980624143 0.6117207742722146 0.09529320987654318 0.10288065843621397
0 0.7597058792009602 0.6055860387136106 0.08757716049382715 0.14403292181069968
0 0.25583686985596704 0.1884435490016766 0.07175925925925924 0.18569958847736623
0 0.31720464677640603 0.006769642584971804 0.10802469135802464 0.08899176954732509
0 0.01317863725994513 0.21420038866026522 0.08834876543209877 0.22530864197530864
0 0.6964031957304526 0.07000076207895138 0.04282407407407405 0.04526748971193415
0 0.6994858646262002 0.12759868922420362 0.03742283950617286 0.028806584362139922
0 0.7064254865397805 0.1697811880810852 0.030478395061728412 0.03034979423868312
0 0.7542775848765432 0.10962219935985368 0.04861111111111111 0.05864197530864197
0 0.6281424146947874 0.2274167428745618 0.0806327160493827 0.05452674897119344
0 0.8800516010802468 0.23976480338363051 0.052083333333333336 0.05709876543209884
0 0.6157895018861453 0.40127648224356044 0.07021604938271603 0.04526748971193418
0 0.6157801247427983 0.4511764593811919 0.056712962962963014 0.048353909465020585
0 0.6134645061728395 0.5072354633440025 0.05555555555555555 0.03652263374485598
0 0.6906274112654321 0.44807765584514553 0.05902777777777786 0.03497942386831275
0 0.681364401148834 0.48462791495198904 0.05362654320987651 0.06481481481481481
0 0.7415509259259261 0.4830542219173906 0.05555555555555555 0.03189300411522635
0 0.7496385781035667 0.5149443682365492 0.03510802469135794 0.028806584362139998
0 0.7531185699588478 0.3878948521566834 0.04629629629629619 0.03755144032921815
0 0.7542759773662552 0.43316519966468525 0.04629629629629635 0.04063786008230455
0 0.9548924575617284 0.4347107910379515 0.04513888888888889 0.04320987654320984
0 0.9560490612139917 0.47842173449169323 0.04398148148148159 0.028806584362139998
0 0.9298163687414266 0.15641479957323579 0.04668209876543206 0.03909465020576132
0 0.8654473701131687 0.8812828646547783 0.13310185185185192 0.11882716049382709
0 0.2026084533607682 0.5166304679164762 0.08950617283950615 0.18312757201646085
0 0.29907728909465026 0.5104619151044048 0.11574074074074067 0.18775720164609058
