0 0.4468251785015649 0.5119060815510346 0.11839788732394364 0.1825117370892018
0 0.8341689896322378 0.520113893235959 0.14700704225352124 0.17370892018779333
0 0.4041471048513302 0.28006596678838463 0.1408450704225352 0.14730046948356806
0 0.18714391383020343 0.7782891018953225 0.12103873239436617 0.12969483568075116
0 0.5678694126564946 0.5060451443227265 0.1263204225352112 0.19072769953051638
0 0.2504957697574335 0.5236290427751695 0.08010563380281689 0.16725352112676053
0 0.2619739705594679 0.030067596939662666 0.12984154929577466 0.14906103286384975
0 0.8306533646322378 0.2501407363936706 0.15492957746478864 0.15199530516431922
0 0.14796557120500783 0.057643779342723 0.11267605633802816 0.1426056338028169
0 0.394021725841158 0.0007324813075986785 0.13776408450704222 0.1572769953051643
0 0.02912570911580595 0.09048698052512606 0.11003521126760564 0.12030516431924883
0 0.6950765356025039 0.5207045513823684 0.13556338028169013 0.17781690140845072
0 0.13563918231611896 0.5300784646148495 0.10915492957746478 0.16079812206572766
0 0.044515661678403755 0.5329991523213353 0.08846830985915492 0.14612676056338028
0 0.3297446571791862 0.5165976569292297 0.11399647887323947 0.17899061032863856
0 0.13433618202269168 0.3029391627543036 0.13424295774647887 0.13204225352112675
0 0.5361878301056338 0.0007091158059467919 0.13864436619718312 0.13204225352112675
0 0.5507149232198748 0.2753646105025213 0.1421654929577465 0.1402582159624413
0 0.03088566118935837 0.3117425230394714 0.1091549295774648 0.13262910798122068
0 0.6950725621087637 0.26832344374891326 0.12984154929577474 0.14143192488262904
0 0.03704610475352113 0.004179707876890976 0.10695422535211267 0.07746478873239437
0 0.6783683000782473 0.0030375152147452617 0.1602112676056337 0.11150234741784039
0 0.8451780125195618 0.002428925404277517 0.1549295774647888 0.0880281690140845
0 0.6893556215766824 0.8035401451921405 0.13688380281690135 0.147300469483568
0 0.47059614632237873 0.798272039645279 0.12323943661971831 0.1619718309859154
0 0.31609173268779345 0.7794905233872371 0.10167253521126764 0.1596244131455399
0 0.05422351819248826 0.7794655277343071 0.12411971830985916 0.13262910798122063
0 0.8240390258215963 0.7965272343940184 0.1373239436619719 0.17899061032863856
0 0.3239937891236307 0.31290536428447224 0.07218309859154932 0.12089201877934275
0 0.420803684956964 0.7824247956877065 0.041813380281690134 0.1596244131455399
0 0.6184675762910798 0.7483546339766998 0.10035211267605636 0.12441314553990614
