0 0.4105396412037037 0.7310923449169334 0.06597222222222222 0.13528806584362138
0 0.6219607338820302 0.3534998475842097 0.06790123456790119 0.1131687242798354
0 0.5328484010631003 0.35967554488645026 0.07947530864197525 0.11625514403292185
0 0.6042210540980796 0.15752029035208048 0.07831790123456793 0.1219135802469136
0 0.3557514038923183 0.5453765622618504 0.05979938271604929 0.11779835390946497
0 0.537850169324417 0.5453656073769243 0.059799382716049364 0.10596707818930043
0 0.15743553883744857 0.19756896814509983 0.040509259259259245 0.04115226337448561
0 0.40242573302469137 0.3431493865264441 0.04861111111111111 0.04578189300411524
0 0.6520479681069958 0.5690272062185643 0.060185185185185314 0.1049382716049382
0 0.8028964656207133 0.3987368541380887 0.059799382716049364 0.08024691358024688
0 0.6898458933470507 0.18217211553116902 0.044753086419753174 0.07921810699588473
0 0.7157061792695473 0.41209657445511355 0.0613425925925927 0.06430041152263376
0 0.7210996442043895 0.5767261088248742 0.05015432098765445 0.08641975308641979
0 0.33067343964334706 0.7357010173754001 0.058641975308641986 0.11265432098765428
0 0.5721892682613169 0.7351928059746989 0.06365740740740745 0.11934156378600815
0 0.5579046639231824 0.9131272862368541 0.049382716049382776 0.0663580246913581
0 0.478815961505487 0.7449540847431795 0.05054012345679016 0.10596707818930043
0 0.7793523341049382 0.7546963115378753 0.04513888888888889 0.07201646090534973
0 0.9074465234910837 0.7495860958695321 0.05632716049382714 0.10853909465020582
0 0.6620624892832647 0.7490516880048773 0.03665123456790119 0.08693415637860084
0 0.009671049811385458 0.14713886983691513 0.037422839506172846 0.021090534979423863
0 0.008514446159122085 0.18058651501295533 0.03858024691358025 0.03343621399176955
0 0.001954196673525377 0.21658760097546106 0.036265432098765434 0.02572016460905352
0 0.00504704646776406 0.25619236777930193 0.0455246913580247 0.02109053497942381
0 0.056351541066529495 0.14560709114464257 0.035108024691358035 0.03343621399176955
0 0.05981894075788752 0.19240683584819387 0.02816358024691358 0.02160493827160492
0 0.057501714677640606 0.22738006782502668 0.02469135802469137 0.014917695473251058
0 0.06059161736968449 0.25001428898033834 0.029706790123456797 0.015432098765432117
0 0.1003228416495199 0.15022528959000153 0.02044753086419752 0.021090534979423863
0 0.10148105281207133 0.17594831199512267 0.02160493827160494 0.024176954732510293
0 0.09724821030521262 0.21093059365950315 0.03742283950617282 0.027263374485596695
0 0.1003300754458162 0.25155606995884777 0.030864197530864185 0.013888888888888888
0 0.07911629801097395 0.2711005372656607 0.03858024691358023 0.010802469135802486
0 0.16513765646433473 0.0941553307422649 0.02044753086419752 0.021090534979423863
0 0.1855867948388203 0.14867779301935682 0.022762345679012343 0.016460905349794233
0 0.22301365312071328 0.13685366178936137 0.028549382716049405 0.024176954732510293
0 0.20140710733882028 0.20166704770614235 0.026234567901234563 0.02263374485596709
0 0.16861604080932785 0.23818682365493068 0.029320987654320993 0.019547325102880635
0 0.1481789587620027 0.26955589849108363 0.0443672839506173 0.009259259259259259
0 0.2206948195301783 0.25619093888126815 0.022762345679012343 0.019547325102880687
0 0.13775532621742112 0.11989645252248132 0.034336419753086406 0.043724279835390976
0 0.3106039416152263 0.16514346136259717 0.04745370370370369 0.02160493827160492
0 0.35573747213648843 0.161027758725804 0.03973765432098762 0.021090534979423863
0 0.3125254522462277 0.19858062795305595 0.03665123456790127 0.022633744855967062
0 0.3024943201303155 0.22121580170705685 0.036265432098765434 0.024176954732510293
0 0.3001896862139918 0.253110234720317 0.050925925925925916 0.02572016460905344
0 0.3592080868484225 0.21505153558908702 0.03742283950617278 0.03343621399176953
0 0.3603630829903978 0.1954889689071788 0.03395061728395055 0.01697530864197529
0 0.3615151320301783 0.25464630010669104 0.026234567901234525 0.01800411522633746
0 0.4001023448216735 0.219678307422649 0.036265432098765475 0.03034979423868312
0 0.4159084576474623 0.1908650548696845 0.01929012345679008 0.023148148148148147
0 0.44331677597736624 0.1908660074683737 0.04282407407407405 0.024176954732510293
0 0.5034966027949246 0.19394956942539246 0.03510802469135794 0.02109053497942389
0 0.4352119770233196 0.23046362978204543 0.03858024691358024 0.01183127572016463
0 0.49424136231138543 0.22584114464258498 0.04089506172839508 0.019547325102880635
0 0.4884481631515775 0.25619379667733577 0.03202160493827151 0.022633744855967038
0 0.4409982103052126 0.26081485291876244 0.03742283950617286 0.013374485596707831
0 0.398942526148834 0.25619379667733577 0.032793209876543175 0.022633744855967038
0 0.02125610853909465 0.3575241007468373 0.053240740740740734 0.014917695473251058
0 0.022025570130315503 0.38171248666361834 0.050154320987654315 0.027263374485596667
0 0.02665519975994513 0.4238854595336077 0.05015432098765431 0.018518518518518517
0 0.02780698088134431 0.4557822740435909 0.04205246913580247 0.022633744855967038
0 0.08914876971879286 0.35906731062338054 0.04089506172839508 0.014917695473251006
0 0.09493178798010976 0.38479176192653564 0.035108024691358014 0.019547325102880635
0 0.08219253686556928 0.40434766041761927 0.02391975308641974 0.028806584362139894
0 0.08798653978052126 0.44960419524462736 0.03395061728395061 0.016975308641975342
0 0.13119882758916324 0.4058922991921964 0.03742283950617284 0.03034979423868312
0 0.09607901448902606 0.44651920438957476 0.02044753086419754 0.018518518518518517
0 0.13235060871056242 0.43932422648986436 0.029320987654320972 0.025720164609053492
0 0.1377472886659808 0.3817024843773815 0.022762345679012322 0.016460905349794233
0 0.13697702331961592 0.33799630391708585 0.02469135802469135 0.036008230452674865
0 0.1720963005829904 0.34365092973632066 0.04089506172839508 0.03189300411522635
0 0.1755604852537723 0.3832514098460601 0.029320987654320993 0.02263374485596709
0 0.17864395790466392 0.4182308337143728 0.025077160493827143 0.022633744855967038
0 0.1709426440329218 0.45423763526901384 0.04629629629629629 0.021090534979423915
0 0.22300561556927295 0.3966287532388355 0.016975308641975318 0.025720164609053544
0 0.21954518175582993 0.3575341030330742 0.033950617283950595 0.025720164609053544
0 0.2183800047153635 0.4439395671391556 0.022762345679012343 0.010288065843621377
0 0.33295717592592594 0.38015546410608136 0.013888888888888888 0.012345679012345715
0 0.33412154921124826 0.41668619493979575 0.023919753086419762 0.021090534979423863
0 0.3287208504801098 0.4650301021185795 0.02469135802469135 0.010288065843621429
0 0.4070333933470508 0.3981567215363511 0.016975308641975318 0.009259259259259259
0 0.4112930276920439 0.4238949855204999 0.0397376543209877 0.028806584362139894
0 0.41129222393689985 0.4619370141746684 0.038580246913580314 0.0030864197530864547
0 0.46027333033264745 0.32563538332571257 0.015817901234567857 0.019547325102880635
0 0.46259350351508915 0.36216230376467007 0.02353395061728397 0.024176954732510213
0 0.4649107295953361 0.3981719631153787 0.02700617283950619 0.025720164609053492
0 0.46491394461591223 0.4496056241426612 0.03163580246913579 0.018518518518518517
0 0.9333003793724279 0.37407788446883095 0.0636574074074073 0.11522633744855973
0 0.058666355881344306 0.5236949397957629 0.03510802469135803 0.034979423868312806
0 0.05750492969821673 0.5694611149215059 0.029320987654320993 0.01800411522633746
0 0.05635475608710563 0.5967468754762992 0.039737654320987637 0.04218106995884783
0 0.09724660279492456 0.5751481290961744 0.035108024691358035 0.048868312757201694
0 0.633923021690672 0.9187847698521567 0.0713734567901235 0.06532921810699588
0 0.7029714827674897 0.9023362482853223 0.056712962962963014 0.0787037037037036
0 0.7859192815500686 0.9110906302392928 0.05709876543209873 0.08899176954732509
0 0.8437955461248285 0.9141718106995884 0.0655864197530865 0.08333333333333333
0 0.3638369127229081 0.9187704808718185 0.0362654320987654 0.049897119341563705
0 0.028957154492455416 0.703719421582076 0.0316358024691358 0.01697530864197524
0 0.0370622213648834 0.7356190938881269 0.03626543209876545 0.024176954732510265
0 0.04361711248285323 0.7690429240969364 0.030864197530864192 0.010802469135802434
0 0.03937944744513032 0.7886054907788447 0.03973765432098766 0.027263374485596823
0 0.07795406807270233 0.7222317482091144 0.031635802469135804 0.010288065843621377
0 0.08682913237311385 0.740253010211858 0.033950617283950615 0.028806584362139894
0 0.09030858839163236 0.7706013755525073 0.04436728395061726 0.027263374485596615
0 0.07564005701303154 0.802481519585429 0.03279320987654322 0.013374485596707937
0 0.07910665294924556 0.8673049077884468 0.02469135802469136 0.02263374485596709
0 0.081038344478738 0.9022843316567597 0.028549382716049374 0.02263374485596709
0 0.09260598851165978 0.9310952027130011 0.01929012345679014 0.02726337448559672
0 0.14701056670096022 0.8930222146014327 0.028549382716049385 0.019547325102880635
0 0.1504795739026063 0.9367522100289591 0.023919753086419762 0.025720164609053544
0 0.17863993912894377 0.9022929050449626 0.01929012345679012 0.03189300411522624
0 0.1890635716735254 0.9552759678402682 0.029320987654320993 0.03137860082304508
0 0.22763926397462275 0.9022967154397196 0.022762345679012343 0.036008230452674816
0 0.4317477923525377 0.572590877914952 0.05015432098765436 0.06481481481481481
0 0.8357301311728396 0.19555469821673527 0.11805555555555555 0.08796296296296294
0 0.15280055084019206 0.5329513412589544 0.032793209876543196 0.03189300411522635
0 0.15511858067558298 0.5843930993750952 0.03742283950617286 0.03343621399176953
0 0.1528013545953361 0.6193682365493065 0.033950617283950574 0.028806584362139894
0 0.21298332475994514 0.5951827084285932 0.02932098765432095 0.019547325102880635
0 0.1196193951474623 0.5298606348117665 0.029706790123456787 0.027263374485596823
0 0.21298171724965706 0.6327355776558452 0.02700617283950615 0.02109053497942381
0 0.23535450960219476 0.2093954808718183 0.02160493827160492 0.03600823045267489
0 0.7539046424897118 0.18938614540466392 0.06712962962962968 0.09259259259259259
