0 0.23597020491001564 0.005971787515214744 0.07878521126760564 0.11150234741784039
0 0.31695703736306735 0.004800795513823683 0.08010563380281689 0.11443661971830986
0 0.45471409184272304 0.0018540253868892366 0.06998239436619716 0.10093896713615023
0 0.6171269806338028 0.0018665232133541995 0.07130281690140852 0.11443661971830986
0 0.7584118862480438 0.005974504434011476 0.07086267605633796 0.11443661971830986
0 0.016777313184663536 0.31644116240653797 0.07482394366197183 0.13673708920187794
0 0.22892428354851332 0.33875304294905234 0.07350352112676058 0.14906103286384983
0 0.3737272593896714 0.3270197574334898 0.06866197183098595 0.15316901408450698
0 0.349952623728482 0.18380499043644583 0.05853873239436614 0.12910798122065728
0 0.41069756210876374 0.1779435098243784 0.0664612676056337 0.13673708920187794
0 0.48067781690140843 0.18086963136845766 0.0633802816901408 0.1279342723004695
0 0.4784752787558686 0.3235018909754825 0.06073943661971831 0.1566901408450704
0 0.5392260245500783 0.3446259346200661 0.07702464788732384 0.15375586854460088
0 0.6197659917840375 0.35400799860893756 0.06866197183098603 0.14553990610328646
0 0.5497820691510172 0.19145257346548428 0.0664612676056337 0.1490610328638498
0 0.6197666030907668 0.18969364023648058 0.06954225352112692 0.15082159624413152
0 0.7368419283059469 0.19262628238567206 0.06646126760563378 0.14906103286384975
0 0.6950233519170579 0.34167210050426017 0.058978873239436624 0.13262910798122068
0 0.7641260758998436 0.3405021952703878 0.05985915492957743 0.13673708920187788
0 0.8680008436032864 0.3463903016866632 0.0620598591549296 0.15786384976525825
0 0.050667852601721436 0.6714881107633456 0.0743838028169014 0.13673708920187794
0 0.121969752543036 0.6744185793774996 0.07306338028169015 0.13262910798122063
0 0.21573625782472614 0.6756064162754304 0.09683098591549298 0.147887323943662
0 0.3116759585289514 0.6621071335419927 0.08098591549295778 0.14612676056338028
0 0.39618697427621286 0.659177208311598 0.08670774647887317 0.15082159624413144
0 0.48509267410015644 0.6533151843157712 0.08274647887323955 0.1578638497652582
0 0.567844960387324 0.6609426621457138 0.09110915492957734 0.15610328638497648
0 0.7606245109546166 0.6562510867675186 0.08802816901408445 0.1596244131455399
0 0.8499731025039123 0.642753434185359 0.08802816901408445 0.1596244131455399
0 0.18492731562989045 0.8850824856546687 0.09815140845070422 0.11443661971830991
0 0.28439058832159625 0.8639655059989568 0.0858274647887324 0.125
0 0.37460998630672926 0.8686663189010606 0.07218309859154926 0.13145539906103287
0 0.03394250048904539 0.004792101373674145 0.0743838028169014 0.10504694835680752
0 0.10832019023865413 0.001852395235611198 0.06558098591549298 0.09917840375586855
