0 0.8283967258411582 0.23137497826464962 0.07438380281690134 0.16666666666666666
0 0.1809666593309859 0.47079203616762305 0.0990316901408451 0.14553990610328635
0 0.46352393877151804 0.4655233872370023 0.08010563380281698 0.15962441314553985
0 0.47936809223395926 0.22317749087115282 0.0787852112676056 0.18661971830985913
0 0.5471491710680751 0.46609883063814994 0.07790492957746473 0.14730046948356806
0 0.748287118544601 0.24075269518344633 0.06866197183098595 0.15375586854460088
0 0.324423232100939 0.6726335637280473 0.05677816901408453 0.10622065727699542
0 0.5634386614827857 0.22317912102243087 0.08406690140845059 0.18838028169014087
0 0.6545456768388106 0.22142290471222395 0.0809859154929577 0.19307511737089203
0 0.7887794649843506 0.4772371109372283 0.06778169014084515 0.13438967136150234
0 0.7179146493544601 0.47723874108850634 0.06470070422535201 0.13615023474178406
0 0.04099698014475743 0.4643355503390715 0.09198943661971831 0.1443661971830986
0 0.2755850205399061 0.4743164232307425 0.08186619718309862 0.14906103286384972
0 0.16862987822769954 0.23842212223961048 0.08054577464788731 0.17194835680751175
0 0.3680256015258216 0.46434641801425836 0.09771126760563378 0.15610328638497653
0 0.4648422217331769 0.006016344983481133 0.07702464788732391 0.1596244131455399
0 0.7993498752934272 0.6538688923665451 0.07790492957746488 0.12206572769953054
0 0.20513956132629108 0.670286689271431 0.048855633802816927 0.10680751173708929
0 0.2645631602112676 0.6738078160319945 0.05545774647887324 0.10680751173708919
0 0.7429990096830986 0.6632514997391757 0.059419014084507026 0.11443661971830991
0 0.38518681533646315 0.24076682316118939 0.09154929577464799 0.1690140845070422
0 0.6673115952660407 0.6632514997391757 0.08362676056338018 0.11443661971830991
0 0.14000024452269172 0.6650060858981046 0.051056338028169 0.10798122065727703
0 0.6307731807511737 0.46844679186228483 0.07394366197183101 0.147887323943662
0 0.06869895588810643 0.6708740871152843 0.053257042253521125 0.10739436619718305
0 0.8503982663341159 0.47078768909754826 0.06646126760563378 0.14084507042253516
0 0.39266951535602507 0.6790911363241174 0.09198943661971831 0.1085680751173709
0 0.000484460582942097 0.007194400973743697 0.06382042253521127 0.1643192488262911
0 0.5449548855633802 0.0024919579203616766 0.08714788732394364 0.15610328638497653
0 0.07707141285211266 0.24780527299600072 0.06734154929577467 0.16490610328638494
0 0.35703063869327073 0.010119435750304294 0.1100352112676056 0.15434272300469484
0 0.4872784013106417 0.6591592766475396 0.06117957746478871 0.13145539906103287
0 0.9115821229460094 0.46552610415579904 0.07262323943661958 0.16255868544600932
0 0.8724138668818466 0.6556213049904364 0.07878521126760568 0.11326291079812217
0 0.9212682780712049 0.22552056164145368 0.07702464788732391 0.18192488262910797
0 0.047569750097809074 0.8310940488610676 0.04973591549295774 0.11678403755868551
0 0.8754856831964005 0.8293199008868023 0.06558098591549298 0.10211267605633813
0 0.2883200679773083 0.8598069900886802 0.040052816901408446 0.07042253521126757
0 0.9392954078638498 0.8234540732046601 0.050176056338028095 0.10504694835680747
0 0.003987553794992175 0.8135014562684751 0.037852112676056336 0.1308685446009388
0 0.06742499266431924 0.00895605112154408 0.12015845070422536 0.16549295774647887
0 0.9146646371283255 0.011879455746826638 0.0748239436619719 0.15375586854460094
0 0.0013656592331768387 0.6585582942097028 0.06514084507042253 0.11619718309859142
0 0.09598982785602504 0.8287379368805424 0.05633802816901407 0.10739436619718305
0 0.1633258753912363 0.8363773691531908 0.04841549295774649 0.11854460093896702
0 0.1919487847222222 0.8304398148148148 0.06822183098591547 0.04401408450704225
0 0.21175206621674494 0.880333311597983 0.06382042253521125 0.055751173708920077
0 0.8103472833528951 0.8287297861241523 0.06910211267605636 0.09859154929577459
