0 0.0009634194053208139 0.011929990436445836 0.11971830985915494 0.20833333333333337
0 0.1849572696596244 0.012492392627369151 0.14128521126760565 0.181924882629108
0 0.1840705692488263 0.191427034428795 0.13204225352112675 0.1214788732394366
0 0.35087630819640064 0.000874847852547383 0.12103873239436622 0.3110328638497652
0 0.4798669185250391 0.0032244392279603545 0.16329225352112683 0.3133802816901408
0 0.6748465620109546 0.0032255259954790468 0.15933098591549288 0.31455399061032857
0 0.8522153755868545 0.0019936750130412103 0.14788732394366202 0.2517605633802817
0 0.004471097417840375 0.4667025299947835 0.10035211267605633 0.16549295774647887
0 0.18187842331768386 0.4351101982263954 0.14436619718309862 0.2711267605633803
0 0.33063991588419406 0.447421100678143 0.1355633802816901 0.2570422535211267
0 0.4605181435837246 0.41394703095113894 0.18838028169014082 0.2318075117370892
0 0.7677615170187794 0.4127483263780212 0.22447183098591555 0.20481220657277
0 0.0044796557120500785 0.8323150321683185 0.11267605633802817 0.16784037558685452
0 0.16821205007824724 0.8323003608068161 0.11267605633802816 0.15199530516431917
0 0.28659037558685446 0.8323085115632063 0.08450704225352115 0.16079812206572786
0 0.38476623630672935 0.8246897278734133 0.11971830985915494 0.17194835680751172
0 0.5089030712050079 0.8235127586506695 0.1443661971830985 0.1684272300469483
0 0.6660278511345853 0.8170660537297861 0.13644366197183103 0.17781690140845072
0 0.8090745427425665 0.8129635063467223 0.1377640845070423 0.18368544600938952
0 0.9489791177621284 0.8082751912710833 0.051056338028169064 0.1907276995305165
