0 0.3800534765089163 0.4965120598994055 0.054783950617283965 0.12191358024691365
0 0.43290948645404664 0.21668143194634965 0.05632716049382722 0.12705761316872427
0 0.2820583097565158 0.22388355433622922 0.05285493827160492 0.12757201646090538
0 0.2886137367112483 0.11736539780521262 0.048225308641975356 0.08796296296296297
0 0.5015791109396434 0.5011374028349337 0.05169753086419746 0.11728395061728403
0 0.27510636359739365 0.4877605357415028 0.0420524691358025 0.11471193415637873
0 0.7091451260288065 0.15286732205456485 0.057870370370370315 0.09670781893004117
0 0.03321410965363512 0.4877662513336381 0.05054012345679012 0.12088477366255143
0 0.16979139874828533 0.22850461057765584 0.05516975308641976 0.11831275720164611
0 0.20952557013031547 0.4872537532388355 0.05015432098765436 0.12294238683127577
0 0.771254768947188 0.25985225194330136 0.05131172839506159 0.0848765432098765
0 0.3758037551440329 0.21822892851699438 0.04629629629629627 0.1316872427983539
0 0.44833033264746225 0.5031969212010364 0.04012345679012349 0.11934156378600826
0 0.5293501907578876 0.1214663351623228 0.04205246913580238 0.07253086419753085
0 0.5621468835733882 0.21617036274958085 0.04706790123456786 0.13065843621399179
0 0.44910649219821674 0.08755001143118427 0.04668209876543214 0.1095679012345679
0 0.3410791216563786 0.11376790885535741 0.042824074074074084 0.09156378600823045
0 0.11962823645404665 0.2259321178174059 0.04243827160493827 0.11779835390946497
0 0.08298102066186555 0.12765441624752324 0.048225308641975315 0.0889917695473251
0 0.3268004115226337 0.4903439833866789 0.03703703703703706 0.12705761316872424
0 0.7052879050925926 0.25574559899405575 0.05902777777777786 0.09413580246913582
0 0.22765480324074075 0.23004115226337446 0.04513888888888893 0.11111111111111116
0 0.01777906378600823 0.21103299801859474 0.0462962962962963 0.13786008230452676
0 0.4988760823902607 0.21976737540009145 0.048225308641975315 0.12654320987654322
0 0.38969023276748965 0.1101623228166438 0.042824074074074125 0.08641975308641976
0 0.06754704646776405 0.22850461057765584 0.04552469135802469 0.11831275720164611
0 0.5640673225308642 0.5052421505868008 0.03472222222222214 0.10596707818930043
0 0.09609776877572014 0.49239064167047714 0.04745370370370371 0.11522633744855958
0 0.14817118912894373 0.13330523167200123 0.03317901234567901 0.08076131687242799
0 0.6180810078017832 0.1296996456332876 0.03665123456790119 0.07561728395061727
0 0.20719896690672152 0.1307241655235482 0.03317901234567905 0.07098765432098768
0 0.5810418274176954 0.6981433851547021 0.03356481481481484 0.10596707818930043
0 0.15049109439300412 0.4831385269013869 0.040509259259259266 0.12294238683127577
0 0.5775677297668038 0.13123952141441853 0.030864197530864206 0.07201646090534981
0 0.9016573431069957 0.5309551707056851 0.0532407407407408 0.09825102880658435
0 0.8252746163408781 0.441442805974699 0.062114197530864126 0.09156378600823042
0 0.8245008680555556 0.5360911065386375 0.059027777777777776 0.08950617283950614
0 0.8356907471707818 0.2644795000762079 0.06134259259259254 0.08230452674897122
0 0.8395447530864198 0.16725156226185034 0.05555555555555555 0.07613168724279833
0 0.7523523233882029 0.5324936175887822 0.05401234567901238 0.09310699588477366
0 0.9132298096707818 0.26653568434689834 0.050925925925925875 0.08076131687242799
0 0.7527418767146776 0.43475461057765585 0.05941358024691365 0.09053497942386836
0 0.7747320816186557 0.16520156988263984 0.0586419753086419 0.08436213991769548
0 0.8985682441700961 0.44091840039628105 0.0493827160493827 0.08076131687242805
0 0.9575893239883402 0.5345517070568511 0.03973765432098762 0.09362139917695482
0 0.9278894997427983 0.6883449550373418 0.04976851851851857 0.07921810699588487
0 0.9167033714849109 0.17290523548239597 0.05285493827160492 0.07098765432098765
0 0.15126966520919066 0.8277658702941625 0.05054012345679012 0.09825102880658435
0 0.31871249142661184 0.6971283912513335 0.05709876543209873 0.12088477366255143
0 0.2064399541323731 0.825206237616217 0.051311728395061706 0.11162551440329227
0 0.0918560849622771 0.8241655235482396 0.05054012345679012 0.0987654320987654
0 0.2662385330932785 0.8370265584514556 0.05015432098765433 0.09979423868312762
0 0.3823669517318244 0.6811780787989636 0.05285493827160492 0.11676954732510286
0 0.2627644354423868 0.6878686556927298 0.04745370370370369 0.12037037037037036
0 0.03167063185871056 0.8241712391403749 0.05015432098765433 0.10493827160493831
0 0.3241067601165981 0.8277796829751563 0.047067901234567895 0.11316872427983544
0 0.5316698281035666 0.7038122999542753 0.0489969135802469 0.11728395061728392
0 0.7913215877914951 0.8570868579484834 0.05864197530864206 0.09825102880658444
0 0.14548262817215363 0.6806608177107148 0.05054012345679012 0.11368312757201651
0 0.38197766632373115 0.8241826703246456 0.047839506172839524 0.11728395061728392
0 0.43676429612482853 0.692493998628258 0.05169753086419754 0.11574074074074074
0 0.09031019590192045 0.6806622466087486 0.046682098765432105 0.11522633744855969
0 0.4965580525548697 0.8370403711324493 0.04359567901234564 0.11471193415637862
0 0.43252234439300413 0.8257363587867703 0.0543981481481481 0.1286008230452674
0 0.5521133401920438 0.8550382944673068 0.04320987654320992 0.10802469135802466
0 0.020863340192043896 0.6765484491693341 0.04320987654320988 0.11676954732510275
0 0.20681691529492455 0.6883830589849107 0.03858024691358028 0.12037037037037047
0 0.6828968942901235 0.857102099527511 0.03819444444444445 0.11471193415637852
0 0.8584447873799725 0.8750781130925164 0.0493827160493827 0.08436213991769545
0 0.9232636209705074 0.8601666095107453 0.05516975308641984 0.09104938271604932
0 0.7338268389917696 0.8555493636640755 0.04398148148148143 0.10442386831275735
0 0.7728030692729766 0.7475118122237464 0.0586419753086419 0.09053497942386815
0 0.8599893368484225 0.7588448788294467 0.05131172839506175 0.10802469135802475
0 0.919019257973251 0.7583328570339886 0.0543981481481481 0.11059670781893005
0 0.9502647033607682 0.431668667123914 0.047839506172839365 0.09104938271604932
0 0.9695427704903977 0.18062604785855815 0.030478395061728412 0.07613168724279835
0 0.9683861668381345 0.2639684308794391 0.031635802469135714 0.08590534979423868
0 0.24230913494513032 0.12303050221002897 0.036265432098765475 0.09516460905349797
0 0.6146219135802469 0.20641432327389117 0.055555555555555476 0.14969135802469138
0 0.4919281550068587 0.6981514822435605 0.04320987654320984 0.11471193415637862
0 0.41364106438614545 0.40284779378143576 0.08757716049382722 0.07561728395061725
0 0.30367771562071333 0.4043771909769852 0.0736882716049383 0.06069958847736624
0 0.5077452524862827 0.401297915714068 0.04205246913580238 0.06841563786008233
