0 0.46266744898834017 0.646834514555708 0.1300154320987654 0.24794238683127576
0 0.06992964463305898 0.0007582685566224661 0.14313271604938274 0.26337448559670784
0 0.14707192001028807 0.31402225270538026 0.11689814814814815 0.25514403292181076
0 0.2720756708676269 0.3140279682975156 0.12229938271604933 0.26131687242798357
0 0.5814825531550069 0.35463248742569725 0.11265432098765436 0.22530864197530862
0 0.44453178583676267 0.3171115302545344 0.12577160493827166 0.2582304526748971
0 0.07644702717764061 0.6231190938881267 0.08371913580246912 0.19084362139917704
0 0.22655419453017833 0.03210924401768023 0.12692901234567902 0.23353909465020578
0 0.40010931069958844 0.3047467992684042 0.04629629629629635 0.2376543209876543
0 0.000424650634430727 0.3515203475080018 0.05594135802469136 0.1975308641975308
0 0.9209619341563786 0.010535265203475079 0.07407407407407413 0.2669753086419753
0 0.712607435270919 0.009996094345374181 0.04359567901234571 0.24022633744855967
0 0.8576782728909466 0.0007620789513793629 0.056712962962963014 0.2674897119341564
0 0.7643298825445817 0.005258821063862216 0.07947530864197525 0.12397119341563788
0 0.30141407321673525 0.6406745351318396 0.14737654320987656 0.2618312757201647
0 0.16290402091906722 0.6303888507849413 0.13734567901234568 0.26440329218107006
0 0.005516171553497942 0.9295877152873037 0.16550925925925927 0.06584362139917703
0 0.05169753086419753 0.25462962962962965 0.0 0.0
0 0.0038974086934156376 0.11844754991617133 0.05671296296296296 0.14557613168724282
0 0.9005173503943757 0.6725756363359243 0.07831790123456793 0.27057613168724276
0 0.6108129179526748 0.6411532159731748 0.12615740740740747 0.22325102880658435
0 0.3569074717078189 0.02953103566529492 0.057870370370370315 0.2268518518518519
0 0.8958751286008231 0.3140517832647462 0.06018518518518508 0.2870370370370371
0 0.9606754758230452 0.31713677411979885 0.0393518518518519 0.28549382716049393
