0 0.0013677988067292645 0.1287428273343766 0.0682218309859155 0.23943661971830987
0 0.07801496478873239 0.1305077377847331 0.15845070422535212 0.2441314553990611
0 0.2597161091549296 0.13519224917405667 0.047535211267605605 0.232981220657277
0 0.31303978384194053 0.1275805294731351 0.14348591549295772 0.2517605633802817
0 0.4613055066510172 0.12758324639193183 0.05457746478873244 0.2546948356807512
0 0.521670517899061 0.1275816162406538 0.14920774647887325 0.25293427230046944
0 0.6801245843114241 0.1258270300817249 0.15404929577464782 0.2593896713615023
0 0.8459907448161189 0.167455116501478 0.057658450704225254 0.21772300469483571
0 0.914230303697183 0.17391160233002956 0.08318661971830986 0.21889671361502344
0 0.003581646126760564 0.5242957746478873 0.08714788732394367 0.25352112676056343
0 0.11138069737871675 0.5735257998608938 0.03609154929577464 0.1825117370892019
0 0.15106397936228483 0.5735274300121719 0.13776408450704228 0.1842723004694835
0 0.29675151604068856 0.5770507303077725 0.1390845070422535 0.18661971830985918
0 0.4450169331964006 0.5442330681620587 0.04973591549295778 0.23650234741784035
0 0.5040569371087636 0.5395355155625108 0.13776408450704222 0.2335680751173709
0 0.6528324897300469 0.5383824552251782 0.14920774647887325 0.255868544600939
0 0.8393843529929579 0.5530462093548948 0.051496478873239465 0.2476525821596244
0 0.8992777410993741 0.5542188315075639 0.10079225352112675 0.24647887323943668
0 0.009929149550078247 0.8669003216831855 0.3543133802816902 0.12558685446009377
0 0.37340357247652584 0.8440352764736567 0.23635563380281696 0.1496478873239437
0 0.6106547706377151 0.8440379933924536 0.25836267605633806 0.15258215962441304
