0 0.03221739289906103 0.11986393670665971 0.12544014084507044 0.15727699530516429
0 0.15986587930359938 0.11517073117718657 0.13644366197183097 0.15903755868544603
0 0.30115353579812204 0.10872674317509999 0.1399647887323944 0.17136150234741784
0 0.4446363947574335 0.12280581637976003 0.13556338028169013 0.16549295774647887
0 0.6022059003325507 0.1274919579203617 0.13424295774647893 0.15610328638497653
0 0.0009655589788732396 0.4285955703355938 0.12279929577464789 0.20715962441314545
0 0.1422758338223787 0.4268219657450878 0.1588908450704225 0.19307511737089192
0 0.3148101281298905 0.43033874543557643 0.15757042253521125 0.18838028169014082
0 0.0005162485328638498 0.3633172491740567 0.10959507042253522 0.058685446009389686
0 0.13434993642410015 0.36800502086593634 0.15404929577464788 0.05105633802816901
0 0.3082119889475743 0.36976395409494 0.16329225352112683 0.04929577464788729
0 0.4772251564945226 0.37269279255781607 0.16197183098591555 0.04342723004694833
0 0.4842664930555556 0.43034417927316987 0.1606514084507042 0.1942488262910798
0 0.6704448479068857 0.4362273952356112 0.15889084507042242 0.210093896713615
0 0.6788111918035993 0.37916068944531384 0.1641725352112677 0.056924882629108026
0 0.0009236844679186229 0.7220684446183272 0.0625 0.256455399061033
0 0.07533713566118935 0.7326193270735525 0.105193661971831 0.24295774647887325
0 0.18760300518388107 0.7361284993914102 0.14832746478873235 0.23004694835680758
0 0.3403318784233177 0.7326176969222745 0.14832746478873235 0.24119718309859142
0 0.5129162998826291 0.7730633802816902 0.2191901408450705 0.19014084507042253
0 0.7364393828247261 0.7742273082942097 0.12059859154929582 0.17957746478873243
0 0.942819285504695 0.7484263606329333 0.05413732394366188 0.20187793427230044
0 0.7645940312010956 0.1427208311597983 0.0999119718309858 0.12441314553990611
