0 0.33917904449588476 0.5681165218716658 0.08449074074074076 0.2325102880658437
0 0.11927056541495198 0.5665509259259259 0.08294753086419757 0.20833333333333334
0 0.42868521733539094 0.589696692577351 0.0844907407407408 0.20576131687242805
0 0.7373215663580246 0.5896862139917696 0.07638888888888905 0.19444444444444456
0 0.039019097222222215 0.5557436937966773 0.0763888888888889 0.20318930041152264
0 0.35189900548696845 0.28823635878677034 0.06790123456790123 0.184156378600823
0 0.6663274819958848 0.026391270385611947 0.06712962962962961 0.169238683127572
0 0.020116651663237308 0.26100680155464107 0.07908950617283951 0.220679012345679
0 0.35189177169067215 0.030998990245389418 0.057484567901234566 0.14557613168724282
0 0.27203066057956105 0.031511012040847435 0.057484567901234566 0.14300411522633746
0 0.41709747942386827 0.03408636259716507 0.06481481481481484 0.14660493827160495
0 0.19448865097736626 0.03562385688157293 0.06365740740740743 0.1404320987654321
0 0.21840331361454046 0.5469821673525378 0.05632716049382714 0.18518518518518517
0 0.4599121763545953 0.29591906721536354 0.05131172839506175 0.14814814814814814
0 0.7006625621570645 0.29848822588020113 0.06520061728395063 0.1450617283950618
0 0.13121141975308642 0.03819396814509984 0.05555555555555554 0.1383744855967078
0 0.6427809392146776 0.28511707437890565 0.048996913580246985 0.1486625514403292
0 0.022426643947187925 0.028435070873342475 0.07214506172839506 0.15432098765432098
0 0.27936117541152267 0.5567339201341259 0.05787037037037036 0.16152263374485598
0 0.00041125471536351165 0.5536889384240207 0.03665123456790123 0.2062757201646091
0 0.4915426204561043 0.027915428288370674 0.04359567901234564 0.1486625514403292
0 0.8144807205932785 0.0217687852461515 0.07445987654320985 0.17695473251028807
0 0.8233458719135803 0.5968911941777167 0.0625 0.19804526748971196
0 0.8889395254629631 0.027944482548392012 0.07291666666666667 0.18004115226337447
0 0.664397130058299 0.5876262193263222 0.06520061728395071 0.19187242798353915
0 0.7820625964506173 0.313422115531169 0.059027777777777776 0.16255144032921814
0 0.7396264681927298 0.02845126505105929 0.062114197530864126 0.1718106995884774
0 0.9035917138203018 0.6056184270690442 0.060956790123456825 0.1790123456790124
0 0.8572863082990396 0.3288413542142966 0.047839506172839524 0.1486625514403292
0 0.9170859589334707 0.3267775491540924 0.04822530864197524 0.14197530864197525
0 0.3588418424211248 0.846845469440634 0.06558641975308643 0.1486625514403293
0 0.18986786265432104 0.8340006287151348 0.0763888888888889 0.1651234567901235
0 0.2886263288751714 0.8514746227709191 0.06635802469135806 0.14814814814814806
0 0.439084201388889 0.8489111796982167 0.059027777777777776 0.15740740740740752
0 0.6593891996742113 0.8771676383173298 0.07600308641975309 0.1188271604938272
0 0.113467989111797 0.8375919257735102 0.06057098765432097 0.15483539094650212
0 0.7427077974965708 0.8807598879743941 0.05478395061728381 0.10956790123456804
0 0.05713279106652949 0.8303974241731444 0.048996913580246916 0.16255144032921798
0 0.00234562542866941 0.8411875095259869 0.04436728395061728 0.14917695473251047
0 0.6103708526234568 0.6498180536503582 0.04513888888888889 0.13683127572016465
0 0.8156442901234568 0.8633006591982928 0.08333333333333333 0.1424897119341564
0 0.5559413580246914 0.1368312757201646 0.0 0.0
0 0.969541430898491 0.023323426306965402 0.028549382716049364 0.18930041152263374
0 0.6362046146262003 0.008409541228471271 0.02353395061728397 0.1934156378600823
0 0.969539823388203 0.29850965935070867 0.026234567901234605 0.16820987654320996
0 0.9117125878772291 0.8596969783569578 0.08834876543209873 0.13940329218106995
