0 0.47410229606807514 0.4643719570509477 0.10167253521126757 0.18368544600938969
0 0.20036556142410017 0.21202073552425665 0.1461267605633803 0.17957746478873238
0 0.3874241979655712 0.22434630933750652 0.14436619718309857 0.18133802816901406
0 0.14576242175273865 0.44150147800382544 0.10915492957746478 0.20187793427230039
0 0.049805910113458536 0.4379732872543905 0.10079225352112674 0.1942488262910798
0 0.2566714959898278 0.44737002260476444 0.09991197183098591 0.20187793427230039
0 0.709162265258216 0.2542590419057555 0.13732394366197181 0.16314553990610328
0 0.4877698919209703 0.7630297991653626 0.13512323943661972 0.12852112676056332
0 0.570939089397496 0.47024158841940533 0.11003521126760568 0.18485915492957747
0 0.37463199334898284 0.45674121891844893 0.10387323943661973 0.18192488262910803
0 0.5423488849765259 0.22375130412102245 0.13732394366197173 0.17253521126760565
0 0.3887427865805947 0.1543976047643888 0.141725352112676 0.059272300469483556
0 0.046320850449921756 0.18151843157711703 0.15272887323943665 0.1948356807511737
0 0.6647043720657276 0.6004102547383064 0.13204225352112675 0.06279342723004683
0 0.6739506919992175 0.525298317683881 0.13688380281690135 0.06866197183098606
0 0.7923620280712051 0.0007091158059467919 0.15625 0.13204225352112675
0 0.21400350890062597 0.13796839680055642 0.13688380281690143 0.06220657276995307
0 0.5480716329225351 0.15850612936880543 0.13864436619718312 0.059859154929577454
0 0.5080243177816902 0.0006797730829420971 0.14656690140845058 0.10035211267605634
0 0.0692182609546166 0.0006455399061032865 0.16725352112676053 0.06338028169014084
0 0.8491209409233177 0.20076780125195617 0.12852112676056338 0.06866197183098587
0 0.6563468921165885 0.0006928142931664059 0.13952464788732408 0.11443661971830986
0 0.0009181827073552427 0.43680392540427754 0.0545774647887324 0.19894366197183094
0 0.1277248997456964 0.7630384933055122 0.12103873239436617 0.13791079812206578
0 0.8808043573943662 0.7265644018431577 0.11883802816901405 0.04166666666666656
0 0.7971815703247263 0.5968923882802991 0.12455985915492944 0.06631455399061026
0 0.8354842160602505 0.27127184402712573 0.1395246478873239 0.15669014084507035
0 0.8068661971830985 0.5270588810641629 0.12676056338028177 0.06866197183098585
0 0.7109240512519561 0.1767149191444966 0.13908450704225359 0.07746478873239435
0 0.35220590033255084 0.769492262215267 0.13424295774647887 0.13615023474178395
0 0.6162888791079811 0.7683163797600416 0.13204225352112675 0.13380281690140858
0 0.7412913243348982 0.7683201834463571 0.1355633802816903 0.13791079812206578
0 0.0071296703834115805 0.7196346287602156 0.12588028169014084 0.16314553990610323
0 0.8768424784820031 0.7653940619022779 0.11795774647887308 0.14671361502347413
0 0.34870005624021905 0.0036015475569466182 0.15625000000000003 0.08685446009389672
0 0.0022352430555555554 0.18913884541818815 0.04973591549295774 0.18544600938967137
0 0.9379832379694836 0.5382053121196313 0.0620598591549296 0.06455399061032865
0 0.919508020344288 0.5968983655016519 0.07746478873239432 0.07276995305164315
