0 0.0022462465766823164 0.09519974786993567 0.06558098591549297 0.13967136150234744
0 0.05859130477308294 0.08874760911145887 0.07570422535211267 0.14319248826291078
0 0.015902227601721438 0.24428305946791865 0.08230633802816902 0.16373239436619716
0 0.0916024794600939 0.24838452008346376 0.07658450704225352 0.1566901408450704
0 0.1739057609546166 0.23782657363936704 0.07218309859154927 0.16255868544600943
0 0.2469614999021909 0.22902375673795863 0.06117957746478871 0.16255868544600938
0 0.3270607149843506 0.20966136324117543 0.051936619718309825 0.16666666666666666
0 0.3790083382237871 0.22140171274560946 0.06778169014084506 0.17018779342723003
0 0.4503117664319249 0.21846146322378718 0.06866197183098587 0.1637323943661972
0 0.5211738311815336 0.22315901582333506 0.06778169014084506 0.16666666666666669
0 0.5911501124804383 0.17506085898104676 0.058978873239436624 0.1924882629107981
0 0.6558550958528951 0.17623456790123454 0.06514084507042257 0.1924882629107981
0 0.7302337025625977 0.18091962267431752 0.057658450704225414 0.18192488262910803
0 0.8046196449530517 0.18972841679707875 0.06073943661971823 0.18838028169014087
0 0.7663487871674493 0.08753586332811684 0.09154929577464783 0.10211267605633802
0 0.8983791202073553 0.045363306381498866 0.07438380281690134 0.18955399061032865
0 0.8768030491979657 0.21552719092331768 0.06117957746478864 0.16373239436619716
0 0.04184455692488263 0.45313532429142755 0.04489436619718309 0.09037558685446014
0 0.08895338174882629 0.4619435750304295 0.06470070422535211 0.09624413145539905
0 0.006656213321596243 0.6004760041731874 0.07790492957746478 0.13380281690140836
0 0.07443698650234742 0.5629243827160495 0.07658450704225352 0.14143192488262898
0 0.16906512861893583 0.45904407929055824 0.07350352112676056 0.1338028169014084
0 0.17609851819248826 0.5928305946791862 0.06073943661971833 0.11619718309859153
0 0.24476232394366196 0.5688027082246565 0.0633802816901408 0.15199530516431928
0 0.26191834164710487 0.4549067553468962 0.049735915492957694 0.10211267605633807
0 0.3147382995892019 0.4578410276473657 0.05413732394366192 0.10211267605633802
0 0.3138586292057903 0.5570487741262389 0.0550176056338028 0.13380281690140836
0 0.37019849129499216 0.5646985306903147 0.05765845070422534 0.15610328638497648
0 0.42786213810641627 0.564708311597983 0.06514084507042257 0.16666666666666657
0 0.4908001393779343 0.5723303555903321 0.0620598591549296 0.15903755868544595
0 0.5563835705203444 0.567638780212137 0.0655809859154929 0.16255868544600938
0 0.6228448381259781 0.5447737350026083 0.06558098591549298 0.1866197183098591
0 0.37107968994522694 0.4607780168666319 0.058978873239436624 0.10504694835680747
0 0.4357800885172144 0.4531505390366892 0.058538732394366216 0.10680751173708924
0 0.4978384194053208 0.46370685532950784 0.05633802816901413 0.09917840375586867
0 0.5598988898669798 0.4590163667188315 0.05721830985915485 0.10387323943661979
0 0.619758044796557 0.4619229264475743 0.05721830985915501 0.07394366197183104
0 0.6818163756846636 0.5030815292992523 0.055017605633802764 0.15903755868544603
0 0.7619158964201878 0.5676300860719874 0.04621478873239448 0.15316901408450703
0 0.808141688673709 0.588755759867849 0.0620598591549296 0.15199530516431928
0 0.1096497823748044 0.8005683794122761 0.07878521126760563 0.10680751173708919
0 0.23376399892410013 0.8246576682316119 0.070862676056338 0.1373239436619719
0 0.3010908768583724 0.8158472439575725 0.04973591549295778 0.12910798122065742
0 0.3556729264475743 0.823493196835333 0.05633802816901405 0.1473004694835679
0 0.41420921361502355 0.8141236306729265 0.05281690140845067 0.16901408450704214
0 0.46923568319640063 0.8399349026256303 0.06558098591549298 0.15786384976525808
0 0.5370115659233177 0.8411096983133368 0.05721830985915493 0.15903755868544603
0 0.5981914490414711 0.8399370761606677 0.05765845070422534 0.16021126760563378
0 0.6840207477503912 0.838178142931664 0.06029929577464783 0.1619718309859155
0 0.7460637959702662 0.8323003608068161 0.036091549295774586 0.15199530516431917
0 0.7944844850352114 0.8323150321683185 0.043573943661971745 0.16784037558685452
0 0.8442259022887324 0.8411096983133368 0.051496478873239465 0.15903755868544603
0 0.9331386321400625 0.8927028994957399 0.057658450704225254 0.10504694835680747
0 0.8891260758998436 0.45784646148495917 0.05985915492957743 0.10798122065727693
0 0.7412402802230046 0.45780462093548946 0.0620598591549296 0.06279342723004694
