0 0.3063964079616588 0.659742327421318 0.08406690140845074 0.1273474178403756
0 0.43182523963223785 0.881573313336811 0.06778169014084506 0.1273474178403756
0 0.21879707061815337 0.6732459572248305 0.06778169014084506 0.13380281690140847
0 0.28613923122065726 0.4589875673795862 0.06866197183098595 0.07276995305164309
0 0.29098047486306733 0.10511324117544775 0.06822183098591547 0.07159624413145539
0 0.6716913023278559 0.35981405407755174 0.05237676056338043 0.07805164319248824
0 0.7637657105829421 0.4748712180490349 0.1747359154929577 0.11443661971830982
0 0.7936714470852896 0.34634954790471223 0.14040492957746473 0.11384976525821594
0 0.5937906518974961 0.16380031733611547 0.058538732394366216 0.0733568075117371
0 0.20602656739045383 0.468371804903495 0.058538732394366216 0.06690140845070423
0 0.21086933929968701 0.5376195444270562 0.06029929577464791 0.06572769953051649
0 0.13868348982785603 0.47012965136498 0.05633802816901411 0.06396713615023478
0 0.5981877812010955 0.3733046426708399 0.05237676056338027 0.07042253521126761
0 0.3649186350743349 0.5458300730307772 0.06029929577464783 0.05985915492957737
0 0.8415853628716745 0.16731438010780736 0.051936619718309866 0.06572769953051644
0 0.13604142214397497 0.6966782950791167 0.05457746478873242 0.08861502347417838
0 0.037010954616588425 0.7043264214919144 0.056338028169014086 0.10915492957746488
0 0.4384236844679187 0.17435880716397148 0.0625 0.068075117370892
0 0.5061931484741783 0.6714294253173361 0.04489436619718311 0.07335680751173701
0 0.06957343016431926 0.19723852373500259 0.0448943661971831 0.05985915492957748
0 0.8345434150039124 0.08633172491740566 0.05237676056338027 0.06924882629107983
0 0.5141254645931143 0.16791101547556944 0.058978873239436624 0.07629107981220658
0 0.6787393632629107 0.5282282429142758 0.06073943661971839 0.06396713615023478
0 0.6633332110719875 0.17024158841940534 0.058978873239436624 0.05809859154929574
0 0.3600770857785602 0.3914878934098418 0.06029929577464791 0.0604460093896714
0 0.6096326657863851 0.5381993348982785 0.05413732394366188 0.05809859154929577
0 0.5070789319248826 0.30815456007650843 0.05281690140845075 0.06044600938967135
0 0.0691378741197183 0.4713093375065206 0.05149647887323943 0.07042253521126761
0 0.44898767605633805 0.45545502956007655 0.06338028169014089 0.06044600938967135
0 0.06870078980829421 0.552282211789254 0.05589788732394366 0.056338028169014155
0 0.022919111893583723 0.2048660015649452 0.04577464788732395 0.05809859154929584
0 0.18710234497261344 0.19018920622500432 0.061179577464788755 0.0522300469483568
0 0.6589379156885758 0.08867642583898452 0.06778169014084506 0.06631455399061031
0 0.6791736966940533 0.45192901234567906 0.05237676056338027 0.055164319248826255
0 0.5224866123826291 0.38385824204486174 0.05677816901408453 0.05985915492957753
0 0.5348056655907668 0.5405489262736916 0.04973591549295778 0.06044600938967135
0 0.29273431386932713 0.5469994348808902 0.05853873239436618 0.05516431924882631
0 0.5031234717331768 0.08222374369674838 0.06117957746478879 0.0692488262910798
0 0.43269940825508607 0.09278386367588246 0.0589788732394367 0.06572769953051642
0 0.14439981905320814 0.54172209181012 0.04841549295774647 0.05985915492957748
0 0.4525045236697966 0.5458197487393497 0.05721830985915485 0.04870892018779342
0 0.12239124853286384 0.19137323943661974 0.046214788732394374 0.06338028169014083
0 0.29625452366979654 0.40204692662145713 0.05721830985915497 0.05575117370892023
0 0.43577305848982784 0.309332616066771 0.04841549295774649 0.06514084507042257
0 0.941056276897496 0.33990392975134753 0.050616197183098656 0.12441314553990614
0 0.9300686497456964 0.16144311858807164 0.0735035211267607 0.06279342723004694
0 0.75708535064554 0.16261030690314726 0.0620598591549296 0.05575117370892021
0 0.12680916226525824 0.9061847939488784 0.0699823943661972 0.08802816901408461
0 0.3178373190532081 0.9067662145713788 0.08010563380281698 0.0821596244131457
0 0.0295481220657277 0.9085387323943662 0.08450704225352114 0.09507042253521127
0 0.21484436130672924 0.9015051730133891 0.08010563380281693 0.1044600938967135
0 0.5955588566118937 0.9014975656407581 0.06954225352112675 0.0962441314553989
0 0.5123731538536777 0.902660406885759 0.07086267605633796 0.08450704225352107
0 0.6862349007237871 0.9014883281168493 0.07966549295774657 0.08626760563380269
0 0.8794851574726134 0.8874282733437664 0.12059859154929582 0.1126760563380281
0 0.8050610084115806 0.8915194096678839 0.0625 0.09448356807511739
0 0.004864778951486697 0.06991175447748217 0.03345070422535211 0.08215962441314556
0 0.05020325948748043 0.07342364371413668 0.03917253521126761 0.07218309859154928
0 0.1320816828051643 0.056395083463745437 0.05677816901408453 0.06161971830985914
0 0.19941925860719875 0.06109154929577465 0.05105633802816902 0.06338028169014084
0 0.19941834164710484 0.1285716614501826 0.049735915492957736 0.05457746478873241
0 0.13912240805946793 0.13033059467918623 0.05457746478873238 0.052816901408450724
0 0.36402857247652587 0.12447563467223091 0.04621478873239432 0.06748826291079811
0 0.3015389646909233 0.18139943053382024 0.061179577464788755 0.06631455399061031
0 0.5849908915297338 0.07636552338723701 0.06294014084507056 0.08039906103286386
0 0.756640625 0.08280788123804556 0.05545774647887324 0.06631455399061031
0 0.9212646102308294 0.10392214397496087 0.07174295774647893 0.05281690140845071
0 0.7751234839593114 0.010031950965049557 0.051056338028169064 0.059859154929577454
0 0.833233995989828 0.008267583898452445 0.06822183098591555 0.05575117370892019
0 0.9476586952269171 0.47194237958615887 0.051056338028169064 0.12030516431924888
0 0.6069985450899843 0.45136552338723696 0.06382042253521136 0.08039906103286378
0 0.5295273376369326 0.45605057816031996 0.054577464788732516 0.0698356807511738
0 0.4542592796361503 0.3897343940184316 0.04885563380281689 0.06807511737089203
0 0.3675506161971831 0.3281103286384976 0.047535211267605605 0.06338028169014086
0 0.301535908157277 0.3251787732568248 0.056778169014084494 0.06631455399061037
0 0.36623508411580596 0.47306501043296817 0.05457746478873236 0.06514084507042246
0 0.0594584433685446 0.40675154320987655 0.05677816901408451 0.06631455399061031
0 0.00619803892801252 0.408516453660233 0.051936619718309866 0.07100938967136149
0 0.00839721488654147 0.4795128021213702 0.04973591549295776 0.056924882629108026
0 0.011913451193270736 0.5475895496435401 0.04269366197183098 0.05868544600938964
0 0.40805060397104853 0.672625412971657 0.05765845070422534 0.09741784037558696
