0 0.38894434799382716 0.29645204618198445 0.0798611111111111 0.1682098765432099
0 0.493115033436214 0.6004810623380583 0.08564814814814817 0.1862139917695473
0 0.5764440800754458 0.2697559442158207 0.0794753086419754 0.22530864197530867
0 0.19682248799725655 0.6025167657369305 0.09104938271604937 0.16255144032921798
0 0.2161053776577503 0.3216506630086877 0.08063271604938274 0.16049382716049382
0 0.31795079946844995 0.6097179355281208 0.07137345679012341 0.16203703703703703
0 0.4753632973251029 0.26718392775491545 0.07870370370370373 0.22530864197530867
0 0.6755982617455418 0.2687147538484988 0.0837191358024692 0.2119341563786008
0 0.608853630829904 0.5958504801097393 0.08256172839506175 0.18518518518518529
0 0.30252352323388204 0.30726880429812525 0.07831790123456793 0.183641975308642
0 0.708382094478738 0.5783593392775492 0.07021604938271603 0.183641975308642
0 0.025198259602194788 0.5943215592135345 0.1743827160493827 0.20061728395061726
0 0.13006740826474625 0.310358558146624 0.07484567901234568 0.18724279835390953
0 0.04672898448216734 0.29284550754458155 0.06751543209876543 0.16203703703703703
0 0.40400028935185184 0.6071563976527968 0.09375 0.17335390946502052
0 0.5027681327160494 0.10139650967840268 0.09722222222222222 0.06378600823045269
0 0.5189753193587106 0.0232091144642585 0.10223765432098769 0.06584362139917696
0 0.3272022890946502 0.015558318091754304 0.060185185185185196 0.13631687242798354
0 0.6184748478223594 0.09573045267489712 0.048225308641975315 0.055555555555555566
0 0.4024222500857339 0.04177145252248133 0.04359567901234564 0.1131687242798354
0 0.06292411479766803 0.0376495579942082 0.055169753086419755 0.10596707818930041
0 0.7666511274005486 0.2856867283950617 0.0887345679012346 0.2083333333333333
0 0.7636038237311386 0.05514069882639842 0.14506172839506173 0.10751028806584363
0 0.8603877314814814 0.26563547858558145 0.06944444444444445 0.21965020576131689
0 0.9163349837105623 0.054110939643347046 0.07793209876543207 0.10648148148148147
0 0.9398560742455417 0.27128629401005944 0.05941358024691365 0.21141975308641975
0 0.3240971150548697 0.8961753162627648 0.03317901234567901 0.09156378600823037
0 0.3646085176611797 0.8951531778692272 0.0362654320987654 0.0987654320987654
0 0.08840663580246913 0.8725456294772139 0.08333333333333333 0.12705761316872413
0 0.20490156678669408 0.899256973022405 0.05825617283950619 0.08641975308641968
0 0.4831342699759945 0.9506549115988417 0.15779320987654324 0.04063786008230455
0 0.49663226594650206 0.8791514250876391 0.15046296296296294 0.03909465020576127
0 0.40049055855624144 0.9085095640908398 0.0397376543209877 0.07921810699588466
0 0.2777973358196159 0.8956647233653408 0.02816358024691357 0.09567901234567905
0 0.01277300883058985 0.8853876124066453 0.059799382716049385 0.1075102880658436
0 0.7863187478566529 0.6205027815881725 0.07677469135802475 0.14300411522633746
0 0.8523008830589848 0.8426254572473708 0.09104938271604952 0.03549382716049386
0 0.8800679441015089 0.8925301973784484 0.0756172839506173 0.0437242798353909
0 0.1343816979595336 0.03202017604023777 0.17631172839506173 0.13734567901234565
0 0.8827613275891633 0.5659988949855206 0.06520061728395063 0.16769547325102868
0 0.7276612332818929 0.8674068358481938 0.0543981481481481 0.13271604938271608
