0 0.6081310549554184 0.6550306736777929 0.15316358024691348 0.21090534979423872
0 0.356527831361454 0.4363068701417467 0.06674382716049389 0.10030864197530863
0 0.773629597479424 0.6437052278616064 0.13773148148148143 0.20164609053497948
0 0.4873041516632374 0.43064081313824115 0.05131172839506159 0.09207818930041142
0 0.4271152156207133 0.4218945282731291 0.045910493827160476 0.0905349794238683
0 0.2920854230967078 0.3159379286694101 0.04745370370370373 0.10185185185185185
0 0.4178618505658436 0.31336734110653863 0.054398148148148175 0.10339506172839508
0 0.5837657536008231 0.19604147614692885 0.06712962962962968 0.05812757201646085
0 0.29594157235939644 0.4234396433470507 0.044753086419753056 0.09259259259259259
0 0.7168933256172839 0.587997256515775 0.10416666666666667 0.03703703703703714
0 0.36306879072359394 0.3138836495960981 0.04128086419753095 0.10545267489711936
0 0.2195620606138546 0.42600975461057766 0.058256172839506154 0.09053497942386836
0 0.5625337577160494 0.4275510592897424 0.04861111111111119 0.08847736625514396
0 0.23112675754458162 0.3179888736473099 0.044753086419753056 0.09465020576131683
0 0.6292861582647463 0.45273919753086417 0.06095679012345675 0.0694444444444445
0 0.7025996120541838 0.3318687128486511 0.07677469135802469 0.08487654320987656
0 0.4853810335219479 0.33443072702331966 0.05979938271604929 0.07407407407407403
0 0.2338651513203018 0.9208295229385765 0.09915123456790123 0.051440329218106984
0 0.5308909893689987 0.9403901844231062 0.03858024691358024 0.06584362139917703
0 0.26014955204046636 0.6432027320530407 0.17091049382716048 0.21450617283950613
0 0.4298994234396434 0.6504077122389881 0.1662808641975308 0.21810699588477364
0 0.9178811406893004 0.6457571254381955 0.08217592592592587 0.19547325102880644
0 0.34265314214677645 0.9506601508916325 0.08719135802469134 0.046296296296296294
0 0.0005023469650205761 0.7902730147843317 0.1678240740740741 0.1615226337448561
0 0.0653021583504801 0.568560909160189 0.14621913580246915 0.15689300411522636
0 0.0005125278635116598 0.37972393689986284 0.1824845679012346 0.10185185185185185
0 0.0811248821159122 0.22537198978814207 0.15316358024691357 0.0684156378600823
0 0.6624724044067215 0.19243684270690445 0.0713734567901235 0.0540123456790123
0 0.746957518861454 0.18523614921505868 0.06327160493827175 0.0550411522633745
0 0.8156284829389575 0.18884506934918457 0.06057098765432095 0.06378600823045268
0 0.846110093021262 0.2526272671848803 0.06520061728395063 0.05967078189300413
0 0.7550684799382716 0.2582804641060814 0.0763888888888889 0.05401234567901233
0 0.6686436364026064 0.26239854823959763 0.06905864197530857 0.05709876543209878
0 0.5760572059327846 0.27421886907483617 0.07793209876543214 0.045267489711934124
0 0.5926531421467763 0.34061213991769546 0.08719135802469134 0.08333333333333333
0 0.7982807677469135 0.3344359663161104 0.07986111111111127 0.07973251028806581
0 0.8827473958333333 0.33804155235482397 0.04513888888888889 0.0848765432098765
0 0.5880095807613169 0.1322426078341716 0.06712962962962961 0.04423868312757201
