0 0.38170970266040694 0.20687978177708224 0.1549295774647888 0.3315727699530516
0 0.8407600987871675 0.6411401278038602 0.13116197183098596 0.3186619718309858
0 0.1220201853482003 0.23034526604068856 0.14568661971830985 0.32218309859154926
0 0.6823148963223786 0.2508759346200661 0.13908450704225367 0.3122065727699532
0 0.17349710240610328 0.6493713049904364 0.11751760563380285 0.33509389671361495
0 0.5405932120500783 0.25205127369153185 0.14436619718309865 0.31396713615023475
0 0.8187555017605633 0.2667117675186924 0.13468309859154934 0.30223004694835676
0 0.6981611893583725 0.6429050382542165 0.14084507042253527 0.32335680751173723
0 0.5577571767410016 0.6411488219440097 0.14216549295774655 0.3280516431924882
0 0.29153554137323945 0.6485491653625457 0.23371478873239443 0.08098591549295775
0 0.42262476770344287 0.7414150799860894 0.12896126760563378 0.23532863849765262
0 0.10303513791079812 0.6581703182055295 0.06073943661971831 0.33098591549295786
0 0.07574273767605634 0.26201421491914445 0.05545774647887324 0.2992957746478873
0 0.2703155565336463 0.3036455616414537 0.09947183098591551 0.261150234741784
0 0.2993752445226917 0.7502168101199791 0.11443661971830983 0.23415492957746467
