0 0.46381628300754457 0.8190976985215669 0.11766975308641968 0.1810699588477366
0 0.9012889553326475 0.09841868617588784 0.07831790123456793 0.18106995884773663
0 0.7840221514917697 0.11384887974394146 0.1030092592592592 0.17901234567901234
0 0.3951337984396434 0.504830627953056 0.10378086419753087 0.21707818930041142
0 0.8542352537722908 0.5048701607986588 0.0987654320987654 0.2597736625514403
0 0.3588453253600823 0.09852490092973633 0.0706018518518519 0.2957818930041152
0 0.32571855709876546 0.8160122313671697 0.14583333333333334 0.18209876543209874
0 0.43488297325102876 0.09543324188385917 0.12037037037037047 0.29012345679012347
0 0.736568447788066 0.5130687014174669 0.1030092592592592 0.22530864197530856
0 0.24311289008916323 0.8108748666361835 0.08256172839506175 0.18930041152263374
0 0.31139778377914956 0.5161374980948026 0.07947530864197525 0.2062757201646091
0 0.16517757630315502 0.08923372961438805 0.07793209876543208 0.2613168724279835
0 0.16556043167009601 0.4966068434689833 0.07368827160493828 0.22427983539094645
0 0.24232199502743482 0.4960919638774577 0.054783950617283965 0.2237654320987655
0 0.5637340320644719 0.09595669486358786 0.11033950617283944 0.2998971193415638
0 0.06256885502400548 0.5048253886602652 0.09915123456790123 0.2114197530864197
0 0.27590020576131685 0.10259440253010213 0.07407407407407413 0.24639917695473254
0 0.5197455847050755 0.5135907254991616 0.10030864197530866 0.23353909465020573
0 0.07297828789437587 0.07637317101051669 0.08873456790123456 0.26080246913580246
0 0.6968117712620028 0.12886183508611493 0.07561728395061722 0.28189300411522633
0 0.6242843900034294 0.5182013031550069 0.08063271604938278 0.21296296296296297
0 0.5838110318072702 0.8190976985215669 0.13233024691358025 0.1810699588477366
0 0.15168225951646092 0.810360939643347 0.08912037037037034 0.18981481481481483
0 0.717285558127572 0.8545586610272824 0.11342592592592587 0.14557613168724284
0 0.8349456661522633 0.8190934118274653 0.09953703703703698 0.17644032921810698
