0 0.44512788536776215 0.62342092679534 0.20950704225352107 0.19600938967136144
0 0.11290040590766824 0.33476677969048857 0.3230633802816901 0.2805164319248827
0 0.6603595094874805 0.618735872022257 0.21346830985915502 0.20657276995305163
0 0.43809388448748043 0.38226558424621804 0.22139084507042256 0.24119718309859153
0 0.6779737015845071 0.39926534515736395 0.22579225352112667 0.22065727699530507
0 0.7483448870305163 0.0007341114588767171 0.1518485915492958 0.159037558685446
0 0.11641664221439751 0.6093364197530865 0.3160211267605634 0.19600938967136144
0 0.5422889769170579 0.000728677621283255 0.05105633802816898 0.15316901408450706
0 0.2007402924491393 0.0007313945400799861 0.05193661971830991 0.15610328638497653
0 0.5956102063771519 0.003073921926621457 0.14348591549295753 0.15082159624413147
0 0.3839088786189358 0.0007297643888019475 0.1527288732394367 0.15434272300469482
0 0.9093728604264476 0.0007357416101547558 0.06029929577464783 0.16079812206572772
0 0.8689291128716745 0.6263535689445313 0.13116197183098596 0.19424882629107992
0 0.6502359643974962 0.8240550556424969 0.21302816901408453 0.12030516431924873
0 0.14633277093114241 0.800580877238741 0.2966549295774648 0.12030516431924883
0 0.4486419821009389 0.819357503042949 0.1993838028169015 0.11737089201877937
0 0.8610120794209704 0.8205426230220831 0.1390845070422535 0.12969483568075107
0 0.037523535309076685 0.007183533298556773 0.16065140845070427 0.15258215962441316
0 0.25405051838810644 0.005420252999478352 0.12852112676056335 0.14964788732394366
0 0.0005171654929577465 0.39458355068683704 0.11091549295774648 0.23474178403755874
0 0.002727650625978091 0.6322085289514867 0.125 0.17957746478873232
0 0.0027374315336463222 0.8070205181707529 0.13908450704225353 0.10328638497652576
0 0.8992777410993741 0.3746348461137194 0.10079225352112675 0.23943661971830993
