0 0.5885306631455398 0.5828953660233002 0.0897887323943663 0.16079812206572774
0 0.47762556240219095 0.5823106850982437 0.10475352112676053 0.16314553990610334
0 0.5770918916275432 0.3434891757955138 0.0968309859154929 0.19366197183098596
0 0.6774299442488263 0.3253200530342549 0.07658450704225352 0.21889671361502352
0 0.1149782374804382 0.5764513780212137 0.14612676056338028 0.17312206572769956
0 0.1655699823943662 0.31534461398017744 0.11091549295774651 0.2200704225352112
0 0.26590528413536774 0.5899338158581117 0.08670774647887325 0.15669014084507046
0 0.35394170579029727 0.582898082942097 0.09859154929577471 0.16373239436619733
0 0.7747047388497652 0.5881602112676056 0.08186619718309866 0.14260563380281685
0 0.4626659697769953 0.3464207311771865 0.11223591549295785 0.19072769953051644
0 0.046747236893583725 0.13333442010085203 0.1329225352112676 0.1279342723004695
0 0.05993006651017214 0.33174773952356107 0.10211267605633804 0.18896713615023478
0 0.27869107003129884 0.33762715179968705 0.11795774647887325 0.2007042253521126
0 0.8596571180555556 0.5875722700399931 0.08934859154929566 0.1414319248826291
0 0.6822803574921752 0.5852324595722483 0.08934859154929582 0.1496478873239436
0 0.5406039099178404 0.13042731698834983 0.15977112676056338 0.15727699530516429
0 0.7584247236893582 0.3270778994957399 0.08934859154929582 0.215962441314554
0 0.5933627371870109 0.7994816118935838 0.07614436619718302 0.2007042253521126
0 0.6747979631259782 0.8041644931316293 0.08934859154929574 0.18779342723004694
0 0.5154559736893584 0.8041682968179447 0.07350352112676062 0.19190140845070425
0 0.4186396591353677 0.8012356546687533 0.0946302816901408 0.19366197183098596
0 0.2557814333920188 0.831728721091984 0.08582746478873236 0.16842723004694837
0 0.16247677034428795 0.8305560989393149 0.09330985915492959 0.16960093896713613
0 0.3442393510367762 0.8176572552599547 0.070862676056338 0.1825117370892019
0 0.057289527093114245 0.8094450965049558 0.10255281690140844 0.1866197183098591
0 0.769425799589202 0.7894996522343941 0.08582746478873228 0.19483568075117358
0 0.002236771322378717 0.8047546078942792 0.05193661971830986 0.19131455399061037
0 0.858764915884194 0.7877325682490002 0.07218309859154932 0.18779342723004705
0 0.00047681924882629113 0.11457355242566511 0.0528169014084507 0.14788732394366194
0 0.8539450679773083 0.34759063641105903 0.10343309859154932 0.18661971830985916
0 0.0035578051643192494 0.3376135672057034 0.05281690140845071 0.18603286384976522
0 0.0027035040101721437 0.5852460441662319 0.09022887323943662 0.1643192488262911
