0 0.000566681338028169 0.006123934967831681 0.18221830985915488 0.2758215962441315
0 0.27742108030125195 0.1762220700747696 0.19058098591549294 0.17899061032863853
0 0.5009352992957746 0.045454051469309684 0.079225352112676 0.28755868544600943
0 0.6581563600352114 0.0006585811163275952 0.20994718309859148 0.07746478873239437
0 0.6625528780320813 0.08283994087984697 0.2029049295774648 0.10093896713615022
0 0.6502322965571206 0.1914161667536081 0.20774647887323938 0.10974178403755867
0 0.6524281103286385 0.30290873326378015 0.20070422535211271 0.09917840375586856
0 0.8689291128716745 0.07403658059467919 0.13116197183098596 0.10035211267605634
0 0.8711282888302035 0.17908787602156145 0.12896126760563378 0.1050469483568075
0 0.8680494424882629 0.28471950530342544 0.13204225352112675 0.10269953051643194
0 0.002343444346635368 0.3793688054251434 0.20554577464788729 0.2816901408450705
0 0.2751476305751173 0.565880933750652 0.08582746478873243 0.16549295774647882
0 0.3658157276995306 0.5676458442010085 0.08450704225352107 0.17018779342723
0 0.45471898229655716 0.5723347026604069 0.07702464788732391 0.16373239436619721
0 0.38253191021126753 0.4953676534515737 0.07130281690140844 0.06748826291079821
0 0.28878955154538344 0.49829812206572766 0.08230633802816902 0.0633802816901408
0 0.5585803012519561 0.4456637976004173 0.05985915492957743 0.2605633802816901
0 0.6351648082942097 0.4579986089375761 0.05985915492957743 0.272300469483568
0 0.6985872701486698 0.44733741957920364 0.12059859154929574 0.1666666666666667
0 0.8240414710485132 0.4502456094592244 0.14084507042253527 0.13849765258215965
0 0.924344984839593 0.5946172404799166 0.07086267605633813 0.14436619718309865
0 0.006783976428012519 0.8053441792731698 0.2618838028169014 0.19424882629107992
0 0.39175011003521126 0.7795421448443749 0.03565140845070426 0.2153755868544601
0 0.4309626858372457 0.7842375239088855 0.09330985915492959 0.21596244131455397
0 0.529095755086072 0.7871690792905582 0.06690140845070418 0.2130281690140845
0 0.6048106783059468 0.788868783689793 0.08230633802816899 0.14730046948356812
0 0.7051652362089201 0.8006520605112154 0.08582746478873243 0.19718309859154917
0 0.7931817903951486 0.7929631803164667 0.06910211267605636 0.13262910798122063
