0 0.16980479466735254 0.08659312604785856 0.07445987654320987 0.18724279835390947
0 0.2485125171467764 0.3787761012040848 0.08024691358024695 0.18930041152263366
0 0.09187349965706447 0.08659122085048011 0.07561728395061729 0.18518518518518517
0 0.3673477151920439 0.09894356805365036 0.09182098765432095 0.19238683127572012
0 0.6123207626028807 0.3864973898795915 0.07523148148148151 0.1949588477366255
0 0.3333780757030178 0.380313119189148 0.06442901234567905 0.1826131687242799
0 0.26857317386831275 0.10818996723060507 0.07870370370370369 0.1784979423868313
0 0.29787862225651573 0.8766632373113855 0.05632716049382718 0.12962962962962973
0 0.17057211291152263 0.3834028730376467 0.06828703703703705 0.1862139917695473
0 0.6316191915294925 0.6452127152873037 0.08719135802469134 0.16306584362139925
0 0.466876178840878 0.10408807727480567 0.07947530864197525 0.19290123456790126
0 0.5328524198388204 0.6467502095717117 0.08526234567901231 0.15689300411522625
0 0.6840725201474623 0.3911089201341259 0.06442901234567905 0.17541152263374482
0 0.5428698881172839 0.3926578456028045 0.06597222222222222 0.18158436213991766
0 0.01548327117626886 0.08556289056546258 0.07368827160493825 0.18569958847736626
0 0.665551858281893 0.11539732891327541 0.06134259259259262 0.18467078189300407
0 0.9201889896262003 0.40139460448102426 0.07214506172839508 0.17283950617283952
0 0.40358796296296295 0.3787732434080171 0.05555555555555555 0.1862139917695473
0 0.9390801826131686 0.15189043209876543 0.0532407407407408 0.15277777777777782
0 0.020106470764746226 0.3623232929431489 0.06442901234567902 0.1980452674897119
0 0.009710433813443073 0.6482948483462887 0.09413580246913582 0.15843621399176952
0 0.11233389060356652 0.6549820911446426 0.09413580246913582 0.15843621399176952
0 0.21341413751714677 0.6508668648071939 0.09413580246913579 0.15843621399176952
0 0.42367648319615914 0.6380067825026673 0.09413580246913579 0.15843621399176952
0 0.7299988211591221 0.639039875781131 0.08719135802469143 0.16306584362139914
0 0.9128691915294924 0.6441839087029416 0.08719135802469143 0.16306584362139925
0 0.013932827503429356 0.8838453551287913 0.0632716049382716 0.10853909465020582
0 0.15279653206447188 0.8838524996189605 0.02700617283950613 0.1162551440329218
0 0.18560153034979424 0.8853942805974698 0.04398148148148147 0.11471193415637862
0 0.24231154621056242 0.8797410836762688 0.0397376543209877 0.12037037037037036
0 0.3592099622770919 0.8853942805974698 0.04012345679012341 0.11471193415637862
0 0.4274969993141289 0.8853942805974698 0.04012345679012349 0.11471193415637862
0 0.47765132030178326 0.8853942805974698 0.04012345679012341 0.11471193415637862
0 0.5189321844993141 0.8812790542600214 0.04012345679012349 0.11471193415637862
0 0.5760309499314129 0.8833366674287455 0.04012345679012349 0.11471193415637873
0 0.6215556412894375 0.8853942805974698 0.04012345679012341 0.11471193415637862
0 0.6663087277091907 0.8853942805974698 0.04012345679012341 0.11471193415637862
0 0.7145586848422496 0.8751157407407407 0.0756172839506173 0.125
0 0.9067006387174211 0.8663766003657979 0.09336419753086428 0.1311728395061728
