0 0.41779636150234745 0.5470738784559207 0.14788732394366197 0.13556338028169018
0 0.442853213028169 0.22205105633802819 0.10299295774647893 0.23767605633802816
0 0.18148260221048515 0.7389834376630152 0.20818661971830982 0.14436619718309845
0 0.1493599618544601 0.5723243783689793 0.2191901408450704 0.15258215962441327
0 0.21749987773865415 0.21676990958094244 0.10123239436619724 0.23826291079812206
0 0.3310577440336463 0.220876804034081 0.10343309859154928 0.23708920187793434
0 0.1087835607394366 0.20739001912710833 0.09903169014084506 0.24882629107981222
0 0.8930925396126761 0.23612252217005736 0.06734154929577474 0.22359154929577466
0 0.5621170163341158 0.2279109067988176 0.08230633802816906 0.2282863849765258
0 0.7284752787558686 0.23904538341158058 0.06073943661971823 0.21126760563380279
0 0.6593753056533647 0.23494826986611025 0.06382042253521121 0.22300469483568078
0 0.5801554553012519 0.7366218918448965 0.07174295774647885 0.1291079812206573
0 0.7311185690532082 0.7342565423404624 0.0642605633802816 0.10974178403755874
0 0.6158441534624414 0.5757955138236828 0.12544014084507032 0.0985915492957748
0 0.35788127200704223 0.09517475221700573 0.06734154929577467 0.11267605633802817
0 0.4538521493544601 0.7290014780038254 0.09639084507042249 0.13849765258215965
0 0.010647740610328638 0.5629167753434187 0.12147887323943662 0.1332159624413145
0 0.008909489925665103 0.738976917057903 0.15360915492957747 0.1373239436619717
0 0.27029874559859157 0.09166123282907321 0.07526408450704226 0.12089201877934275
0 0.11186699188184665 0.00604405755520779 0.10255281690140844 0.18955399061032863
0 0.8050668158255087 0.2361208920187793 0.07086267605633796 0.221830985915493
0 0.9269861355633803 0.7020338854112328 0.07130281690140837 0.16842723004694837
0 0.662893070226917 0.7424882629107981 0.058978873239436624 0.1267605633802816
0 0.8644717698552425 0.6703785211267606 0.050616197183098656 0.20598591549295775
0 0.43447311473004696 0.10279951312815162 0.07790492957746488 0.107981220657277
