0 0.6134789737654321 0.5994312985825333 0.07638888888888881 0.16358024691358022
0 0.6983624828532237 0.5495775224813291 0.08641975308641968 0.21039094650205756
0 0.725797593021262 0.1200803040695016 0.14853395061728397 0.24228395061728403
0 0.45835691015089164 0.6395052202408169 0.033950617283950636 0.110082304526749
0 0.4911568179869684 0.6400224813290657 0.04359567901234571 0.11316872427983544
0 0.4205477323388203 0.6410398567291571 0.03317901234567905 0.10082304526748984
0 0.37965534979423876 0.6379515317786922 0.037037037037036986 0.0987654320987654
0 0.4159960669581619 0.26817939338515473 0.14544753086419746 0.18930041152263374
0 0.00859562542866941 0.41054860158512424 0.1554783950617284 0.05915637860082307
0 0.002042341820987654 0.32569015775034293 0.16319444444444448 0.0787037037037037
0 0.5405537337105625 0.6153539856729158 0.06404320987654326 0.13786008230452676
0 0.0074368784293552806 0.2438914609053498 0.1535493827160494 0.06944444444444445
0 0.18407091263717423 0.1698826398414876 0.06211419753086421 0.13991769547325103
0 0.33221236282578875 0.14874495122694714 0.05246913580246917 0.0889917695473251
0 0.001203221450617284 0.5984748894985521 0.06597222222222222 0.24176954732510286
0 0.9016857424554183 0.5906850137174212 0.09413580246913587 0.16203703703703692
0 0.5069894547325102 0.8344907407407407 0.06481481481481484 0.1388888888888889
0 0.5914927876371743 0.8457899900929735 0.08294753086419746 0.11985596707818942
0 0.3048126178840878 0.8283078989483311 0.041280864197530874 0.12808641975308646
0 0.06641401963305898 0.6359972755677489 0.08063271604938271 0.21039094650205756
0 0.4224981781550069 0.8355133554336228 0.06404320987654318 0.13220164609053503
0 0.6728737997256516 0.8190772176497485 0.0493827160493827 0.15895061728395057
0 0.3572881837277092 0.8375566796220089 0.05054012345679016 0.11676954732510275
0 0.10962630744170095 0.9008120903825636 0.08410493827160496 0.09927983539094656
0 0.2967313957475995 0.5526596555403139 0.07098765432098766 0.20576131687242794
0 0.2685402199074074 0.840123933089468 0.03125 0.11162551440329227
0 0.15049913194444445 0.6724822816643804 0.052083333333333356 0.16975308641975312
0 0.7376955804183812 0.814970564700503 0.05941358024691365 0.16820987654320996
0 0.9413928540809328 0.8992703094040542 0.05015432098765445 0.10082304526748974
0 0.8904580868484225 0.8992650701112636 0.03742283950617286 0.095164609053498
0 0.1763685270919067 0.04281026139308032 0.08179012345679014 0.12397119341563785
0 0.26277809927983536 0.03663932708428593 0.06712962962962964 0.12602880658436216
0 0.3364575295781893 0.029410531931108062 0.0543981481481481 0.09670781893004117
0 0.2581522205075446 0.17451036427373876 0.07253086419753084 0.13786008230452676
0 0.33876537851508914 0.23826922344154855 0.04436728395061726 0.10853909465020577
0 0.1744237075617284 0.325747789971041 0.0590277777777778 0.14094650205761317
0 0.24001575360082303 0.3123966430422192 0.06712962962962961 0.16615226337448555
0 0.3137072402263374 0.33808870598994056 0.07175925925925929 0.1358024691358025
0 0.5691625943072702 0.055230243103185486 0.14969135802469136 0.20421810699588477
0 0.5668534057784638 0.26818653787532387 0.15779320987654324 0.1970164609053498
0 0.8766284079218107 0.05522166971498247 0.12268518518518524 0.1949588477366255
0 0.8870338220164609 0.2532616979119037 0.1064814814814816 0.18930041152263372
0 0.2037613061556927 0.6389941510440481 0.08294753086419758 0.1136831275720164
0 0.7936621227709192 0.7841468526139308 0.09567901234567905 0.21193415637860086
0 0.003910804612482853 0.9085200426764213 0.07600308641975308 0.09053497942386836
