0 0.36491068808685456 0.40808283342027474 0.04885563380281681 0.23650234741784046
0 0.38823356807511744 0.7208442010085202 0.042253521126760535 0.20187793427230044
0 0.3002047877543036 0.7108758259433142 0.04137323943661969 0.2106807511737089
0 0.028202330301251962 0.7055963093375066 0.04797535211267605 0.2130281690140845
0 0.43972912998826286 0.7308207268301165 0.04093309859154933 0.20187793427230055
0 0.7544362529342722 0.4022278734133194 0.050176056338028255 0.2511737089201878
0 0.21922254010172146 0.40749108850634674 0.04665492957746476 0.2312206572769953
0 0.4260884316314554 0.06887443488089029 0.046214788732394395 0.22946009389671357
0 0.13075178501564946 0.4051485611198053 0.0431338028169014 0.23650234741784035
0 0.04008215962441315 0.4004455746826639 0.042253521126760556 0.22769953051643188
0 0.0801358934859155 0.399281103286385 0.04357394366197182 0.23767605633802816
0 0.07617401457355241 0.7102824508781082 0.042693661971831 0.20363849765258205
0 0.4635043769561815 0.3969369457485655 0.05193661971830979 0.2411971830985916
0 0.3798693637519562 0.06888095548600244 0.040052816901408446 0.23650234741784038
0 0.42256333137715174 0.39282733437663014 0.04049295774647892 0.23943661971830987
0 0.26939920774647885 0.41628195096504955 0.04753521126760568 0.2183098591549296
0 0.17036598933881064 0.41746761432794294 0.045334507042253495 0.2312206572769953
0 0.4846250244522692 0.7466494957398714 0.04313380281690142 0.18427230046948362
0 0.34861661287167445 0.721437032689967 0.036091549295774704 0.20833333333333334
0 0.5202764329029733 0.3863844331420623 0.0431338028169015 0.25293427230046944
0 0.32353347515649455 0.06594613980177362 0.04313380281690146 0.2359154929577465
0 0.12062823992566511 0.7085202573465484 0.04269366197183098 0.20187793427230044
0 0.47978592038341156 0.05363578073378543 0.046654929577464796 0.25058685446009393
0 0.3217698552425665 0.4198052512606503 0.0387323943661972 0.22065727699530524
0 0.2553079763302034 0.7267035080855503 0.03785211267605636 0.19190140845070425
0 0.812967038341158 0.3905108894105373 0.03873239436619716 0.27288732394366194
0 0.12855046948356808 0.0524675056511911 0.042253521126760556 0.2564553990610329
0 0.20469300176056338 0.7214207311771865 0.039612676056338 0.1907276995305165
0 0.21350590522300472 0.05540503825421666 0.054137323943661955 0.25997652582159625
0 0.026879462539123627 0.05127749521822292 0.044454225352112686 0.238849765258216
0 0.16244162020735525 0.7120397539558339 0.04269366197183098 0.20011737089201873
0 0.9582208528951486 0.42156907494348805 0.04929577464788745 0.22417840375586856
0 0.5365585876369328 0.06183978873239437 0.03873239436619708 0.23767605633802816
0 0.1681603946596244 0.0665340810293862 0.03829225352112678 0.23708920187793434
0 0.07969147349374023 0.04952182229177534 0.037411971830985914 0.2441314553990611
0 0.00046459311424100155 0.40161874021909233 0.035211267605633804 0.22711267605633798
0 0.28259212392410016 0.07881835767692574 0.03125 0.1942488262910798
0 0.00046520442097026607 0.7126298687184838 0.03609154929577465 0.20363849765258216
0 0.8574295163341158 0.41337593462006605 0.050616197183098656 0.24882629107981222
0 0.8737125880281691 0.06596461484959139 0.04753521126760552 0.2558685446009389
0 0.9278535798122066 0.06713941053729786 0.05281690140845067 0.25704225352112675
0 0.9089232443270736 0.4092646930968527 0.04665492957746472 0.24530516431924887
0 0.8965968554381847 0.7408037732568249 0.0431338028169015 0.2089201877934272
0 0.8068166813380281 0.079448139454008 0.05545774647887324 0.24061032863849766
0 0.7544313624804382 0.07005520778994957 0.0431338028169015 0.23708920187793434
0 0.7953635441118935 0.7343565249521822 0.041813380281690134 0.21772300469483577
0 0.5343591060250391 0.7595581203268996 0.04049295774647892 0.18192488262910803
0 0.9450181558098592 0.7437320683359415 0.051496478873239465 0.20246478873239443
0 0.7399103824334898 0.7197030951138932 0.04841549295774649 0.23708920187793434
0 0.8459769904147105 0.7325943314206226 0.03785211267605636 0.21596244131455397
