0 0.3284003936815336 0.1755906581464093 0.07966549295774648 0.13086854460093894
0 0.22893009096244132 0.17735393844548775 0.08186619718309858 0.13380281690140847
0 0.09116019904147105 0.4268094679186229 0.07350352112676056 0.1795774647887323
0 0.8869449334898277 0.20076128064684404 0.08802816901408461 0.061619718309859114
0 0.16378038194444444 0.42211734915666843 0.06910211267605633 0.18251173708920185
0 0.42347081621674487 0.17149354460093896 0.07966549295774648 0.14260563380281688
0 0.7602011810446009 0.16036830551208486 0.1122359154929577 0.16960093896713616
0 0.14529782863849766 0.21077366979655712 0.073943661971831 0.10035211267605636
0 0.6378441656885759 0.15567183968005566 0.11531690140845074 0.16784037558685444
0 0.49079127543036 0.39691195009563557 0.04929577464788737 0.21420187793427228
0 0.5449285993740219 0.3928219005390367 0.04929577464788729 0.23356807511737085
0 0.5238415737480439 0.15214419231438012 0.1065140845070423 0.1607981220657277
0 0.3090250268974961 0.4250489045383412 0.06646126760563378 0.17957746478873232
0 0.43621533890845066 0.3980785950269518 0.051496478873239465 0.20657276995305163
0 0.23992352552816898 0.42915579899147976 0.06734154929577467 0.17840375586854465
0 0.8504043794014086 0.5604894800904191 0.0752640845070423 0.04694835680751181
0 0.017656372261345855 0.42915145192140497 0.07306338028169014 0.17370892018779338
0 0.897504034624413 0.11802132237871674 0.08186619718309866 0.06866197183098594
0 0.6074738360719875 0.3904581811858807 0.11443661971830986 0.21596244131455392
0 0.3807575924295774 0.3998489393149018 0.051496478873239465 0.2171361502347418
0 0.03879077415884193 0.13387237002260477 0.08406690140845072 0.07511737089201878
0 0.7320284991197183 0.5024528342896888 0.10695422535211271 0.11384976525821594
0 0.8266187402190923 0.8081529299252304 0.04929577464788729 0.05868544600938974
0 0.0458339446400626 0.22542709963484614 0.08538732394366197 0.0809859154929577
0 0.7003521126760562 0.7213234654842636 0.12676056338028185 0.08568075117370902
0 0.13958058245305163 0.12448704573117718 0.08054577464788736 0.07981220657276995
0 0.7416807267214398 0.0006694487915145192 0.0625 0.08920187793427231
0 0.8499743251173708 0.45133563728047293 0.08978873239436622 0.04812206572769955
0 0.9467774965766823 0.7606329334028864 0.049735915492957694 0.07511737089201884
0 0.8820758753912362 0.7676833376804033 0.04841549295774649 0.0839201877934273
0 0.21659606073943657 0.75487034863502 0.06734154929577471 0.18955399061032854
0 0.5497759560837246 0.7465918970613807 0.05765845070422534 0.12206572769953043
0 0.2914148082942097 0.7636688184663537 0.0598591549295775 0.18485915492957747
0 0.620193600841158 0.7524588115110415 0.050616197183098656 0.12030516431924883
0 0.0004890453834115806 0.7466592766475396 0.07042253521126761 0.1948356807511737
0 0.146167718114241 0.7454806772735176 0.058978873239436604 0.18955399061032865
0 0.07619143681533645 0.7495848548078595 0.06778169014084506 0.18544600938967135
0 0.702542424687011 0.8762280472961224 0.11179577464788737 0.05868544600938974
0 0.8327739876760561 0.7119294470526866 0.03961267605633812 0.08098591549295775
0 0.7016700899843505 0.8193031646670142 0.1232394366197184 0.05868544600938974
0 0.01633503276604069 0.000647170057381325 0.07174295774647886 0.06514084507042255
0 0.1765453834115806 0.001234567901234568 0.07042253521126758 0.06572769953051642
0 0.25488739730046944 0.005347439575725961 0.06602112676056338 0.07100938967136151
0 0.34203681289123633 0.005347439575725961 0.06822183098591547 0.07100938967136151
0 0.425221904342723 0.0035868761954442707 0.06602112676056338 0.0710093896713615
0 0.5189703760758998 0.003598287254390541 0.06382042253521128 0.08333333333333334
0 0.5955515209311425 0.0035999174056685797 0.058978873239436465 0.08509389671361502
0 0.6699319615610329 0.005360480785950269 0.05413732394366204 0.08509389671361502
0 0.8107797828638497 0.002428925404277517 0.058098591549295815 0.0880281690140845
0 0.8433795481220657 0.5088544383585464 0.10035211267605636 0.05575117370892018
0 0.3561188747065728 0.7636709920013911 0.0647007042253521 0.18720657276995295
0 0.9533771640258217 0.839236111111111 0.04621478873239432 0.0369718309859155
0 0.9397407448161189 0.8762122891671013 0.057658450704225254 0.041666666666666775
0 0.9313847931338028 0.913179773082942 0.06734154929577474 0.0369718309859155
