0 0.5386413323045266 0.46060956790123453 0.08796296296296309 0.23611111111111116
0 0.268953082133059 0.8206332876085963 0.07021604938271603 0.17283950617283947
0 0.9205758637688615 0.7681965401615608 0.0736882716049381 0.2078189300411523
0 0.709936021090535 0.14417962200884013 0.08564814814814817 0.15843621399176955
0 0.8333812907235939 0.11643661408321902 0.06905864197530873 0.19598765432098766
0 0.38198784722222223 0.8386169219631154 0.0625 0.15072016460905344
0 0.29173445001714676 0.1400591563786008 0.09760802469135801 0.15277777777777776
0 0.21995643647119342 0.15034436442615454 0.07060185185185183 0.14969135802469133
0 0.8360762817215365 0.41629372427983535 0.060956790123456665 0.15277777777777782
0 0.3982076260288066 0.14521509678402686 0.0856481481481481 0.1656378600823045
0 0.6412621099108368 0.46930250723975 0.08410493827160484 0.1800411522633745
0 0.49658296896433474 0.1498752095717116 0.07947530864197531 0.19855967078189304
0 0.592262249228395 0.15395185566224662 0.07986111111111119 0.15689300411522633
0 0.46802608453360767 0.46624037875323887 0.06867283950617278 0.206275720164609
0 0.12466965663580246 0.141663808870599 0.07986111111111113 0.2191358024691358
0 0.061784122085048014 0.45182517908855363 0.08024691358024691 0.19341563786008223
0 0.27899761016803837 0.46160074683737234 0.08989197530864199 0.1954732510288066
0 0.17521728180727023 0.4523910227099528 0.09066358024691357 0.2489711934156379
0 0.803654138803155 0.13392108672458466 0.039737654320987775 0.19032921810699588
0 0.38932586376886147 0.4703503657978967 0.07368827160493825 0.20061728395061731
0 0.738881923010974 0.4734648872123152 0.10108024691358032 0.23096707818930037
0 0.9039804633916325 0.4194153901844231 0.06520061728395048 0.190843621399177
0 0.4498992626886146 0.8134402149062642 0.07716049382716039 0.18209876543209882
0 0.5382667824074073 0.7964811004420057 0.10416666666666674 0.19958847736625523
0 0.0930268882887517 0.8206370980033532 0.06983024691358025 0.17695473251028793
0 0.17983351551783264 0.8720269394909312 0.07137345679012345 0.1224279835390947
0 0.7392323602537723 0.8143985291876239 0.05015432098765445 0.10596707818930043
0 0.8785046403463649 0.7738368770004572 0.04668209876543206 0.18827160493827164
0 0.8279768411351166 0.7635835810089925 0.06442901234567905 0.22582304526748964
0 0.0038955332647462276 0.46827655845145555 0.05401234567901234 0.18312757201646096
0 0.006221868569958848 0.7948721612559061 0.07060185185185185 0.12860082304526763
0 0.9128378450788751 0.156541018899558 0.04205246913580254 0.17541152263374485
0 0.9629881472908093 0.166829561042524 0.03626543209876555 0.17592592592592593
0 0.6381598829732511 0.7948793057460752 0.06134259259259254 0.1363168724279836
0 0.0004198281035665295 0.15496875476299343 0.048996913580246916 0.14403292181069957
