0 0.002692194835680751 0.0006716223265519041 0.07394366197183098 0.09154929577464788
0 0.010177951388888891 0.09808674578334203 0.07878521126760564 0.08861502347417842
0 0.0915939211658842 0.000771604938271605 0.06426056338028167 0.19953051643192488
0 0.15716451486697963 0.001938793253347244 0.049295774647887335 0.19248826291079812
0 0.22101825361893587 0.007792123109024518 0.09727112676056338 0.176056338028169
0 0.3218117297535211 0.006047317857763867 0.09903169014084502 0.19307511737089203
0 0.43798629450312987 0.0048676317162232655 0.06646126760563385 0.18661971830985916
0 0.5238262910798123 0.0019371631020692055 0.08450704225352115 0.19072769953051644
0 0.6272587783646322 0.004849156668405495 0.08362676056338027 0.16666666666666666
0 0.7223328687402191 0.0017882759520083465 0.08890845070422541 0.029929577464788734
0 0.7232189578442878 0.036420839853938444 0.09727112676056338 0.038732394366197194
0 0.7232189578442878 0.0780907668231612 0.09727112676056338 0.04225352112676056
0 0.7267376393779342 0.11917166579725265 0.09375 0.04342723004694833
0 0.7280516431924884 0.16259617892540423 0.08450704225352107 0.040492957746478875
0 0.8205472417840375 0.005911471917927316 0.17957746478873243 0.046361502347417836
0 0.826264182316119 0.05409113632411755 0.17253521126760568 0.10856807511737086
0 0.00048293231611893587 0.2965522300469483 0.061619718309859156 0.20598591549295775
0 0.06564364485524257 0.28774506607546513 0.0902288732394366 0.20129107981220656
0 0.16114748386150235 0.277183315945053 0.08054577464788729 0.20305164319248825
0 0.24697861649061031 0.3809630933750652 0.0858274647887324 0.10211267605633807
0 0.3398409991197183 0.3222553686315424 0.07526408450704226 0.07805164319248824
0 0.4265496625586855 0.3299529429664406 0.07658450704225352 0.15199530516431922
0 0.5088624193075119 0.3311391497130934 0.08582746478873236 0.16549295774647893
0 0.6184504597026603 0.3270154103634151 0.07570422535211271 0.1484741784037558
0 0.7078021077856025 0.3281950965049556 0.08010563380281698 0.1549295774647888
0 0.8182979386737089 0.3522354807859503 0.10959507042253512 0.13262910798122063
0 0.935342392899061 0.3416802512606503 0.0620598591549296 0.14143192488262915
0 0.9366637323943662 0.275295057381325 0.0633802816901408 0.06514084507042257
0 0.044964972124413145 0.6621321291949227 0.1016725352112676 0.17312206572769956
0 0.19987162558685445 0.5570764866979656 0.06866197183098591 0.1637323943661971
0 0.24172260123239436 0.7494995435576421 0.1227992957746479 0.09330985915492955
0 0.370291715571205 0.7283939749608764 0.19190140845070427 0.11619718309859153
0 0.5766260758998435 0.6984665710311251 0.0598591549295775 0.11854460093896711
0 0.646670517899061 0.6561771865762476 0.14920774647887333 0.07981220657277001
0 0.6488617468701096 0.7483019257520431 0.13556338028169013 0.06748826291079811
0 0.7967175885172144 0.5753412450008694 0.09022887323943662 0.2417840375586855
0 0.8948784722222223 0.6263421578855851 0.10387323943661973 0.18192488262910803
0 0.27208223298122064 0.5552480003477654 0.10827464788732395 0.09037558685446019
0 0.39976617517605634 0.5974515301686664 0.1703345070422535 0.03638497652582163
0 0.38392660651408456 0.6426393235958963 0.17825704225352115 0.03638497652582163
0 0.3658900014671362 0.6819678099460964 0.1914612676056337 0.046361502347417836
0 0.5744284282081377 0.6138970396452792 0.06426056338028177 0.051056338028168904
0 0.5731049491392801 0.5687027256129368 0.0598591549295775 0.04401408450704225
0 0.002244718309859155 0.5570123674143628 0.06338028169014084 0.09448356807511739
