0 0.23117900162894373 0.5542100099070264 0.11998456790123456 0.21347736625514402
0 0.09499796382030179 0.4925330551745161 0.13040123456790123 0.2690329218106995
0 0.563347425840192 0.885392851699436 0.10918209876543214 0.11316872427983535
0 0.19804365997942389 0.04761945587562871 0.1828703703703704 0.31790123456790115
0 0.3855401770404664 0.031152834933699126 0.17785493827160492 0.3117283950617284
0 0.5761274005486968 0.011102537722908094 0.1790123456790123 0.324074074074074
0 0.03367734053497943 0.10517642127724432 0.16203703703703703 0.25720164609053503
0 0.011234621484910836 0.6163818396585886 0.06674382716049382 0.13683127572016465
0 0.7871717999828534 0.01109539323273891 0.19405864197530856 0.31635802469135804
0 0.2616646304869685 0.8221774500838287 0.13040123456790123 0.1738683127572018
0 0.4375851980452675 0.8334876543209876 0.12268518518518524 0.16666666666666666
0 0.14205220121742113 0.8175506782502667 0.1107253086419753 0.17695473251028804
0 0.8858772183641976 0.47405835619570186 0.1076388888888889 0.31635802469135793
0 0.7211735896776404 0.45133220926688006 0.15663580246913586 0.21656378600823054
0 0.36152906378600824 0.5285179469593051 0.04629629629629635 0.24382716049382708
0 0.8846788194444445 0.8386231138545953 0.04861111111111111 0.15740740740740752
0 0.9390844693072702 0.8324598003353146 0.05941358024691365 0.16769547325102888
