0 0.57566765260631 0.07841030330742264 0.07253086419753087 0.23868312757201646
0 0.09495911565500688 0.06967068663313519 0.07445987654320986 0.24434156378600821
0 0.6188769933127571 0.450218621399177 0.07175925925925929 0.12499999999999994
0 0.8218053412208507 0.05421048620637098 0.06635802469135793 0.21399176954732513
0 0.1358456039951989 0.457405502210029 0.06211419753086421 0.10905349794238678
0 0.4672584983710562 0.44199483691510444 0.07445987654320992 0.13220164609053497
0 0.733845861196845 0.7707247370827618 0.0713734567901235 0.16049382716049376
0 0.24541939943415642 0.751132163542143 0.07060185185185183 0.11162551440329217
0 0.2500530478395062 0.03829589620484682 0.0763888888888889 0.24845679012345684
0 0.5575202010459533 0.4512240893156531 0.051311728395061665 0.09979423868312756
0 0.17288987482853221 0.04138803155006858 0.0725308641975309 0.25462962962962965
0 0.2133779685356653 0.46406559594574 0.0420524691358025 0.07973251028806587
0 0.41169276191700965 0.038831732967535434 0.059799382716049364 0.2716049382716049
0 0.2728129822530865 0.45124409388812686 0.07291666666666663 0.12139917695473254
0 0.39201120970507547 0.449171239140375 0.05169753086419754 0.10493827160493831
0 0.4850126457475995 0.018296563023929284 0.08487654320987643 0.315843621399177
0 0.34455938143004117 0.03417400167657369 0.05439814814814813 0.2412551440329218
0 0.7315372085048011 0.04294219631153788 0.08024691358024683 0.2664609053497943
0 0.7145455568415638 0.4635907254991617 0.056712962962963014 0.1224279835390947
0 0.45528951260288064 0.7670448483462886 0.06134259259259262 0.0751028806584363
0 0.1755864733367627 0.7531664380429812 0.0667438271604938 0.08641975308641968
0 0.10034802597736626 0.751617036274958 0.05671296296296296 0.07973251028806581
0 0.8102138524519891 0.7753529378143577 0.04128086419753079 0.1589506172839505
0 0.37504822530864196 0.7567601165980795 0.06944444444444445 0.0787037037037037
0 0.0015874164094650206 0.03426021185794848 0.0636574074074074 0.3343621399176954
0 0.055209940843621394 0.44967135345221765 0.057870370370370364 0.08950617283950614
0 0.8110015324931413 0.462060375704923 0.0644290123456789 0.13631687242798354
0 0.5397856117112483 0.762937242798354 0.06905864197530866 0.08333333333333333
0 0.6304641953875171 0.7644833104709647 0.09066358024691357 0.08641975308641979
0 0.901688689557613 0.5299273167200121 0.09837962962962968 0.09927983539094656
0 0.7948171189128944 0.2953575102880659 0.09220679012345682 0.09722222222222222
0 0.8947115590706447 0.19709505029721078 0.05131172839506175 0.08487654320987656
0 0.9514226466049382 0.20788227785398566 0.04861111111111111 0.0684156378600823
0 0.5258913644547326 0.9085048010973936 0.06134259259259254 0.07407407407407407
0 0.5988077632030178 0.9280368846212468 0.060956790123456825 0.057613168724279684
0 0.294408275462963 0.9172401310775796 0.059027777777777776 0.06378600823045259
0 0.0050556198559670775 0.9038585009907026 0.05787037037037038 0.05606995884773672
