0 0.3970727577269171 0.1099748956703182 0.09463028169014089 0.2517605633802817
0 0.19856954225352116 0.47909820031298905 0.09507042253521125 0.24295774647887325
0 0.10261241930751173 0.09643540253868893 0.0858274647887324 0.20657276995305163
0 0.38694279391627545 0.4820411667536081 0.08494718309859156 0.25234741784037557
0 0.10173366588419405 0.4819998695878977 0.08802816901408453 0.20774647887323947
0 0.2958348616001565 0.47675784646148495 0.08670774647887321 0.2505868544600939
0 0.496540920872457 0.11290645105199096 0.08934859154929574 0.24882629107981216
0 0.2945153560250391 0.09937347852547383 0.08802816901408449 0.21068075117370885
0 0.5630021884780908 0.5013850852025734 0.08934859154929582 0.22828638497652587
0 0.655868544600939 0.5060831811858808 0.08450704225352107 0.23180751173708908
0 0.20384206279342723 0.09643594592244828 0.08186619718309862 0.2071596244131456
0 0.6048115952660407 0.11462300034776561 0.08362676056338027 0.20129107981220656
0 0.6893186375195619 0.12517714310554687 0.08362676056338027 0.19131455399061031
0 0.7729408132824727 0.14043209876543208 0.07702464788732391 0.18779342723004694
0 0.745215302230047 0.5019757433489828 0.08186619718309866 0.23239436619718307
0 0.47629046850547724 0.4831958572422188 0.08362676056338035 0.2318075117370892
0 0.005786323845852896 0.092327964701791 0.09286971830985916 0.2071596244131455
0 0.8556830130086072 0.14865295166058076 0.07086267605633796 0.193075117370892
0 0.010184981416275432 0.48786569727004003 0.08890845070422537 0.2048122065727699
0 0.8305897887323943 0.5090131064162754 0.0633802816901408 0.227112676056338
0 0.8983745354068858 0.5060744870457312 0.067781690140845 0.22241784037558684
0 0.9278670285602503 0.15686837071813597 0.07218309859154932 0.19248826291079812
0 0.7698527973395932 0.8187918405494696 0.06690140845070418 0.14025821596244137
0 0.6972304748630672 0.8099971744044514 0.06822183098591547 0.14906103286384972
0 0.044947855535993744 0.8170606198921927 0.07702464788732394 0.1719483568075118
0 0.5519882751369327 0.8135465571205008 0.07438380281690142 0.17957746478873243
0 0.4107018412558686 0.8311331724917406 0.07262323943661965 0.15903755868544603
0 0.8842793304968702 0.814650169535733 0.05237676056338027 0.10387323943661973
0 0.48419313624804383 0.8129102547383065 0.05501760563380284 0.12617370892018773
0 0.0022288243348982787 0.8246853808033385 0.040492957746478875 0.16725352112676053
0 0.937982932316119 0.8276223700226047 0.0616197183098592 0.1701877934272299
