0 0.5902915321791862 0.06352427838636758 0.09022887323943662 0.1555164319248826
0 0.35394384536384976 0.17676219353155972 0.1016725352112676 0.1285211267605634
0 0.49609619522691706 0.04413199878282038 0.08274647887323938 0.1273474178403756
0 0.12328986942488263 0.39977992957746483 0.07262323943661973 0.14260563380281693
0 0.0775029954029734 0.6209985219961746 0.05501760563380282 0.11502347417840379
0 0.20032552083333333 0.46080953312467393 0.08846830985915494 0.1390845070422536
0 0.7064871870109546 0.17910852460441662 0.08802816901408461 0.12734741784037557
0 0.47319786776212835 0.24248771952703876 0.06690140845070426 0.12617370892018778
0 0.4771670823552425 0.4250146713615024 0.07834507042253527 0.14260563380281685
0 0.39441204518779344 0.3616262389149713 0.06602112676056346 0.13380281690140847
0 0.5722527875586855 0.5623011215440792 0.10035211267605636 0.10211267605633813
0 0.4190623777386541 0.007714962615197357 0.06954225352112675 0.09272300469483569
0 0.5559452635954616 0.2982394366197183 0.06822183098591547 0.12676056338028177
0 0.1554060910602504 0.6972727569118414 0.05237676056338027 0.09683098591549298
0 0.19370201242175275 0.20373358981046774 0.05765845070422534 0.10269953051643188
0 0.005749645442097027 0.655066510172144 0.04005281690140845 0.147887323943662
0 0.8816519341744914 0.33812434793948876 0.07174295774647893 0.10387323943661973
0 0.2522477748435055 0.24952834289688747 0.06778169014084506 0.12441314553990614
0 0.32442567732785604 0.29236328464614847 0.06029929577464791 0.11854460093896717
0 0.17213755624021912 0.041782950791166756 0.061179577464788734 0.1255868544600939
0 0.8561411874021909 0.0975629238393323 0.09683098591549281 0.1566901408450704
0 0.7689920774647886 0.026556794470526862 0.09507042253521121 0.1602112676056338
0 0.7205790297339595 0.7072835159102764 0.09859154929577459 0.13380281690140847
0 0.8411754817097026 0.7349096896191966 0.09551056338028177 0.18133802816901415
0 0.4243462074530516 0.7712115284298382 0.07262323943661973 0.09154929577464783
0 0.5163426741001564 0.8715560337332638 0.08274647887323955 0.08333333333333323
0 0.2341964984350548 0.7870734437489132 0.05985915492957747 0.10974178403755865
0 0.13736948601330204 0.877421861415406 0.06558098591549295 0.08039906103286387
0 0.08762103873239435 0.8480921796209354 0.04753521126760563 0.09448356807511739
0 0.6646762519561814 0.6356758607198747 0.09154929577464799 0.12147887323943668
0 0.7425707893192489 0.4936005694661798 0.07658450704225352 0.06044600938967135
0 0.8090314456181534 0.5505238219440097 0.07570422535211271 0.05868544600938964
0 0.8724233421361502 0.6080426230220832 0.09242957746478879 0.06631455399061037
0 0.9309458749021909 0.6784390758129021 0.06910211267605636 0.03814553990610323
0 0.5621075410798123 0.7688728047296123 0.06866197183098587 0.10093896713615007
0 0.07573234546165883 0.27414743088158583 0.04049295774647889 0.09330985915492955
0 0.11622530320813772 0.31288417231785776 0.04049295774647889 0.09800469483568076
0 0.2178987553794992 0.7342636063293341 0.041813380281690175 0.11737089201877937
0 0.07001632188967137 0.7542291557989915 0.0488556338028169 0.1308685446009389
