0 0.11076442472565158 0.45226861377838745 0.05632716049382714 0.11676954732510286
0 0.6636209705075445 0.44660874866636185 0.05864197530864206 0.11522633744855973
0 0.09802517361111111 0.08345145557079713 0.04513888888888889 0.12757201646090538
0 0.7295886381172839 0.4491850518213687 0.052083333333333176 0.11985596707818931
0 0.783217860510974 0.43839020347507995 0.05594135802469127 0.1280864197530864
0 0.2963305898491083 0.07316624752324341 0.04938271604938274 0.13065843621399179
0 0.7392312885802468 0.08241836229233347 0.04861111111111111 0.12294238683127572
0 0.1616975844478738 0.07985444292028654 0.0667438271604938 0.1316872427983539
0 0.5023670588991769 0.07266184651729919 0.07523148148148151 0.14146090534979422
0 0.4147735553840878 0.43838782197835696 0.05169753086419754 0.1255144032921811
0 0.4363760823902607 0.06289628105471727 0.04822530864197524 0.15020576131687244
0 0.27125316143689987 0.2928107376924249 0.0489969135802469 0.12448559670781895
0 0.5872243119855967 0.6184437395214145 0.04745370370370373 0.1414609053497942
0 0.6562875085733881 0.6323164342325865 0.05401234567901238 0.12397119341563788
0 0.5436310442386832 0.305153558908703 0.050925925925925875 0.12139917695473249
0 0.5420856910150893 0.43993770004572474 0.04783950617283945 0.13271604938271608
0 0.6026585540980796 0.4491731443377534 0.05054012345679016 0.10699588477366254
0 0.6130736132544582 0.2958995389422344 0.04822530864197524 0.12705761316872424
0 0.25775489754801095 0.6250885916780979 0.05594135802469135 0.09567901234567894
0 0.35921639231824426 0.07059423106233806 0.0493827160493827 0.13065843621399176
0 0.23035086591220852 0.44402434842249655 0.03858024691358024 0.10185185185185185
0 0.04209104938271605 0.28457837982014933 0.055555555555555566 0.12242798353909466
0 0.06909400720164609 0.6086834133516231 0.05092592592592592 0.15586419753086422
0 0.045943179869684506 0.08756858710562414 0.047067901234567895 0.12962962962962962
0 0.4784290873628258 0.44559232586495956 0.0489969135802469 0.12860082304526751
0 0.3557455096879287 0.4409641251333638 0.051311728395061665 0.13014403292181068
0 0.5887635030864198 0.06185509068739521 0.04166666666666659 0.13683127572016462
0 0.3900773748285322 0.6436309251638469 0.0447530864197531 0.12139917695473249
0 0.34301911865569273 0.2933318091754306 0.058641975308641944 0.13168724279835387
0 0.17248317472565156 0.4399119798811157 0.042438271604938294 0.1049382716049382
0 0.15705563057270233 0.2948769242493522 0.04899691358024692 0.1337448559670782
0 0.278198141718107 0.4352990207285475 0.04976851851851853 0.12294238683127577
0 0.4792014960562414 0.3149162665752172 0.05015432098765436 0.10956790123456789
0 0.24115494255829906 0.08343478509373571 0.04089506172839508 0.10956790123456792
0 0.3264282728909465 0.6436090153939947 0.05671296296296294 0.09773662551440328
0 0.027804301697530863 0.4435166133211401 0.03819444444444445 0.10905349794238678
0 0.4726358882030178 0.6235377610120408 0.04012345679012349 0.08744855967078191
0 0.7311305084019205 0.2979662017985063 0.05015432098765429 0.13683127572016465
0 0.539762838648834 0.6245618046029568 0.036265432098765475 0.08230452674897122
0 0.001954732510288066 0.10093592821216278 0.037037037037037035 0.12191358024691357
0 0.012378900891632374 0.6302531054717269 0.047839506172839504 0.11779835390946497
0 0.8086899326989027 0.0767751676573693 0.06905864197530857 0.13940329218106995
0 0.8962577160493829 0.07985730071635422 0.05555555555555555 0.13477366255144035
0 0.9051274219821673 0.4491760021338211 0.05015432098765445 0.11008230452674889
0 0.8534339098936901 0.29230538408779144 0.055941358024691426 0.13425925925925927
0 0.7890051654663922 0.636930345983844 0.05632716049382714 0.10699588477366244
0 0.852676772548011 0.6338572626124066 0.0767746913580246 0.12139917695473249
0 0.847643121999314 0.43479461972260325 0.05054012345679016 0.1337448559670782
0 0.9452554333847737 0.30823950236244474 0.056712962962963014 0.12088477366255149
0 0.7272676611796982 0.6379610577655845 0.04320987654320984 0.10905349794238678
0 0.9548951367455417 0.0855081161408322 0.048996913580246826 0.1265432098765432
0 0.7905438207304527 0.29589906264288984 0.04976851851851841 0.12654320987654322
0 0.9602902091906722 0.4630606043286084 0.04012345679012349 0.10545267489711936
0 0.6369955096879286 0.08242026748971193 0.05131172839506175 0.125
0 0.9344569830246913 0.6266441853376009 0.0625 0.10905349794238688
0 0.07294640560699589 0.770682822740436 0.04282407407407407 0.11522633744855969
0 0.2619989926268862 0.7295462772443224 0.056327160493827105 0.13220164609053503
0 0.20103416495198903 0.7470355128791342 0.0447530864197531 0.13168724279835398
0 0.04208944187242798 0.9270209381191892 0.05324074074074074 0.07150205761316868
0 0.6458724494170096 0.7681022328913276 0.05632716049382714 0.10596707818930043
0 0.3395393947187929 0.7557765584514555 0.047839506172839524 0.1275720164609053
0 0.13429649991426612 0.7537227556774881 0.053626543209876525 0.13168724279835387
0 0.39587164566186556 0.760929641060814 0.05516975308641976 0.1373456790123456
0 0.66788703489369 0.941927678707514 0.09066358024691357 0.059670781893004024
0 0.5822150420096023 0.7496113397347965 0.05632716049382714 0.13580246913580243
0 0.12928240740740737 0.6215196806889194 0.05555555555555555 0.13014403292181068
0 0.5227985146604939 0.7377843507087334 0.052083333333333336 0.14043209876543217
0 0.1713308577674897 0.9393561385459535 0.04976851851851853 0.06018518518518508
0 0.12541071887860084 0.9326727061423563 0.03587962962962962 0.06430041152263387
0 0.4622221686385459 0.7454908741045573 0.0443672839506173 0.13014403292181068
0 0.6057414909122084 0.9424335086114922 0.04552469135802476 0.050411522633744765
0 0.02587636102537723 0.7680965172991921 0.03973765432098765 0.09979423868312752
0 0.8437861689814814 0.7732481710105167 0.052083333333333336 0.10802469135802475
0 0.7743468149862826 0.7732505525072397 0.05941358024691365 0.11059670781893005
0 0.7153163580246914 0.7614197530864197 0.05555555555555555 0.11111111111111122
0 0.9028107317386831 0.7660555746075294 0.04745370370370381 0.11779835390946508
0 0.9606733324759945 0.7557665561652187 0.0362654320987654 0.11676954732510296
0 0.80520967292524 0.9383244741655234 0.05748456790123445 0.05709876543209884
0 0.6964015882201645 0.06546543971955493 0.040509259259259287 0.147119341563786
0 0.0629166130829904 0.4455766079865874 0.044367283950617294 0.11162551440329227
0 0.6701758616255143 0.30002333866788594 0.05324074074074087 0.1363168724279836
0 0.21723920824759943 0.28818491845755223 0.046682098765432105 0.12860082304526746
0 0.18792438271604936 0.6086472146014327 0.05555555555555555 0.11676954732510296
