0 0.48023950997652587 0.6979074291427578 0.06602112676056338 0.14847417840375574
0 0.6804825044014085 0.6603454833941923 0.035651408450704185 0.14495305164319242
0 0.6263638253129891 0.22371163710659017 0.0625 0.12969483568075116
0 0.1752286287167449 0.396802729960007 0.07570422535211273 0.09624413145539905
0 0.7161443050665101 0.7025756390193011 0.0506161971830985 0.11971830985915485
0 0.1989840082159625 0.6690934185359069 0.05809859154929574 0.08568075117370892
0 0.7711640502738655 0.7219347722135281 0.05369718309859163 0.11208920187793422
0 0.482096965473396 0.4455045861589289 0.20554577464788729 0.08861502347417842
0 0.551094544698748 0.7248641540601636 0.05501760563380292 0.10680751173708908
0 0.42872927670187794 0.7178180968527214 0.046214788732394395 0.10269953051643199
0 0.7663185274843506 0.29290829855677275 0.04797535211267608 0.07335680751173712
0 0.4850624144170579 0.17787939054077553 0.03917253521126764 0.06748826291079811
0 0.0849743862480438 0.6620642062250043 0.03917253521126761 0.09976525821596242
0 0.715264329029734 0.5212120718135976 0.051056338028169064 0.09213615023474181
0 0.1449628325508607 0.17614871326725787 0.22535211267605634 0.09976525821596242
0 0.5312768974960876 0.1743566336289341 0.03873239436619716 0.06572769953051642
0 0.16861490121283257 0.5024224047991653 0.058978873239436604 0.08098591549295775
0 0.3032976941510172 0.6943542427403929 0.05853873239436618 0.11384976525821605
0 0.2905232174295775 0.04290395148669796 0.04357394366197179 0.06866197183098591
0 0.10962563575899845 0.5176735567727351 0.04401408450704224 0.07335680751173712
0 0.017634670872456966 0.26004227525647716 0.04181338028169014 0.07100938967136149
0 0.9304883118153365 0.502432729090593 0.044014084507042306 0.09213615023474181
0 0.18753912363067293 0.06988078160319944 0.056338028169014086 0.048708920187793436
0 0.4049610597613459 0.26532939923491566 0.04533450704225351 0.0768779342723005
0 0.7011773767605634 0.2712115284298383 0.04753521126760568 0.09154929577464788
0 0.0757387641823161 0.4014747435228656 0.04973591549295778 0.0715962441314554
0 0.13881216989436618 0.2858638715006086 0.24163732394366197 0.07100938967136149
0 0.3472958846830986 0.029418796731003304 0.03565140845070426 0.08215962441314555
0 0.5884955130086071 0.1813999739175796 0.03917253521126764 0.06690140845070423
0 0.1417522496087637 0.40675697704747005 0.03873239436619718 0.07218309859154928
0 0.0519720755086072 0.5006591245000869 0.05105633802816901 0.0780516431924883
0 0.08717478482003128 0.2711946835332986 0.03873239436619719 0.07335680751173707
0 0.430489534428795 0.17493914101895322 0.04577464788732392 0.061032863849765244
0 0.5858583357785602 0.26297654755694666 0.04445422535211278 0.07100938967136149
0 0.09289722711267606 0.18844766127629978 0.039612676056338024 0.07276995305164323
0 0.4591038854655712 0.2782293296817945 0.05325704225352123 0.06514084507042246
0 0.015438551447574335 0.17964484437489134 0.04841549295774648 0.07276995305164317
0 0.7905238287363068 0.5564048643714137 0.04445422535211255 0.07218309859154917
0 0.12107449383802818 0.07222982959485308 0.051496478873239424 0.05046948356807511
0 0.4733121821205008 0.5523006868370718 0.23151408450704222 0.07629107981220658
0 0.07441436815336464 0.06753771083289863 0.04401408450704226 0.05340375586854461
0 0.9568995133998436 0.29878499391410185 0.04797535211267608 0.08215962441314555
0 0.867111086658842 0.4924469657450878 0.04841549295774649 0.08215962441314559
0 0.8393806851525822 0.7530157798643714 0.04621478873239432 0.0880281690140845
0 0.8939645686619717 0.2970255173013389 0.05545774647887324 0.08333333333333329
0 0.8314596782081376 0.29818292470874624 0.04841549295774649 0.06572769953051644
0 0.6470397471635368 0.9026631238045557 0.047095070422535204 0.08744131455399064
0 0.6998606220657279 0.9055963093375065 0.05281690140845067 0.08626760563380279
0 0.6201893216940532 0.6873554599200138 0.04445422535211263 0.16079812206572774
0 0.5893819077660406 0.8985518822813423 0.047975352112676166 0.0839201877934272
0 0.14262978041862287 0.6673529603547209 0.034771126760563376 0.10739436619718296
0 0.4969520246478873 0.9003032081377151 0.047535211267605605 0.073943661971831
0 0.3688722613458529 0.711949008868023 0.04929577464788737 0.10211267605633802
0 0.8754710118348983 0.8979617675186924 0.04445422535211271 0.08039906103286398
0 0.4392911287167449 0.8879939358372457 0.04401408450704222 0.08978873239436612
0 0.7509139035602503 0.9055903321161537 0.04841549295774649 0.07981220657277001
0 0.0753035137910798 0.8598591549295774 0.05677816901408451 0.12676056338028172
0 0.9054042571400626 0.7495017170926795 0.049735915492957694 0.09565727699530513
0 0.819132372359155 0.9108660450356459 0.043573943661971745 0.07335680751173691
0 0.4896175665101722 0.035290601634498354 0.2605633802816901 0.08568075117370892
0 0.4445679284037558 0.03177490871152843 0.03697183098591547 0.09154929577464788
0 0.3904290761932708 0.02296665797252652 0.034771126760563376 0.08568075117370892
0 0.9225688331377152 0.08924371848374195 0.04841549295774649 0.04518779342723005
0 0.1963300200508607 0.8680800078247262 0.0391725352112676 0.13204225352112675
0 0.02203760758998435 0.3985350373848026 0.04401408450704226 0.06572769953051644
0 0.0026759952073552424 0.6955111067640412 0.05061619718309859 0.09565727699530513
0 0.025544674295774644 0.9155608807163972 0.023767605633802816 0.07335680751173712
0 0.13911140453834117 0.8581013084680925 0.03873239436619718 0.12969483568075107
0 0.39438637030516427 0.4947807989914798 0.029049295774647908 0.067488262910798
0 0.28438630917449137 0.5170617066597113 0.07966549295774653 0.04636150234741794
0 0.004439615121283255 0.011782733437663015 0.05501760563380282 0.04929577464788733
0 0.0035645295383411584 0.07046491914449662 0.0625 0.04577464788732393
