0 0.856132934761346 0.2794215136498 0.08494718309859148 0.08509389671361504
0 0.4560384878716745 0.28823411145887673 0.07570422535211263 0.09565727699530513
0 0.6184486257824726 0.3797861241523213 0.07306338028169014 0.0985915492957747
0 0.5554877005086072 0.5211908798469831 0.04313380281690142 0.06924882629107983
0 0.3741515062597809 0.6198302469135802 0.045774647887323994 0.1208920187793428
0 0.6311916202073552 0.03704899147974265 0.04269366197183102 0.08333333333333333
0 0.4335833577856025 0.6157353069031473 0.06426056338028169 0.13497652582159622
0 0.7117422853090767 0.5294204268822814 0.049735915492957694 0.0839201877934272
0 0.5915850572183099 0.29114338810641627 0.051496478873239465 0.06866197183098595
0 0.43886535357981227 0.7723841505825074 0.0647007042253521 0.09037558685445998
0 0.32045279489436623 0.6350618370718136 0.04357394366197182 0.09213615023474181
0 0.20117523718701097 0.6890339723526343 0.044454225352112665 0.07218309859154917
0 0.49695110768779344 0.305220287776039 0.04621478873239432 0.0604460093896713
0 0.9058474545187793 0.43142388280299077 0.05413732394366188 0.09272300469483567
0 0.28173843407668236 0.14560185185185184 0.06954225352112675 0.06690140845070426
0 0.8675573405712049 0.14679892627369157 0.05721830985915485 0.09213615023474175
0 0.7284667204616588 0.011220331246739696 0.04841549295774649 0.07570422535211269
0 0.20381975009780906 0.17669807424795686 0.049735915492957736 0.059272300469483556
0 0.54008063135759 0.06345472526517128 0.04005281690140837 0.08039906103286384
0 0.4507347906885759 0.32164786558859326 0.04401408450704222 0.05575117370892023
0 0.2174540297339593 0.4155521865762476 0.03521126760563386 0.06396713615023472
0 0.12018259732003131 0.6755265388628066 0.03477112676056336 0.06161971830985909
0 0.503107577758216 0.5182506303251608 0.03829225352112676 0.06279342723004704
0 0.16199414368153367 0.6866805772909058 0.032130281690140844 0.06572769953051649
0 0.49299075704225354 0.23010726395409492 0.047535211267605605 0.06514084507042255
0 0.12987578247261347 0.16966886193705444 0.04929577464788729 0.0733568075117371
0 0.4428073650234741 0.0892725178229873 0.03697183098591547 0.07629107981220658
0 0.4388448748043819 0.5182490001738826 0.035211267605633784 0.06103286384976533
0 0.9032063037949922 0.5487915145192142 0.05369718309859163 0.08920187793427235
0 0.7694056264671362 0.538222157016171 0.05677816901408445 0.08274647887323947
0 0.8376271517996869 0.4255515345157364 0.05633802816901405 0.08861502347417838
0 0.9441433758802817 0.2547709094070596 0.059419014084507185 0.08215962441314555
0 0.9375458480046948 0.13681587984698312 0.06602112676056354 0.08509389671361504
0 0.8376326535602503 0.0012231568422882977 0.06426056338028177 0.0534037558685446
0 0.6334268632629108 0.7753385280820726 0.09242957746478879 0.11208920187793443
0 0.2658832770931142 0.7131080464267084 0.0550176056338028 0.0862676056338029
0 0.32265502738654145 0.7512443488089028 0.04577464788732395 0.07629107981220669
0 0.8486328125 0.8469543340288646 0.059419014084507185 0.1332159624413146
0 0.37723188086854453 0.7506661884889585 0.04489436619718311 0.08568075117370902
0 0.9093890600547732 0.8938706311945749 0.08362676056338027 0.09859154929577447
0 0.7307031861306729 0.8035396018083811 0.09991197183098595 0.14671361502347413
0 0.3362951144366197 0.5100352112676055 0.03961267605633808 0.06338028169014091
0 0.31163928012519554 0.5194178186402365 0.028169014084507064 0.055751173708920077
0 0.05857785602503912 0.2529706790123457 0.056338028169014086 0.03931924882629103
0 0.034792522496087636 0.2095526864893062 0.03080985915492957 0.04929577464788729
0 0.02819316070031299 0.25414873500260826 0.034771126760563376 0.04401408450704225
0 0.08453760758998434 0.20015921144148843 0.04401408450704226 0.04518779342723005
0 0.37107968994522694 0.1233122500434707 0.058978873239436624 0.07863849765258216
0 0.42651053892801255 0.06347102677795166 0.020246478873239385 0.09800469483568075
0 0.49431423611111114 0.004754607894279257 0.051936619718309866 0.06455399061032864
0 0.4987101428012519 0.08750652060511215 0.044014084507042306 0.07042253521126761
0 0.7527059492370892 0.6861431707529125 0.09375 0.11913145539906099
0 0.20646517996870112 0.5886900104329682 0.056338028169014086 0.08098591549295775
0 0.16024091598200316 0.5869337941227614 0.04269366197183098 0.08568075117370881
0 0.12854466206964008 0.5886889236654494 0.03389084507042253 0.07981220657277001
0 0.058561656396713624 0.5974765258215962 0.03301056338028169 0.06338028169014091
0 0.057680152093114244 0.6561478438532429 0.03125 0.04812206572769955
0 0.029069163243348982 0.5945449704399236 0.028609154929577465 0.06631455399061037
0 0.006639096733176839 0.6502711484959136 0.053257042253521125 0.03931924882629119
0 0.22584238067292645 0.9085322117892541 0.07218309859154928 0.0880281690140844
0 0.16114503863458532 0.8380895713788906 0.07702464788732391 0.06631455399061037
0 0.1430977357198748 0.9044122761258911 0.07482394366197184 0.07511737089201884
0 0.12193521371283256 0.8774142540427751 0.023327464788732398 0.07218309859154928
0 0.9502961781103287 0.7225444487915146 0.04621478873239432 0.13673708920187794
0 0.2830279856220657 0.5029913275952008 0.025088028169014048 0.0616197183098592
0 0.610501943955399 0.19139660493827163 0.038292253521126834 0.0886150234741784
0 0.5757292889280125 0.2095749652234394 0.036091549295774746 0.07335680751173707
0 0.5462429088419405 0.2271757085724222 0.04049295774647885 0.068075117370892
0 0.008846830985915493 0.7793997782994262 0.06338028169014084 0.06161971830985909
0 0.00046795530125195626 0.8927018127282211 0.04005281690140845 0.10387323943661973
0 0.9692066461267606 0.4244006477134411 0.02376760563380284 0.11326291079812208
0 0.8463908450704226 0.6860328638497653 0.0 0.0
0 0.9692106196205008 0.5447058120326899 0.02948943661971839 0.11326291079812208
0 0.37592093358763695 0.8879857850808556 0.05853873239436614 0.08098591549295764
0 0.3961564089397497 0.3193156624934794 0.042693661971830936 0.07218309859154928
0 0.3486245598591549 0.2618028386367588 0.04753521126760572 0.07100938967136154
0 0.31693136248043824 0.26356448878455924 0.043133802816901344 0.07218309859154928
0 0.2676306973787167 0.281742849069727 0.03609154929577466 0.05692488262910792
