0 0.7203834983710563 0.7567977442463039 0.1300154320987654 0.11934156378600826
0 0.9406370563271607 0.3386150167657369 0.07291666666666667 0.1486625514403292
0 0.268953885888203 0.7465001524157903 0.07137345679012345 0.10905349794238678
0 0.001987418552812071 0.661679812528578 0.08410493827160494 0.169753086419753
0 0.5478952331961592 0.31909912741960067 0.08024691358024691 0.1826131687242798
0 0.6671004265260632 0.01612178021643042 0.06905864197530857 0.18930041152263374
0 0.3542296274862826 0.30628762764822437 0.09066358024691357 0.235082304526749
0 0.7261413323045267 0.3324502743484225 0.08796296296296302 0.1574074074074074
0 0.761637838648834 0.009439776710867246 0.09182098765432095 0.1949588477366255
0 0.09072707690329218 0.32885992988873647 0.0914351851851852 0.168724279835391
0 0.5583100244341563 0.025359606005182136 0.07754629629629643 0.16615226337448558
0 0.4672560871056241 0.3211681717725956 0.07098765432098769 0.1949588477366255
0 0.562933491941015 0.6595759983234262 0.06867283950617285 0.11985596707818942
0 0.44488999271262003 0.0012174211248285323 0.08603395061728397 0.2037037037037037
0 0.2971043381344307 0.30937738149672306 0.052469135802469126 0.2386831275720164
0 0.1995126564643347 0.3304541037951532 0.07600308641975309 0.22376543209876545
0 0.6404744298696845 0.3123828303612254 0.06095679012345675 0.15123456790123455
0 0.16863774219821673 0.00633382868465173 0.06057098765432099 0.17386831275720166
0 0.3214562435699589 0.008924420819996953 0.11921296296296298 0.19393004115226337
0 0.006220261059670782 0.34995046486816034 0.06828703703703703 0.16872427983539096
0 0.028231095679012348 0.031000419143423254 0.09722222222222222 0.14711934156378603
0 0.8727312671467765 0.3262731481481482 0.06635802469135793 0.15277777777777773
0 0.8708199374142661 0.014070835238530711 0.09182098765432095 0.19650205761316872
0 0.8102232295953361 0.31136402606310015 0.054783950617283965 0.16203703703703703
0 0.4580059370713306 0.666838134430727 0.084104938271605 0.18518518518518517
0 0.35538301611796985 0.6652911141594269 0.08487654320987655 0.18106995884773672
0 0.10616185485253771 0.648245313214449 0.09529320987654322 0.10493827160493831
0 0.19064348636831277 0.9429464830056393 0.08217592592592596 0.048868312757201694
0 0.38121597436556925 0.9532335962505714 0.06211419753086421 0.04783950617283957
0 0.8518957904663924 0.6682817977442462 0.06327160493827158 0.07767489711934158
0 0.9224914801954731 0.6765060585276635 0.05439814814814825 0.07098765432098762
0 0.2519724151234568 0.013543571864045116 0.0625 0.18261316872427985
0 0.017829164523319615 0.9480848003353147 0.11844135802469137 0.042695473251028786
0 0.29132292738340193 0.9455208809632678 0.06057098765432099 0.051440329218106984
