0 0.38212233470266044 0.6520605112154408 0.11531690140845068 0.07042253521126757
0 0.8975037289710484 0.7442808859328812 0.08142605633802825 0.16138497652582162
0 0.5528936204029734 0.6303447226569293 0.110475352112676 0.06807511737089197
0 0.11230682707355244 0.5311733828899321 0.10211267605633802 0.07570422535211281
0 0.5102079054186228 0.2665025647713441 0.12191901408450702 0.07629107981220658
0 0.8011431435837246 0.2976074813075987 0.125 0.07805164319248824
0 0.3477956279342723 0.3152022474352287 0.12147887323943658 0.06631455399061031
0 0.6563172437402192 0.4120522517822987 0.09683098591549298 0.08685446009389666
0 0.40896664710485137 0.7436146974439227 0.1091549295774648 0.0757042253521126
0 0.4939171923904538 0.16732416101547556 0.11399647887323947 0.07629107981220655
0 0.8222702098004695 0.394428142931664 0.1254401408450704 0.06690140845070423
0 0.724536323845853 0.10746663623717614 0.09286971830985903 0.07805164319248828
0 0.424781457844288 0.01238534602677795 0.0655809859154929 0.06631455399061034
0 0.34382060592723007 0.2283450704225352 0.10167253521126764 0.06338028169014086
0 0.5357177352308294 0.5235404712223961 0.0955105633802816 0.0715962441314554
0 0.13606495745305164 0.6203763475917231 0.08846830985915495 0.07687793427230044
0 0.3834406176643192 0.3932593244653104 0.11223591549295778 0.07218309859154932
0 0.23202911042644755 0.4114409450530343 0.10783450704225352 0.0604460093896713
0 0.21969569151017213 0.33221667970787694 0.09419014084507041 0.06161971830985914
0 0.11404966255868544 0.22424034950443403 0.07658450704225353 0.0669014084507042
0 0.613157460387324 0.03410167796904886 0.05941901408450694 0.06924882629107983
0 0.3411491955203443 0.07576834463571551 0.057658450704225414 0.06924882629107984
0 0.783073527973396 0.7560125412971658 0.09066901408450702 0.1555164319248826
0 0.7056084335876369 0.4889318162058772 0.09022887323943671 0.08861502347417848
0 0.8152047266236307 0.43608883237697793 0.09198943661971823 0.0604460093896714
0 0.27032136394757433 0.7483051860545993 0.10783450704225356 0.07100938967136143
0 0.6479392850156495 0.886825117370892 0.07482394366197175 0.09507042253521127
0 0.27780528658059467 0.843381042427404 0.1100352112676056 0.07687793427230034
0 0.13560311521909235 0.07691108068162059 0.057218309859154916 0.0357981220657277
0 0.17036751760563382 0.13678327682142236 0.047535211267605626 0.04988262910798124
0 0.191939003814554 0.17316825334724395 0.054137323943661955 0.04988262910798121
0 0.2099924197965571 0.22599873934967835 0.06514084507042249 0.06455399061032863
0 0.14880611795774648 0.3028750434707007 0.05545774647887322 0.06279342723004694
0 0.08454066412363066 0.3627358285515563 0.04841549295774648 0.0645539906103286
0 0.056370121772300476 0.3040465788558512 0.04621478873239436 0.06044600938967135
0 0.20293182707355245 0.00944074943488089 0.03873239436619716 0.05516431924882629
0 0.24474673562206573 0.04055055642496957 0.04093309859154933 0.062206572769953054
0 0.2605915003912363 0.11448389410537299 0.04049295774647885 0.05105633802816901
0 0.28304907570422533 0.17609274474004522 0.05545774647887324 0.03931924882629108
0 0.3103503398865415 0.03467766475395583 0.07350352112676058 0.057511737089201875
0 0.10041324334898277 0.4595499695705095 0.08802816901408451 0.04636150234741789
0 0.6421975865610329 0.12681761867501304 0.046214788732394395 0.06161971830985914
0 0.6527860304186228 0.1761302382194401 0.08230633802816906 0.07981220657276995
0 0.7108885954616588 0.04525734654842636 0.08802816901408453 0.07511737089201878
0 0.8578754645931143 0.8757020518170753 0.058978873239436624 0.12441314553990614
0 0.010593028658059467 0.40794427056164145 0.042693661971830985 0.08685446009389676
0 0.9379832379694836 0.8727438706311945 0.0620598591549296 0.0985915492957747
