0 0.4155293304968701 0.7020963745435576 0.05237676056338027 0.23591549295774658
0 0.5189645686619717 0.3881406494522692 0.05545774647887324 0.24823943661971817
0 0.5717778022300469 0.7103047296122414 0.05017605633802818 0.227699530516432
0 0.5739775894953052 0.372297209181012 0.04885563380281689 0.25000000000000006
0 0.4643800738458529 0.3945699660928534 0.04533450704225351 0.22007042253521136
0 0.8063676765453833 0.707957855155625 0.042693661971831096 0.22828638497652587
0 0.2183404244913928 0.38223787167449136 0.044014084507042264 0.2112676056338029
0 0.6840164686032864 0.3523604590505999 0.05413732394366204 0.2676056338028168
0 0.4252060103677621 0.07354753521126761 0.04313380281690142 0.20598591549295772
0 0.47450667546948355 0.04247576508433316 0.05017605633802818 0.24002347417840378
0 0.4133243471244131 0.36760074334898274 0.046214788732394395 0.24823943661971834
0 0.6712511614827856 0.7079594853069031 0.05237676056338019 0.2300469483568077
0 0.6316363458528952 0.040711398017736045 0.04929577464788729 0.2359154929577465
0 0.6875333162167448 0.05769757433489828 0.04797535211267593 0.2007042253521127
0 0.8292617248630673 0.0342527386541471 0.05237676056338043 0.2323943661971831
0 0.2971329714397496 0.3769610719874804 0.05457746478873244 0.216549295774648
0 0.46878056533646323 0.7026826856198922 0.04401408450704222 0.23532863849765262
0 0.5774996332159625 0.044797643888019475 0.050176056338028095 0.2124413145539906
0 0.375467038341158 0.09172535211267606 0.038732394366197236 0.19014084507042256
0 0.26808092478482004 0.05068303338549818 0.05061619718309862 0.23063380281690138
0 0.6320725132042253 0.36937217440445136 0.043573943661971905 0.25997652582159625
0 0.6294276946400627 0.7126499739175796 0.03785211267605636 0.2253521126760564
0 0.3737095314945227 0.6962267431751 0.04313380281690142 0.23474178403755874
0 0.32045279489436623 0.06535004781777082 0.04357394366197182 0.22593896713615022
0 0.5295221415297339 0.05008259433142062 0.04709507042253528 0.21596244131455397
0 0.3649082428599375 0.36993675013041216 0.04533450704225343 0.2359154929577464
0 0.9190452611502349 0.3740621196313685 0.04489436619718311 0.25469483568075113
0 0.17212441314553992 0.05831485828551556 0.042253521126760556 0.2335680751173709
0 0.8719462172339593 0.36349656581464096 0.03917253521126756 0.25234741784037557
0 0.9568982907863851 0.7413569379238393 0.04621478873239432 0.17253521126760557
0 0.22318319640062595 0.058903342896887506 0.04577464788732395 0.23532863849765256
0 0.1681622285798122 0.38750815075639017 0.04093309859154931 0.1989436619718311
0 0.2768785455790297 0.3587821683185533 0.04313380281690146 0.2312206572769953
0 0.8142966304773084 0.3506080464267084 0.05193661971830971 0.27640845070422543
0 0.9071593187597808 0.7407814945226917 0.041813380281690134 0.18485915492957747
0 0.8508264866979656 0.7331567336115459 0.04929577464788729 0.18955399061032854
0 0.756634817586072 0.35704768735872017 0.04709507042253512 0.2593896713615023
0 0.8877949554968703 0.038362350026082424 0.04445422535211255 0.23415492957746478
0 0.9436958993544601 0.05476819248826291 0.04885563380281689 0.20598591549295775
0 0.7751176765453833 0.0530038254216658 0.042693661971831096 0.20187793427230047
0 0.9670148058489828 0.3786770778994958 0.036531690140845306 0.16842723004694832
0 0.5211609937402191 0.732584007129195 0.04929577464788737 0.2048122065727698
0 0.32309302865805944 0.7091359111458877 0.04269366197183102 0.23298122065727703
0 0.7588318539710486 0.7191135237350027 0.041813380281690134 0.23415492957746478
0 0.2214238556338028 0.7108850634672231 0.04753521126760564 0.22065727699530524
0 0.27335558489827855 0.7114713745435577 0.04049295774647889 0.22007042253521125
0 0.06604985817683881 0.107573139454008 0.04137323943661971 0.19307511737089203
