0 0.11228700488683127 0.017114864349946655 0.026620370370370378 0.1507201646090535
0 0.1489395790466392 0.0109453589391861 0.028549382716049405 0.154320987654321
0 0.179419045781893 0.017100099070263677 0.03009259259259258 0.13477366255144033
0 0.2141300154320988 0.013498323426306967 0.013888888888888888 0.13374485596707816
0 0.2600844478737997 0.17654130467916476 0.07716049382716048 0.10905349794238682
0 0.3472969714506173 0.1667700236244475 0.1076388888888889 0.11162551440329217
0 0.4642039609053497 0.1935166133211401 0.12037037037037039 0.10905349794238685
0 0.6185300390089163 0.1899443682365493 0.1277006172839507 0.139917695473251
0 0.7597160600994514 0.17298001447950007 0.10223765432098762 0.15174897119341563
0 0.930592528292181 0.1704194292028654 0.0532407407407408 0.16409465020576136
0 0.05915477109053498 0.39935270919067223 0.18287037037037035 0.18981481481481477
0 0.10114293981481483 0.3040799801859473 0.09027777777777776 0.07304526748971191
0 0.29327042609739373 0.43735282350251486 0.08719135802469134 0.11882716049382715
0 0.40515716092249665 0.4424911408321902 0.09297839506172842 0.11265432098765434
0 0.5162765775034294 0.440947930955647 0.10493827160493825 0.11265432098765428
0 0.6358911501200275 0.43631591982929435 0.1277006172839505 0.11008230452674894
0 0.7863549168381344 0.41782359777472944 0.1288580246913581 0.13837448559670784
0 0.9417789244684499 0.43119474927602497 0.05054012345679016 0.1347736625514404
0 0.0012442129629629628 0.7167476375552508 0.12500000000000003 0.1985596707818929
0 0.14090899348422498 0.7033674363664075 0.13117283950617287 0.1923868312757202
0 0.2747661072530864 0.6616178936137784 0.1076388888888889 0.10288065843621397
0 0.38510239840534977 0.6739473784484071 0.1030092592592592 0.08539094650205767
0 0.515510598851166 0.6662284712696236 0.11304012345679015 0.08230452674897122
0 0.6405282814643347 0.6677735863435453 0.13850308641975317 0.08436213991769545
0 0.7863650977366254 0.6420691396128638 0.14351851851851857 0.1013374485596709
0 0.9406266075102881 0.6518294657826551 0.057870370370370315 0.08693415637860084
0 0.3013961226851852 0.8586072054564853 0.12152777777777782 0.07355967078189313
0 0.43294565543552804 0.8575760173754001 0.10841049382716056 0.07098765432098762
0 0.5540736989883402 0.8575850670629477 0.08834876543209881 0.08076131687242794
0 0.6513194980281207 0.8498713991769548 0.12229938271604937 0.08333333333333344
0 0.7809528785150893 0.8364926268861455 0.1277006172839505 0.0787037037037036
0 0.9178771219135803 0.8303126428898034 0.07638888888888873 0.07098765432098762
0 0.8773434820816186 0.16528111187319006 0.04128086419753095 0.17026748971193414
