0 0.003903838734567901 0.11135592897424174 0.06597222222222222 0.26440329218106995
0 0.10613345550411522 0.11135307117817406 0.05439814814814813 0.26131687242798357
0 0.16632265946502056 0.09284074455113549 0.06018518518518522 0.26800411522633744
0 0.23229622127914953 0.10209143042219174 0.06211419753086421 0.2587448559670782
0 0.29671210562414263 0.1185370941929584 0.04320987654320984 0.24228395061728397
0 0.4251929012345679 0.10826284103033074 0.055555555555555636 0.2572016460905349
0 0.4830726487482853 0.10363035360463345 0.06905864197530866 0.25411522633744854
0 0.5760376478909465 0.15039913885078493 0.04976851851851849 0.2088477366255144
0 0.6258158114711934 0.10671677335771985 0.06365740740740738 0.2541152263374486
0 0.6883109889403292 0.12161779835390947 0.056712962962963014 0.23611111111111108
0 0.7496434006344308 0.18380868007925624 0.04205246913580238 0.18004115226337453
0 0.7924682784636488 0.20024577046181985 0.04320987654320984 0.15432098765432098
0 0.860777284807956 0.09130610806279531 0.07484567901234572 0.27726337448559674
0 0.028985553840877913 0.4653496989788142 0.07253086419753087 0.3554526748971194
0 0.088020565414952 0.45762698140527364 0.08294753086419752 0.3482510288065843
0 0.16518561385459535 0.45916304679164766 0.08950617283950617 0.3405349794238683
0 0.2843798225308642 0.4544995999085505 0.0625 0.30401234567901225
0 0.3874008701989027 0.4637307575064777 0.07947530864197531 0.2736625514403292
0 0.4679982210219479 0.46218326093583295 0.028549382716049364 0.26903292181069965
0 0.4988795653292181 0.45450245770461817 0.053240740740740713 0.30709876543209874
0 0.574870059585048 0.4560428097850937 0.035108024691358014 0.3040123456790123
0 0.6146211098251029 0.44834819387288516 0.054398148148148175 0.32716049382716056
0 0.6701554998285322 0.45295639003200727 0.023919753086419842 0.3040123456790123
0 0.6952648105281207 0.4467949817101052 0.07021604938271596 0.31635802469135804
0 0.7847530328360768 0.448300563938424 0.0443672839506173 0.2757201646090535
0 0.8322083440500685 0.4426540352080475 0.04668209876543206 0.28858024691358025
0 0.8811964163237312 0.44571806889193716 0.033950617283950636 0.26440329218107006
