0 0.48289594336854463 0.22549936967483916 0.088468309859155 0.15903755868544603
0 0.29758747799295776 0.21552230046948356 0.07526408450704226 0.15845070422535212
0 0.10393742664319248 0.447350460789428 0.09242957746478873 0.18075117370892013
0 0.5797345706181534 0.46493109893931484 0.09947183098591555 0.15375586854460094
0 0.3706649183294209 0.22082898626325856 0.09551056338028169 0.18544600938967132
0 0.7857256822183099 0.44442814293166405 0.10695422535211271 0.19366197183098596
0 0.6800830154538341 0.47137671709267953 0.09419014084507041 0.14319248826291087
0 0.7650839935446009 0.18387073987132674 0.17165492957746487 0.20011737089201875
0 0.16554033401799687 0.21554838288993217 0.06822183098591549 0.18661971830985916
0 0.4815767434467918 0.4614061684924361 0.09022887323943662 0.1496478873239437
0 0.17611746870109546 0.6803289645279081 0.08802816901408451 0.17781690140845083
0 0.19988568564162756 0.46377532168318547 0.08890845070422537 0.17312206572769956
0 0.5101807022691706 0.7137552164840897 0.08274647887323938 0.15140845070422543
0 0.3944291617762128 0.4620299730481655 0.09066901408450702 0.1895539906103287
0 0.426545077758216 0.712586398017736 0.06998239436619716 0.15669014084507035
0 0.09907234203834117 0.20851264997391758 0.0585387323943662 0.1936619718309859
0 0.6827250831377152 0.0030875065206051122 0.0959507042253521 0.16549295774647887
0 0.3217906396713615 0.4578839549643541 0.06866197183098591 0.14847417840375574
0 0.37989503863458535 0.0018926056338028172 0.07702464788732391 0.1426056338028169
0 0.9023608665884194 0.013008063814988698 0.10387323943661973 0.1050469483568075
0 0.6849101990414711 0.2166987263084681 0.07350352112676045 0.16138497652582162
0 0.804187145442097 0.0036303468961919666 0.07174295774647876 0.11795774647887325
0 0.23243746332159626 0.2108524604416623 0.06205985915492956 0.1854460093896714
0 0.58193160700313 0.005422969918275082 0.09419014084507032 0.15258215962441316
0 0.30594037314162753 0.0030695748565466876 0.06117957746478867 0.14612676056338028
0 0.4762883289319249 0.00483122500434707 0.08054577464788737 0.1473004694835681
0 0.9019143070226917 0.4649604416623196 0.0946302816901408 0.1854460093896713
0 0.5990671459311425 0.7207996435402538 0.05105633802816898 0.153755868544601
0 0.1897013155320814 0.08861828377673447 0.0008802816901408445 0.003521126760563378
0 0.13077287509780908 0.0006895539906103287 0.07350352112676053 0.11091549295774647
