0 0.7535935666079812 0.41508433315945054 0.10431338028169014 0.19248826291079815
0 0.8904718676643191 0.42973830638149885 0.09639084507042257 0.17370892018779346
0 0.3191806655907668 0.05123837158754999 0.11311619718309862 0.1965962441314554
0 0.4195181069053209 0.6662411971830987 0.09198943661971831 0.17429577464788729
0 0.6668671752738654 0.08584702660406886 0.07746478873239432 0.17957746478873238
0 0.18580943124021912 0.08290243001217179 0.10079225352112675 0.16842723004694835
0 0.14840082159624413 0.34113089027995136 0.10563380281690142 0.18192488262910797
0 0.5828021077856025 0.06002488697617806 0.08010563380281698 0.17899061032863847
0 0.0005040223982785602 0.34405755520778997 0.09198943661971831 0.17370892018779333
0 0.42966029685054774 0.36286352373500264 0.11927816901408453 0.20246478873239432
0 0.5960286458333334 0.3658206181533646 0.11223591549295778 0.22711267605633806
0 0.29584769904147107 0.39452921231090243 0.10519366197183098 0.1760563380281691
0 0.4569294674295774 0.04595505129542689 0.09110915492957743 0.19483568075117372
0 0.8394228653169015 0.665088136845766 0.10695422535211271 0.1965962441314554
0 0.7707294111893584 0.07588625891149364 0.0616197183098592 0.1965962441314554
0 0.7091268094679186 0.7014415971135455 0.08626760563380276 0.16255868544600946
0 0.1418014598004695 0.6867794731351069 0.10959507042253518 0.17253521126760568
0 0.27472552327856026 0.6967712137019649 0.11179577464788733 0.18896713615023467
0 0.043634157374804375 0.07118327247435229 0.08670774647887325 0.18779342723004694
0 0.023397153755868545 0.663319422709094 0.10035211267605633 0.18779342723004705
0 0.8719666960093897 0.11282548687184839 0.06866197183098595 0.1613849765258216
0 0.5964568661971831 0.6727150712919492 0.09507042253521128 0.19424882629107992
0 0.9498532863849766 0.10402266997043992 0.042253521126760535 0.16138497652582157
