0 0.5770980046948357 0.6293041427577813 0.10563380281690134 0.21185446009389666
0 0.696805922339593 0.6445574682663885 0.0906690140845071 0.20657276995305163
0 0.4459378667840375 0.6275386889236654 0.10827464788732408 0.20657276995305163
0 0.8060158695226918 0.40267616501478 0.16989436619718312 0.1015258215962442
0 0.584596904342723 0.05526484524430533 0.12940140845070427 0.1085680751173709
0 0.6299534184272301 0.39093907581290205 0.16109154929577466 0.1015258215962441
0 0.14486838566118934 0.5853079899147975 0.0893485915492958 0.2312206572769953
0 0.1946156103286385 0.27071704920883327 0.10563380281690142 0.19131455399061031
0 0.34205331817292645 0.6427708224656581 0.09198943661971831 0.1784037558685447
0 0.0405605071400626 0.5929419883498522 0.09727112676056338 0.23650234741784035
0 0.7944997677034429 0.6521914667014433 0.06558098591549298 0.21185446009389677
0 0.104370843114241 0.2583920187793427 0.08274647887323942 0.19014084507042253
0 0.33678263155320814 0.25077975569466177 0.10783450704225352 0.2083333333333334
0 0.4710567659428795 0.24536819683533298 0.15272887323943662 0.06807511737089203
0 0.3196363947574335 0.04464658320292123 0.13556338028169013 0.04929577464788732
0 0.3337050078247262 0.10156385845939836 0.11267605633802814 0.041079812206572794
0 0.8046856660798123 0.32165221265866806 0.1558098591549296 0.0604460093896714
0 0.44686063429186224 0.32936771865762476 0.16945422535211263 0.15375586854460094
0 0.17481232883411582 0.039390432098765436 0.11003521126760563 0.07687793427230045
0 0.8583140771713615 0.6469086897930795 0.05677816901408445 0.21068075117370902
0 0.9243474300665102 0.6170100852025735 0.0743838028169015 0.24413145539906098
0 0.7439251393779343 0.08751630151278038 0.1254401408450704 0.08098591549295775
0 0.4785006479851331 0.0019023865414710486 0.09727112676056329 0.15316901408450703
0 0.03969887030516432 0.02300958528951487 0.12411971830985916 0.13204225352112672
0 0.0022523596439749612 0.23377564771344114 0.0743838028169014 0.22417840375586856
0 0.8931191314553991 0.05645376890975483 0.1056338028169015 0.125
