0 0.16708756644375855 0.2475199093126048 0.05054012345679012 0.09927983539094651
0 0.3032744984567901 0.24597860463344 0.04861111111111111 0.10133744855967079
0 0.25003536522633746 0.24648395823807345 0.050925925925925916 0.09156378600823048
0 0.09957695687585735 0.5942691662856271 0.057484567901234566 0.14403292181069957
0 0.1616812414266118 0.5978785627190978 0.04320987654320988 0.15329218106995884
0 0.10342158564814816 0.24032254991617133 0.03819444444444445 0.10390946502057609
0 0.2056621870713306 0.6004491502819693 0.042438271604938294 0.15174897119341565
0 0.3541977451989026 0.25728309327846366 0.0447530864197531 0.08796296296296297
0 0.35458703060699587 0.612782445511355 0.04976851851851857 0.13837448559670784
0 0.3021152156207133 0.598899748513946 0.045910493827160476 0.1450617283950617
0 0.03090224194101509 0.6343616636183508 0.05478395061728396 0.11059670781893005
0 0.4089824995713306 0.2562438081085201 0.045910493827160476 0.07664609053497942
0 0.3059743119855967 0.42604785855814664 0.04745370370370373 0.13168724279835387
0 0.06098572530864198 0.24083933470507543 0.041666666666666664 0.10648148148148148
0 0.35766943158436215 0.4142203932327389 0.04398148148148143 0.1358024691358025
0 0.6798554848251028 0.1426206942539247 0.10300925925925929 0.14146090534979422
0 0.25465749314128944 0.5989026063100137 0.04012345679012341 0.14814814814814814
0 0.6161726251714678 0.3930769890260631 0.06635802469135801 0.0787037037037037
0 0.5830096879286694 0.19301173601585125 0.08950617283950627 0.11934156378600823
0 0.4672504608196159 0.3725275301021186 0.06288580246913579 0.10751028806584365
0 0.6829523533950617 0.4074712315195854 0.11805555555555555 0.06893004115226338
0 0.4730578596536351 0.20791037951531777 0.09220679012345682 0.09876543209876543
0 0.8063976230281207 0.4197916666666667 0.10146604938271603 0.041666666666666664
0 0.8048597715192044 0.5828727518670934 0.10918209876543207 0.05812757201646085
0 0.7172579625342935 0.5607781778692272 0.07368827160493825 0.08487654320987661
0 0.35188400205761317 0.8025824950464867 0.04629629629629631 0.1224279835390947
0 0.12040278849451302 0.8030916590458772 0.046682098765432105 0.11676954732510275
0 0.28629945773319615 0.80412570492303 0.048996913580246944 0.1224279835390947
0 0.17981690457818927 0.7861401653711324 0.04745370370370373 0.1424897119341563
0 0.056744309413580246 0.7917843126047859 0.04513888888888888 0.12705761316872433
0 0.4776810592421125 0.7068796677335771 0.08294753086419754 0.09670781893004106
0 0.409368034122085 0.8123442501143118 0.045524691358024685 0.10956790123456793
0 0.5760550625857339 0.7094602575826856 0.07484567901234572 0.10596707818930043
0 0.666715963648834 0.8719997904282883 0.07098765432098762 0.09310699588477366
0 0.00813159079218107 0.7866336114921505 0.04282407407407407 0.11985596707818921
0 0.4116804376714678 0.6050735406188081 0.04205246913580246 0.14609053497942381
0 0.6728960369513032 0.7356733920134126 0.08140432098765428 0.08281893004115227
0 0.8468953617969823 0.8730200236244475 0.08487654320987635 0.0838477366255144
0 0.7469719864540465 0.8709709838439262 0.08410493827160492 0.09310699588477366
0 0.7708853094993141 0.7346360120408475 0.07484567901234572 0.07355967078189302
0 0.8611657664609054 0.7228252171925011 0.07870370370370365 0.09567901234567905
0 0.5687347286522634 0.8915280635573847 0.08912037037037039 0.0725308641975308
0 0.48230479466735254 0.8956428135954886 0.07445987654320985 0.07201646090534973
0 0.5567614561899863 0.5453613206828227 0.06983024691358032 0.10133744855967079
0 0.915951056670096 0.4007777968297516 0.0806327160493827 0.06224279835390942
0 0.9128533843449931 0.16778501752781588 0.06442901234567905 0.09670781893004114
0 0.5355449995713306 0.3797115531169029 0.07368827160493817 0.08847736625514402
0 0.6393231845850481 0.5551249809480262 0.06983024691358015 0.09053497942386836
0 0.474201603223594 0.5253157864654779 0.0725308641975308 0.11882716049382709
0 0.4105289244684499 0.40548839734796527 0.05054012345679016 0.14969135802469138
0 0.25003563314471877 0.4116574264593812 0.051311728395061706 0.14557613168724284
0 0.20218969693072705 0.410626238378296 0.04205246913580246 0.1430041152263374
0 0.14972457990397803 0.4188524043590916 0.047839506172839524 0.1383744855967079
0 0.02856974451303155 0.24494360615759792 0.029320987654320986 0.09465020576131687
0 0.9186473872599451 0.5767108672458466 0.07445987654320985 0.06995884773662561
0 0.9452530221193415 0.7079118084133517 0.0532407407407408 0.10030864197530867
0 0.9379222393689985 0.8735291876238378 0.05246913580246921 0.07818930041152264
0 0.7901936514060357 0.16421039094650203 0.10108024691358015 0.12500000000000003
