0 0.00576248288341158 0.15091886193705442 0.0585387323943662 0.1050469483568075
0 0.0009337710289514868 0.2560049339245349 0.07702464788732394 0.14730046948356812
0 0.07663707942097026 0.2542487176143279 0.07570422535211267 0.15199530516431922
0 0.15673965669014087 0.24838180316466701 0.07130281690140844 0.15375586854460088
0 0.23025081915101725 0.25013801947487396 0.08230633802816899 0.14906103286384978
0 0.24697647691705787 0.12218961919666145 0.08274647887323947 0.13380281690140844
0 0.3565642116588419 0.1386090462528256 0.07218309859154932 0.1203051643192488
0 0.34644402875586855 0.2589299687010954 0.07658450704225352 0.1373239436619719
0 0.46175848493740224 0.24075704225352113 0.07306338028169014 0.15845070422535212
0 0.4344685299295774 0.1145605112154408 0.07130281690140844 0.13380281690140847
0 0.5044530638693271 0.09932511737089203 0.07438380281690134 0.15845070422535212
0 0.5779541397691705 0.10576856198921926 0.07086267605633813 0.1455399061032864
0 0.6659777239827855 0.15383520257346547 0.06426056338028169 0.08568075117370892
0 0.7381632678012521 0.15207192227438707 0.067781690140845 0.08274647887323944
0 0.8125400405907668 0.1579448139454008 0.057658450704225414 0.08744131455399061
0 0.5779590302230047 0.25424219700921574 0.07790492957746488 0.14495305164319253
0 0.6624660724765258 0.24250728134237523 0.0779049295774648 0.14730046948356812
0 0.7425707893192489 0.2301893149017562 0.07658450704225352 0.1537558685446009
0 0.894862883900626 0.24249913058598502 0.0814260563380281 0.13849765258215965
0 0.005805580007824726 0.5270942010085203 0.1205985915492958 0.10680751173708919
0 0.049790016138497664 0.6456822726482352 0.07790492957746478 0.153755868544601
0 0.16907521517996868 0.49250728134237515 0.08802816901408451 0.14730046948356812
0 0.1681934052230047 0.6456752086593636 0.08582746478873242 0.14612676056338028
0 0.275147019268388 0.48897420013910625 0.08494718309859156 0.13438967136150234
0 0.26282307560641627 0.6380515345157364 0.08494718309859156 0.15199530516431917
0 0.3556854582355243 0.6380629455746827 0.07438380281690142 0.16431924882629098
0 0.4309513766627543 0.6368886932707355 0.077024647887324 0.16373239436619721
0 0.5110600669992176 0.621634824378369 0.0814260563380281 0.1684272300469483
0 0.3759288805751174 0.4878070118240307 0.06998239436619708 0.1414319248826291
0 0.44898217429577464 0.48194227090940706 0.05545774647887324 0.1455399061032864
0 0.5079717454029734 0.48310837245696403 0.07086267605633796 0.1373239436619718
0 0.5757635221048513 0.4790096287602156 0.08538732394366204 0.147300469483568
0 0.672584727112676 0.4743191401495392 0.07130281690140844 0.15199530516431917
0 0.74697066950313 0.4713875847678664 0.0743838028169015 0.1549295774647887
0 0.8240008191510172 0.46493653277690833 0.08230633802816906 0.15962441314553996
0 0.906305628912363 0.4667025299947835 0.08010563380281689 0.16549295774647887
0 0.5924757311228481 0.6292443705442532 0.06646126760563378 0.14730046948356812
0 0.6690746038732394 0.6263296600591202 0.08714788732394373 0.16842723004694837
0 0.7570932976330202 0.6233866936185011 0.07350352112676053 0.15903755868544603
0 0.8319184639084508 0.6321857068335942 0.07526408450704215 0.15492957746478875
0 0.9107024525625977 0.626315532081377 0.07350352112676053 0.15316901408450714
0 0.2526799687010955 0.8533559380977221 0.05633802816901405 0.07511737089201873
0 0.3090283890845071 0.8515986350199966 0.07130281690140844 0.07863849765258206
0 0.3825199897300469 0.8474928273343767 0.054137323943661955 0.08098591549295775
0 0.4357831450508607 0.851591571031125 0.06294014084507041 0.07100938967136143
