0 0.19775711561032866 0.23738806294557468 0.19278169014084506 0.3227699530516432
0 0.4565195862676056 0.6932316118935836 0.13468309859154934 0.16901408450704225
0 0.6893256675469485 0.6879988262910799 0.09375 0.22183098591549286
0 0.01155491979655712 0.6896795122587377 0.1602112676056338 0.13556338028169007
0 0.24789190874413142 0.6838354199269692 0.1333626760563381 0.1619718309859155
0 0.004099422926447574 0.35525941140671186 0.19894366197183097 0.22946009389671354
0 0.16159343212050079 0.6884628760215615 0.08890845070422537 0.08920187793427224
0 0.023866942977308295 0.24656853155972877 0.14304577464788734 0.09683098591549293
0 0.5933697672143975 0.6903277690836376 0.08626760563380276 0.20187793427230044
0 0.7927639622456963 0.6879917623022085 0.10123239436619716 0.21420187793427226
