0 0.0016385888203017834 0.17757963725041917 0.13734567901234568 0.11934156378600826
0 0.15943260245198904 0.17755868007925624 0.13850308641975306 0.09670781893004117
0 0.31955321930727015 0.17603642737387593 0.15663580246913583 0.11934156378600826
0 0.18334431798696846 0.08391775262917239 0.12692901234567897 0.07561728395061729
0 0.3206846386316873 0.0808213305898491 0.11921296296296298 0.0648148148148148
0 0.45918531378600824 0.06386316872427983 0.1157407407407408 0.08333333333333333
0 0.485025505829904 0.1728942805974699 0.10339506172839508 0.05915637860082307
0 0.013203017832647462 0.41064100365797895 0.12345679012345678 0.15895061728395063
0 0.14126987954389572 0.42710619570187475 0.09529320987654322 0.16358024691358025
0 0.24894520533264744 0.34832390260631 0.14776234567901234 0.0787037037037037
0 0.2616702567729767 0.44245256058527666 0.13850308641975306 0.07098765432098768
0 0.26514140732167346 0.5226785169943605 0.13695987654320993 0.048353909465020634
0 0.2582050004286694 0.5890379705837525 0.14853395061728392 0.04989711934156381
0 0.3932594414437586 0.3544938843164152 0.1824845679012346 0.0756172839506173
0 0.4113843878600823 0.4527425316262764 0.17129629629629634 0.07304526748971191
0 0.41947579089506176 0.5298801630848956 0.15625 0.048353909465020634
0 0.4102192108196159 0.6013779340039628 0.1601080246913581 0.0437242798353909
0 0.5896117326817557 0.38791342783112326 0.15200617283950627 0.057613168724279844
0 0.5942467206790123 0.46199559899405573 0.15972222222222215 0.06635802469135815
0 0.6007954496742113 0.5391422801402225 0.14544753086419762 0.05144032921810709
0 0.5861301333161865 0.6116802888279226 0.13850308641975326 0.05915637860082307
0 0.007409818672839507 0.6617650701112635 0.11458333333333333 0.2618312757201647
0 0.13203607253086422 0.7661008230452674 0.13194444444444445 0.16666666666666666
0 0.3955766675240055 0.7949421772595641 0.18595679012345676 0.20421810699588486
0 0.583822552297668 0.864323273891175 0.14891975308641975 0.13580246913580254
0 0.5984750085733883 0.6981953017832648 0.13734567901234557 0.16203703703703703
0 0.7708925432956104 0.8586700769699741 0.08526234567901238 0.14146090534979427
0 0.8608198838305897 0.7373833066605701 0.13618827160493827 0.2628600823045268
0 0.8812553583676268 0.5422825217192501 0.11882716049382715 0.10956790123456793
0 0.8924353245027434 0.19404768709038253 0.1068672839506173 0.12705761316872427
0 0.8835685656721536 0.08394252019509221 0.11651234567901238 0.10236625514403293
0 0.5996332197359396 0.19249495122694713 0.1385030864197531 0.11676954732510289
