0 0.2690143901604069 0.0009058207268301165 0.12720070422535218 0.3444835680751173
0 0.5172486306729265 0.0009069074943488089 0.11971830985915485 0.34565727699530513
0 0.39313288585680745 0.0009031038080333856 0.1254401408450705 0.3415492957746479
0 0.7465601770344288 0.0009031038080333856 0.11707746478873243 0.3415492957746479
0 0.007127836463223788 0.0009128847157016171 0.12323943661971831 0.352112676056338
0 0.6730499315336462 0.5290976569292297 0.10739436619718319 0.369131455399061
0 0.5740075435250392 0.5466918796731003 0.09198943661971823 0.3568075117370892
0 0.7857159013106416 0.5331839027995131 0.0928697183098592 0.34565727699530513
0 0.8763791079812207 0.5320074769605285 0.08450704225352124 0.3427230046948358
0 0.4908163390062598 0.5537373934967832 0.08538732394366196 0.3603286384976525
0 0.3129930188771518 0.5602090940705964 0.07614436619718307 0.37793427230046955
0 0.2152939774061033 0.5602058337680405 0.09375 0.3744131455399061
0 0.12461823894757433 0.5672535211267605 0.08406690140845069 0.38028169014084506
0 0.06430366050469484 0.5842570857242219 0.0620598591549296 0.36384976525821605
0 0.14709170823552425 0.0009069074943488089 0.12191901408450705 0.34565727699530513
0 0.0026744669405320814 0.5877782124847853 0.04841549295774648 0.36384976525821605
0 0.641799320226917 0.000896039819161885 0.10651408450704222 0.3339201877934272
0 0.8521527166471047 0.07183152929925231 0.057658450704225414 0.2541079812206573
0 0.9555809247848199 0.5319976960528603 0.050616197183098656 0.33215962441314567
0 0.4511706523865415 0.6399370761606676 0.03785211267605636 0.2869718309859155
0 0.9115671459311425 0.0694993262041384 0.051056338028168904 0.2705399061032863
0 0.9683318661971831 0.07125717266562337 0.0316901408450704 0.2676056338028169
