0 0.0008321544924554184 0.16988645023624446 0.08719135802469136 0.14403292181069954
0 0.002801622513717421 0.3710152796829752 0.1454475308641975 0.14094650205761317
0 0.005108399777091906 0.7553054983996342 0.13387345679012344 0.17438271604938266
0 0.1424771197702332 0.7511393080323121 0.16705246913580246 0.11934156378600826
0 0.3446097500857339 0.7069568282274044 0.12692901234567902 0.1800411522633745
0 0.4839541002229081 0.7311271147690901 0.2272376543209876 0.17283950617283947
0 0.723507426697531 0.6694711172077428 0.1840277777777778 0.2510288065843621
0 0.9174910515260631 0.6405778463648834 0.07600308641975317 0.1574074074074074
0 0.9139888224451302 0.8283193301326018 0.032793209876543335 0.14043209876543206
0 0.9479405114026064 0.8267694520652339 0.03433641975308635 0.13323045267489725
0 0.36391969950274355 0.36390413046791653 0.15547839506172842 0.2386831275720165
0 0.5305933320473251 0.3437938195397043 0.16550925925925922 0.1862139917695473
0 0.7778811942729766 0.3484625057155922 0.1489197530864197 0.22839506172839497
0 0.43755840620713304 0.10352794924554184 0.08410493827160492 0.14351851851851846
0 0.5398067772633744 0.23205875628715136 0.09953703703703715 0.06790123456790119
0 0.5738214270404663 0.15955027815881728 0.19174382716049382 0.09207818930041153
0 0.7936824845679012 0.09734558375247675 0.125 0.1332304526748971
0 0.7574438443072702 0.2320516117969822 0.1635802469135803 0.06018518518518516
0 0.8087119020061728 0.04429059975613474 0.10069444444444445 0.05606995884773662
0 0.9356157300240054 0.3484653635116598 0.06442901234567905 0.23148148148148143
