0 0.3253086419753086 0.049055974698978815 0.11111111111111115 0.20267489711934158
0 0.4475876628943759 0.1004486739826246 0.08179012345679015 0.1512345679012346
0 0.5397896304869684 0.15185661484529797 0.07484567901234572 0.11625514403292182
0 0.2878638331618656 0.37568968145099835 0.07947530864197531 0.18930041152263374
0 0.3738803690843622 0.37723432022557535 0.054398148148148175 0.19084362139917688
0 0.43409073859739367 0.37416028425544884 0.09066358024691357 0.2042181069958848
0 0.5374833890603566 0.3561676002133821 0.08719135802469134 0.21656378600823048
0 0.6404471021947873 0.41835419524462736 0.021604938271605 0.15586419753086417
0 0.666682473851166 0.42863511659807957 0.0227623456790123 0.14814814814814808
0 0.6917609739369 0.43325903063557386 0.02469135802469135 0.1419753086419753
0 0.7280644504458164 0.33041361835086114 0.07947530864197525 0.18004115226337444
0 0.8117868012688615 0.39522033607681756 0.08410493827160492 0.1712962962962963
0 0.3206883894890261 0.6298525377229082 0.12461419753086417 0.24074074074074073
0 0.4487389081790123 0.6740416857186404 0.07291666666666667 0.18724279835390953
0 0.5247465492112483 0.7192605928974242 0.07947530864197531 0.1347736625514404
0 0.6065524798525378 0.6360072778539858 0.10223765432098762 0.22119341563786
0 0.8280006858710562 0.6390779797286998 0.0987654320987654 0.20421810699588477
