0 0.04439916623799726 0.16375171467764063 0.045910493827160496 0.18518518518518517
0 0.16014526534636486 0.9085209952751104 0.053626543209876545 0.09156378600823048
0 0.08992626886145404 0.45493779530559364 0.04938271604938274 0.22170781893004127
0 0.45335112311385456 0.42195406569120564 0.0478395061728396 0.15483539094650195
0 0.22265062371399177 0.11029521033379057 0.06134259259259258 0.2299382716049383
0 0.7006547925240055 0.1431755829903978 0.05401234567901238 0.18518518518518515
0 0.6254120584705075 0.15088448788294467 0.03780864197530865 0.1774691358024691
0 0.30442761917009603 0.4116779073311995 0.042438271604938294 0.1676954732510288
0 0.26430657364540466 0.6349603718945283 0.045910493827160476 0.20164609053497948
0 0.6643762324245541 0.16219231062338058 0.035108024691358014 0.1676954732510288
0 0.36190897205075445 0.6251862330437433 0.03780864197530865 0.20113168724279842
0 0.25156651877572017 0.42400977366255144 0.03356481481481484 0.15277777777777773
0 0.18366474837105626 0.6293033645785704 0.032793209876543175 0.20318930041152253
0 0.6246484910836763 0.4306836800792562 0.0493827160493827 0.13837448559670784
0 0.13428578317901235 0.6375328646547782 0.03819444444444443 0.20216049382716042
0 0.5771963948902606 0.4337753391251334 0.05169753086419754 0.14403292181069963
0 0.001954196673525377 0.16016375171467764 0.036265432098765434 0.19907407407407407
0 0.3908508551954732 0.1462686709343088 0.04745370370370373 0.19238683127572015
0 0.17094371570644717 0.12827979728699893 0.047839506172839504 0.20884773662551437
0 0.34223974408436214 0.1452408169486359 0.04745370370370369 0.19341563786008228
0 0.5505693265603567 0.14677307194025302 0.04205246913580238 0.18158436213991763
0 0.21028833376200273 0.6287813404968755 0.03742283950617282 0.1949588477366254
0 0.1732502250514403 0.43223260554793475 0.035879629629629664 0.14454732510288062
0 0.4637651105967079 0.15243436595031246 0.04398148148148151 0.18467078189300407
0 0.4031941229423869 0.44816148452979726 0.04398148148148151 0.125514403292181
0 0.40241903506515775 0.6303336000609663 0.038966049382716035 0.20473251028806594
0 0.2133731460048011 0.42760726261240667 0.035108024691358014 0.14917695473251022
0 0.0004160772462277092 0.4888684080170706 0.04359567901234568 0.20010288065843618
0 0.6775181648662552 0.4245179850632525 0.07060185185185183 0.14609053497942398
0 0.2928570280349794 0.14524319844535896 0.04745370370370369 0.19598765432098766
0 0.5262715406378601 0.4152730147843317 0.05324074074074064 0.16152263374485587
0 0.35188132287379975 0.41167409693644264 0.04243827160493822 0.16358024691358022
0 0.5914558149005488 0.15243007925621097 0.029706790123456745 0.1800411522633745
0 0.5119845250342935 0.15242865035817713 0.03549382716049389 0.17849794238683128
0 0.44253552597736623 0.6519037684804145 0.028935185185185237 0.1671810699588477
0 0.1450815543552812 0.4281211896052431 0.028549382716049385 0.14866255144032917
0 0.8688941400891633 0.1241302773967383 0.09645061728395063 0.1718106995884774
0 0.807139489026063 0.1215563557384545 0.0586419753086419 0.16975308641975304
0 0.033979552469135796 0.7450469631153788 0.041666666666666664 0.206275720164609
0 0.31600571201989025 0.6262074188385917 0.048225308641975315 0.19290123456790126
0 0.6015073088134432 0.7094678783721994 0.059413580246913573 0.11419753086419746
0 0.542473100994513 0.7130691777168113 0.05015432098765429 0.11471193415637873
0 0.10226900077160495 0.784136850327694 0.04513888888888887 0.2011316872427983
0 0.21840117026748973 0.8905306927297668 0.053240740740740713 0.1064814814814816
0 0.001952321244855967 0.784107319768328 0.03356481481481481 0.16923868312757184
0 0.47687542866941013 0.670925735406188 0.03395061728395071 0.15534979423868317
0 0.06638428069272977 0.7630520309404055 0.03780864197530864 0.2073045267489712
0 0.8295189793381343 0.8323926421277243 0.06288580246913587 0.095164609053498
0 0.6612949031207133 0.6760554793476604 0.042438271604938335 0.1399176954732511
0 0.8962885266632374 0.8334204961133974 0.09992283950617285 0.09413580246913576
0 0.5023330332647462 0.42092621170553274 0.026234567901234605 0.15586419753086414
0 0.037069990997942386 0.4647076474622771 0.04745370370370371 0.21759259259259264
0 0.706046917866941 0.6704079980185947 0.040895061728395 0.15174897119341554
