0 0.0008101851851851853 0.01726823273891175 0.05555555555555555 0.31635802469135804
0 0.05523914394718793 0.03833781054717269 0.09992283950617281 0.2937242798353909
0 0.16170803326474623 0.02961200655387898 0.08179012345679013 0.3143004115226337
0 0.24236834490740738 0.009578856119493979 0.12152777777777782 0.34516460905349794
0 0.3673554848251029 0.005467440176802317 0.10300925925925929 0.3492798353909465
0 0.47384420010288064 0.005476013565005335 0.11342592592592596 0.35853909465020584
0 0.5930603780864198 0.0008392394452065234 0.11805555555555548 0.35082304526748975
0 0.7165093985768176 0.007017794543514708 0.1068672839506173 0.3569958847736626
0 0.8310841585219478 0.009599813290656912 0.09452160493827175 0.367798353909465
0 0.9390833976337448 0.014230871818320378 0.057870370370370315 0.36934156378600824
0 0.050606299296982175 0.4497832837982015 0.09529320987654322 0.21039094650205767
0 0.1991308727709191 0.5572040275872581 0.08179012345679013 0.1136831275720164
0 0.29444685570987655 0.45288780292638314 0.11458333333333333 0.22993827160493827
0 0.4059491276577504 0.49707885611949393 0.12229938271604937 0.1784979423868313
0 0.6339616019375858 0.4544295839048925 0.12692901234567913 0.22839506172839502
0 0.7631952481995885 0.4498056698673983 0.1122685185185184 0.23456790123456783
0 0.05947680898491084 0.7692305860387135 0.09104938271604937 0.21347736625514402
0 0.15282332390260633 0.7389127038561195 0.0655864197530864 0.24794238683127556
0 0.2311484589334705 0.7480671772595641 0.07600308641975305 0.1347736625514404
0 0.31023019547325104 0.7450112406645328 0.06481481481481484 0.1676954732510288
0 0.38430319787379963 0.754282883706752 0.06327160493827166 0.1810699588477366
0 0.44988667052469145 0.7599403673220545 0.0590277777777777 0.1800411522633745
0 0.5135456854423869 0.7542733577198598 0.06134259259259262 0.17078189300411523
0 0.5783484439300413 0.7583190443529949 0.04398148148148143 0.09567901234567915
0 0.6609262474279837 0.7676297439414724 0.06712962962962968 0.1512345679012346
0 0.7326844350137175 0.7552773967383021 0.06558641975308635 0.14403292181069957
0 0.818742230366941 0.7630410760554794 0.09992283950617285 0.19547325102880656
