0 0.3113750107167353 0.24404149519890259 0.04668209876543206 0.23148148148148154
0 0.1744212962962963 0.7840949359853682 0.05555555555555554 0.15586419753086414
0 0.09226144547325102 0.7789666209419296 0.0787037037037037 0.17283950617283958
0 0.8129332240226336 0.3653382677945435 0.06828703703703715 0.12088477366255149
0 0.6906161586934156 0.2620298925468678 0.04282407407407405 0.21450617283950618
0 0.5849129801097394 0.2759078265508307 0.052469135802469126 0.20267489711934147
0 0.1049698859739369 0.2743550906873952 0.045524691358024685 0.19238683127572015
0 0.6416219242969822 0.27590496875476306 0.04668209876543206 0.19958847736625512
0 0.15630974579903978 0.5227642508763908 0.08603395061728393 0.14094650205761322
0 0.00199358067558299 0.30468202255753696 0.09297839506172842 0.1676954732510288
0 0.37040600351508907 0.25535074683737236 0.051311728395061824 0.22325102880658435
0 0.44565757887517143 0.5315634049687546 0.08024691358024698 0.19958847736625523
0 0.2523362482853224 0.3026239330894681 0.030864197530864168 0.1671810699588477
0 0.25352982467421126 0.5227694901691814 0.08294753086419754 0.1466049382716051
0 0.34805437671467765 0.5227680612711476 0.08719135802469134 0.1450617283950619
0 0.20025746956447188 0.30313500228623685 0.03742283950617286 0.16358024691358025
0 0.06641509130658436 0.5315119646395365 0.08217592592592592 0.14403292181069968
0 0.1539649241255144 0.28206542447797595 0.042824074074074105 0.1862139917695473
0 0.5259007415980796 0.5228280749885688 0.07484567901234564 0.20987654320987661
0 0.4213249635631001 0.26871427754915417 0.041280864197530874 0.21141975308641975
0 0.6030620391803841 0.5238054412437128 0.07600308641975309 0.15432098765432106
0 0.4656976058813443 0.27744960752934 0.0489969135802469 0.20113168724279837
0 0.7905641825274349 0.5603128334095412 0.07908950617283937 0.13786008230452676
0 0.6894967956961591 0.5284422153635118 0.09760802469135818 0.16203703703703692
0 0.6316154406721537 0.8144223441548544 0.08179012345679008 0.13168724279835387
0 0.5374791023662552 0.8041409465020577 0.08101851851851849 0.13888888888888878
0 0.018558974194101508 0.7840935070873343 0.05825617283950617 0.15432098765432084
0 0.23539550111454044 0.7887331390032006 0.08063271604938274 0.1651234567901235
0 0.4649359139231824 0.8041128448407255 0.06327160493827158 0.10853909465020571
0 0.7199690286351166 0.8082509335467155 0.0887345679012346 0.13323045267489703
0 0.739235307355967 0.3663618350861149 0.05439814814814825 0.11522633744855969
0 0.000424650634430727 0.5407793209876544 0.05594135802469136 0.1527777777777778
