0 0.2535244663065844 0.3860144223441549 0.07523148148148151 0.22890946502057613
0 0.34457492069615914 0.3844531130925164 0.07677469135802464 0.20936213991769556
0 0.16557838220164608 0.7363235406188081 0.09953703703703701 0.22942386831275724
0 0.07297158993484225 0.7496737349489407 0.07908950617283952 0.20318930041152264
0 0.8820264274691358 0.5726566072245085 0.11805555555555555 0.13580246913580243
0 0.07757978609396433 0.3865216811461667 0.048225308641975315 0.2211934156378601
0 0.006597758058984911 0.34951560356652944 0.05632716049382716 0.25462962962962976
0 0.699584458590535 0.5747042181069959 0.17939814814814808 0.125
0 0.1844443908607682 0.3628977099527511 0.0443672839506173 0.26286008230452673
0 0.5475498864026064 0.4502033798201494 0.138503086419753 0.10853909465020577
0 0.5271125364368998 0.11584552659655539 0.15316358024691373 0.1131687242798354
0 0.703424532750343 0.4496870713305898 0.15354938271604937 0.10648148148148148
0 0.8654433513374485 0.24803097850937356 0.1273148148148149 0.095679012345679
0 0.8835632073045268 0.4563805060204237 0.10879629629629635 0.1131687242798354
0 0.6848995841906722 0.14256687242798355 0.14429012345679015 0.08333333333333336
0 0.5352221579218107 0.2295243674744704 0.16435185185185183 0.10853909465020574
0 0.7022807891803841 0.2356981595793324 0.17322530864197525 0.10956790123456789
0 0.8573522162208503 0.14153616064624297 0.142746913580247 0.08127572016460902
0 0.6988198195301784 0.7975018099375095 0.18942901234567905 0.19084362139917693
0 0.36501093106995885 0.7512417123914038 0.06018518518518516 0.2299382716049382
0 0.42722774134087793 0.6514260402377687 0.20794753086419754 0.20679012345679015
0 0.4318501371742113 0.8689362330437433 0.19753086419753096 0.11779835390946497
0 0.00621383101851852 0.8298568244170096 0.059027777777777776 0.13425925925925927
0 0.9136397247942385 0.8098470126505106 0.08564814814814825 0.19032921810699588
