0 0.06881162122770919 0.012481900624904738 0.1998456790123457 0.147119341563786
0 0.27406174982853226 0.012473327236701722 0.20447530864197533 0.13786008230452676
0 0.48624989283264747 0.0037279949702789207 0.19984567901234562 0.13734567901234568
0 0.691827149777092 0.006814414723365341 0.11998456790123452 0.13734567901234568
0 0.05637431412894376 0.34286408321902145 0.06790123456790123 0.29320987654320996
0 0.12777375900205762 0.3397748056698674 0.10532407407407404 0.2901234567901234
0 0.23541211205418378 0.33206732967535435 0.10455246913580246 0.2993827160493828
0 0.3434137624314129 0.3485077541533303 0.07137345679012341 0.2772633744855967
0 0.4182602451989027 0.3438809823197683 0.07253086419753087 0.28034979423868317
0 0.4908179012345679 0.4739030826093584 0.11111111111111104 0.14866255144032925
0 0.5965213477366256 0.36532826550830666 0.1018518518518519 0.11008230452674905
0 0.6030842764060357 0.47544343468983385 0.1080246913580246 0.14557613168724276
0 0.7030084555041152 0.34117369684499316 0.10995370370370365 0.13425925925925927
0 0.711109503600823 0.4800616331351928 0.10879629629629627 0.13323045267489703
0 0.08572075402949246 0.7769156759640299 0.10455246913580248 0.1800411522633744
0 0.19143036265432098 0.7707428364578571 0.10416666666666667 0.1800411522633745
0 0.30835530264060357 0.8128777053802775 0.1427469135802469 0.1301440329218106
0 0.4568948795438957 0.8067134392623075 0.15084876543209874 0.13940329218106995
0 0.6100198795438958 0.8041452331961592 0.09529320987654318 0.14351851851851852
0 0.7134157450274349 0.8041423754000915 0.09645061728395063 0.14043209876543206
0 0.22999801740397802 0.685771033379058 0.08603395061728397 0.07716049382716053
0 0.37392377186213993 0.6796067672610882 0.11689814814814817 0.08641975308641979
0 0.8993693201303155 0.35142842173449174 0.09182098765432095 0.09825102880658435
0 0.9186522097908094 0.45430717497332723 0.08140432098765428 0.0961934156378601
0 0.9221220207475994 0.6585367131534826 0.07793209876543207 0.10853909465020571
