0 0.3116759585289514 0.6392996870109545 0.08098591549295778 0.23239436619718315
0 0.26943252396322376 0.22789025821596245 0.09551056338028177 0.20598591549295775
0 0.8055194884585289 0.6539514866979657 0.08890845070422541 0.21126760563380279
0 0.8596919625391237 0.34987502173535034 0.1395246478873239 0.11854460093896711
0 0.2544338077073553 0.640442966440619 0.04665492957746472 0.19953051643192485
0 0.4670585142801252 0.2366941618848896 0.09947183098591547 0.20715962441314556
0 0.40936460778560246 0.649817966440619 0.04841549295774649 0.18368544600938974
0 0.3935287069640063 0.23377347417840377 0.061619718309859114 0.22183098591549297
0 0.7804048684467918 0.335811163275952 0.0506161971830985 0.14084507042253522
0 0.15849716353677623 0.6257716049382716 0.06690140845070422 0.19953051643192485
0 0.0673922877543036 0.6298594809598331 0.07306338028169014 0.17781690140845072
0 0.596869192586072 0.3023876282385672 0.055017605633802764 0.1701877934272301
0 0.6739189040492958 0.328757498695879 0.09110915492957743 0.12852112676056338
0 0.22450423024256652 0.24959843940184315 0.046654929577464796 0.20011737089201878
0 0.6646872554773082 0.1656228264649626 0.10739436619718311 0.1402582159624413
0 0.9503010685641629 0.6550980264301861 0.05325704225352123 0.18192488262910803
0 0.11933777142018778 0.22145116066770995 0.0858274647887324 0.22359154929577463
0 0.003113385172143975 0.2888649800034777 0.046654929577464796 0.1431924882629108
0 0.0017896004499217528 0.6744250999826118 0.04181338028169014 0.13967136150234738
0 0.0537289710485133 0.282431859676578 0.045774647887323966 0.16725352112676053
0 0.8486893583724568 0.16269507476960526 0.14084507042253527 0.14730046948356806
0 0.7297923391040689 0.6492615414710484 0.05589788732394349 0.21654929577464793
0 0.9040801667644758 0.666269996522344 0.04445422535211287 0.20539906103286387
0 0.46440758264866977 0.6492387193531559 0.08494718309859163 0.19190140845070425
0 0.6316571302816901 0.7383786515388628 0.079225352112676 0.125
0 0.5682545358959311 0.7108204007998609 0.04709507042253528 0.15082159624413144
