0 0.7434935568270736 0.19555077377847327 0.1377640845070423 0.13849765258215968
0 0.38126406005477315 0.03650343418535907 0.14700704225352107 0.12793427230046947
0 0.8728818221830985 0.08984361415406017 0.1188380281690142 0.05927230046948354
0 0.5458672608568076 0.051162297861241525 0.13336267605633803 0.11443661971830986
0 0.011142287754303598 0.1597510215614676 0.19982394366197181 0.13673708920187794
0 0.39975425469483566 0.17326551904016693 0.15316901408450712 0.15492957746478872
0 0.173496491099374 0.48784015823335075 0.11663732394366198 0.17723004694835676
0 0.30729716842723004 0.48902527821248476 0.11355633802816899 0.18955399061032865
0 0.6906430335485133 0.5013367240479916 0.08934859154929582 0.176056338028169
0 0.21313484203834115 0.02594277082246566 0.15360915492957755 0.13086854460093897
0 0.5775644317292645 0.17150386889236655 0.14348591549295778 0.15375586854460088
0 0.034873520637715184 0.018315292992523036 0.14744718309859156 0.13262910798122068
0 0.21446535113458529 0.1580105633802817 0.16813380281690138 0.1584507042253521
0 0.6867337270148669 0.05586528429838289 0.16417253521126765 0.12323943661971831
0 0.4358106538536776 0.4966424317509999 0.10255281690140844 0.17664319248826288
0 0.8328571253912361 0.5705018692401322 0.15933098591549313 0.08568075117370881
0 0.8975150381455399 0.19551273691531906 0.09771126760563394 0.09741784037558687
0 0.8645231196205008 0.051103069031472784 0.12455985915492944 0.0504694835680751
0 0.112784257629108 0.6997859067988176 0.15580985915492956 0.27582159624413155
0 0.28443582501956177 0.7074188184663537 0.15096830985915496 0.27992957746478875
0 0.4459534551056337 0.7003722178751521 0.13072183098591555 0.2752347417840377
0 0.0005235842136150236 0.6880662058772389 0.12015845070422536 0.294600938967136
0 0.7610943001760565 0.7003792818640235 0.13072183098591522 0.2828638497652582
0 0.5890065654342723 0.6956887932533473 0.1412852112676056 0.28755868544600927
0 0.8139457404147105 0.004742110067814293 0.18045774647887325 0.05105633802816901
0 0.9120311277386542 0.29529647017909927 0.08538732394366187 0.11737089201877932
0 0.8891615316901408 0.1567276343244653 0.11091549295774648 0.04049295774647885
0 0.5586142287754304 0.5013394409667883 0.1087147887323944 0.17899061032863847
0 0.025171777190923318 0.489008433315945 0.12059859154929575 0.17136150234741784
0 0.8913573454616588 0.7378999304468787 0.10387323943661973 0.2417840375586856
