0 0.21803331832990397 0.718849546563024 0.07908950617283952 0.24639917695473237
0 0.3125495649005487 0.7168019356805365 0.0713734567901235 0.25720164609053503
0 0.0652483067558299 0.7317229652491998 0.06867283950617285 0.2608024691358025
0 0.45839388288751715 0.15803135954884923 0.08719135802469143 0.11831275720164608
0 0.7531362525720167 0.7651048811156835 0.0717592592592592 0.20216049382716064
0 0.1867870691872428 0.36078198826398417 0.08449074074074076 0.20010288065843618
0 0.3044640560699588 0.3576603223593964 0.09490740740740743 0.16203703703703715
0 0.06065591778120713 0.11063814586191129 0.1222993827160494 0.044753086419753084
0 0.29786710176611797 0.17039609053497942 0.03973765432098766 0.13888888888888892
0 0.5417199824245541 0.39263498323426305 0.07677469135802469 0.15689300411522636
0 0.5591303905178326 0.1653054031397653 0.1477623456790124 0.1965020576131687
0 0.06716365526406036 0.40193425163846974 0.048996913580246916 0.20010288065843623
0 0.7080790787894375 0.3200964982472184 0.18942901234567905 0.1486625514403292
0 0.8017414694787379 0.5979190481633897 0.06327160493827175 0.19701646090534974
0 0.6297199181241427 0.10807994208199968 0.1300154320987654 0.05967078189300413
0 0.7531258037551442 0.6483562909617436 0.05671296296296286 0.2247942386831275
0 0.0077551654663923185 0.6592211553116903 0.05632716049382716 0.29218106995884763
0 0.6377630958504801 0.6720774272214601 0.0455246913580246 0.28806584362139925
0 0.7133809156378601 0.78360768175583 0.04629629629629635 0.18518518518518517
