0 0.00624724911971831 0.1692558902799513 0.1227992957746479 0.26115023474178406
0 0.14264108959311425 0.21088506346722308 0.051056338028169 0.22065727699530513
0 0.20165144512910796 0.20795948530690314 0.09639084507042253 0.2300469483568075
0 0.3037622872652582 0.2091234133194227 0.09375 0.21948356807511743
0 0.4010392214397496 0.20443455486002435 0.10211267605633804 0.22593896713615025
0 0.5062145442097026 0.20326736654494867 0.07570422535211278 0.23298122065727703
0 0.5876497701486698 0.2061875108676752 0.08890845070422526 0.2177230046948357
0 0.6835796899452269 0.2044258607198748 0.058978873239436624 0.21654929577464785
0 0.7452284453247262 0.2032603025560772 0.10079225352112675 0.2253521126760564
0 0.8525971366392802 0.27536950095635543 0.06382042253521121 0.14553990610328635
0 0.003603958822378717 0.5876901843157711 0.11927816901408451 0.2687793427230046
0 0.16024641774256654 0.6046845113893237 0.05061619718309858 0.24237089201877937
0 0.21001320422535213 0.6064521387584767 0.09507042253521125 0.25
0 0.3186925371674492 0.602927208311598 0.04401408450704222 0.2458920187793427
0 0.36758118153364633 0.6029326421491914 0.09154929577464783 0.2517605633802817
0 0.46705301251956177 0.6064575725960701 0.0915492957746479 0.255868544600939
0 0.5664927499021909 0.6152468049034951 0.04533450704225359 0.24119718309859142
0 0.6224251760563381 0.6082099852199618 0.09507042253521128 0.24706572769953045
0 0.7289068613067292 0.6187630412102243 0.04841549295774649 0.2359154929577465
0 0.792318930946792 0.6199372935141714 0.09419014084507024 0.23650234741784035
0 0.8838703662949922 0.6017670839853939 0.09727112676056338 0.26056338028169007
0 0.9199481611893584 0.10871967918622848 0.07746478873239432 0.16373239436619716
0 0.9269864412167449 0.27538254216657976 0.07174295774647893 0.15962441314553985
