0 0.4094202366979656 0.6145371457137889 0.12852112676056338 0.1085680751173708
0 0.15411776212832548 0.3445878977569119 0.09859154929577471 0.11267605633802814
0 0.5546813869327073 0.7155146930968528 0.14964788732394366 0.15023474178403756
0 0.1462074530516432 0.22193640236480613 0.11619718309859153 0.11384976525821594
0 0.2703363409624413 0.5934277734307077 0.12940140845070422 0.12734741784037548
0 0.42175396126760567 0.20550991131977048 0.14260563380281696 0.11971830985915488
0 0.412503362187011 0.7342679533994089 0.1316021126760563 0.12206572769953043
0 0.2989347980242566 0.2313157494348809 0.11399647887323947 0.10269953051643194
0 0.7139478799882629 0.5606601025908537 0.05677816901408445 0.2312206572769953
0 0.435387323943662 0.10748293774995653 0.1267605633802817 0.09565727699530514
0 0.427030455301252 0.3422470005216484 0.13512323943661972 0.11971830985915491
0 0.15853017410015652 0.11334767866458006 0.11443661971830986 0.09154929577464786
0 0.5709638473200312 0.21841853590679883 0.14568661971830987 0.11737089201877934
0 0.5709662925469483 0.3440059337506521 0.14920774647887325 0.1179577464788732
0 0.2751720828442879 0.7313309641801424 0.1210387323943663 0.1191314553990612
0 0.5700771469092332 0.09458029038428101 0.13644366197183094 0.10446009389671361
0 0.285298378814554 0.3434114719179273 0.12544014084507044 0.1097417840375587
0 0.8794466451486697 0.2085599243609807 0.06514084507042257 0.2447183098591549
0 0.15544368642410017 0.6080915275604243 0.10651408450704226 0.11913145539906099
0 0.943697733274648 0.2161776212832551 0.051496478873239465 0.23239436619718307
0 0.011038976917057903 0.4161966397148322 0.05105633802816901 0.1261737089201879
0 0.164237028071205 0.7248728482003131 0.09286971830985916 0.11619718309859142
0 0.7350789196987481 0.1856910754651365 0.06294014084507024 0.2646713615023474
0 0.808582135172144 0.1938994305338202 0.0625 0.2564553990610328
0 0.3218157032472614 0.905590875499913 0.10475352112676058 0.08039906103286387
0 0.046247493642410015 0.8193786950095635 0.04709507042253521 0.14025821596244137
0 0.180095547241784 0.9091125456442358 0.11223591549295778 0.08098591549295775
0 0.5801814358372457 0.9278750434707008 0.10915492957746488 0.06279342723004694
0 0.4454965033255086 0.9220124760911146 0.10651408450704222 0.06924882629107983
0 0.8349768314749607 0.9284602677795165 0.042693661971831096 0.06103286384976533
0 0.7764500195618155 0.5407135715527734 0.05985915492957743 0.23826291079812206
0 0.5766627543035994 0.5752146365849418 0.11267605633802825 0.10504694835680747
0 0.010157778266823162 0.16273148148148145 0.049735915492957736 0.18661971830985918
0 0.07091127494131455 0.4367577377847331 0.06998239436619719 0.14906103286384978
