0 0.6395808881064163 0.452068661971831 0.08098591549295778 0.2059859154929577
0 0.8495234864045385 0.172719418362024 0.07438380281690134 0.198943661971831
0 0.7716096928794992 0.17330246913580247 0.0616197183098592 0.19483568075117372
0 0.2711640502738654 0.16275593375065203 0.05369718309859151 0.2130281690140845
0 0.34379890453834117 0.16040851591027647 0.07042253521126764 0.21302816901408453
0 0.16510386101330202 0.4585093896713615 0.07350352112676053 0.19014084507042253
0 0.6228442268192489 0.15455355590332115 0.0647007042253521 0.2276995305164319
0 0.706908377347418 0.15981622761258912 0.06073943661971823 0.20715962441314553
0 0.5299852063771519 0.1756482568249 0.08010563380281689 0.193075117370892
0 0.28261565923317683 0.7313918231611892 0.06514084507042257 0.18485915492957758
0 0.43711732198748043 0.18034037558685445 0.08274647887323938 0.19014084507042256
0 0.10832110719874805 0.185049882629108 0.06690140845070422 0.2059859154929577
0 0.5599117273082942 0.45498608937576074 0.07570422535211263 0.18779342723004688
0 0.751372994913928 0.7173024256651017 0.07570422535211287 0.17957746478873232
0 0.36800390013693274 0.7272691705790297 0.06646126760563378 0.16901408450704225
0 0.4771609692879499 0.4690798339419232 0.06954225352112675 0.19776995305164316
0 0.6668662583137714 0.722002151799687 0.07614436619718311 0.18485915492957739
0 0.26104478433098594 0.4567558902799513 0.05941901408450707 0.19776995305164324
0 0.844684076682316 0.7143735872022257 0.07746478873239447 0.18544600938967135
0 0.7350801423122065 0.4420872456964006 0.06470070422535201 0.2007042253521126
0 0.40541281543427227 0.47962039210572077 0.0620598591549296 0.17312206572769956
0 0.001789906103286385 0.47084691792731703 0.04225352112676056 0.20481220657276997
0 0.022938979362284822 0.20910059120153016 0.0743838028169014 0.19483568075117372
0 0.3341090815727699 0.46787786906624934 0.06073943661971831 0.16725352112676053
0 0.40408352895148675 0.010641627543035994 0.04929577464788729 0.08450704225352113
0 0.6584870769757433 0.004773082942097027 0.05237676056338027 0.08450704225352113
0 0.00047131748826291086 0.7407814945226917 0.0448943661971831 0.18485915492957747
0 0.502236465669014 0.013566118935837247 0.05149647887323938 0.07394366197183098
0 0.24607877298513303 0.01944009737436967 0.05765845070422537 0.07981220657276995
0 0.35610450899843504 0.008293666318901063 0.04401408450704222 0.08392018779342723
0 0.7130605682707355 0.008290406016344985 0.04665492957746488 0.08039906103286386
0 0.9357718358763693 0.20848222048339418 0.04665492957746488 0.16079812206572772
0 0.9221338883998436 0.6973482872543906 0.05589788732394364 0.1784037558685446
0 0.9331456621674492 0.44089832203095114 0.067781690140845 0.18427230046948356
0 0.8037454763302034 0.44851927925578156 0.06954225352112675 0.17546948356807518
0 0.9163992199726135 0.016493327247435234 0.03741197183098595 0.06631455399061033
0 0.6197470412754303 0.012401647539558337 0.04137323943661981 0.08392018779342723
0 0.9670123606220656 0.005960376456268475 0.03301056338028177 0.09917840375586855
0 0.18623520637715177 0.17920089984350548 0.08010563380281693 0.227112676056338
0 0.20295291715571204 0.7149463136845766 0.06910211267605632 0.17018779342723
0 0.5563685935054773 0.01357698661102417 0.04401408450704222 0.08568075117370892
0 0.055075068466353676 0.4685033037732568 0.08274647887323942 0.2089201877934272
