0 0.26815580985915494 0.7876516040688576 0.15845070422535212 0.10035211267605641
0 0.5494039759389672 0.5253483089897408 0.1558098591549295 0.12265258215962452
0 0.42522404391627544 0.81171046339767 0.06910211267605636 0.09800469483568082
0 0.7157677401212832 0.4284847200486872 0.1421654929577465 0.08744131455399058
0 0.7148947941118937 0.53648604590506 0.15272887323943662 0.10915492957746477
0 0.18933972760172144 0.6749293601112851 0.11399647887323942 0.05046948356807514
0 0.12381070275821596 0.22309217962093547 0.18882042253521128 0.09448356807511736
0 0.18804345168231612 0.1414906103286385 0.1487676056338028 0.06338028169014083
0 0.20036739534428796 0.05287939054077552 0.1487676056338028 0.06748826291079814
0 0.723698527973396 0.09574530516431926 0.154049295774648 0.09507042253521128
0 0.32401212832550863 0.6872598243783689 0.09859154929577459 0.057511737089201896
0 0.7184223395931143 0.20549632672578683 0.16197183098591555 0.1050469483568075
0 0.5859038781298904 0.06874130585985047 0.1100352112676056 0.08568075117370892
0 0.5599523792057903 0.41029386193705447 0.13424295774647885 0.0892018779342723
0 0.568316889182316 0.1620788775865067 0.13688380281690143 0.1156103286384976
0 0.39663047730829415 0.5646132194400975 0.0915492957746479 0.06396713615023468
0 0.37771786971830984 0.45019181446704915 0.11091549295774641 0.08039906103286387
0 0.004909709996087636 0.23774506607546514 0.09815140845070422 0.07453051643192492
0 0.3015429381846635 0.5212131585811163 0.06690140845070422 0.09330985915492965
0 0.22012024403364636 0.5165188662841245 0.07174295774647885 0.09389671361502352
0 0.0256039710485133 0.4619837854286211 0.10915492957746478 0.13967136150234744
0 0.01854490659233177 0.6802316988349851 0.08494718309859155 0.07276995305164326
0 0.1444108225743349 0.4719353155972874 0.06426056338028167 0.11267605633802814
0 0.13958944640062598 0.3727074639193184 0.09330985915492958 0.05927230046948361
0 0.5766639769170578 0.7048638280299079 0.11443661971830986 0.055751173708920077
0 0.005799161287167448 0.14620283428968875 0.1113556338028169 0.08215962441314555
0 0.8882778878129891 0.4900837897756912 0.10607394366197175 0.06514084507042242
0 0.887829188673709 0.4214011693618501 0.09375 0.04284037558685446
0 0.7227754548122066 0.71190988523735 0.09242957746478879 0.05985915492957737
0 0.8843184541275431 0.5769719396626674 0.10871478873239432 0.10152582159624414
0 0.8451431680359937 0.7113072726482351 0.1047535211267607 0.042840375586854405
0 0.7126619962832551 0.7735486219787863 0.1065140845070423 0.08039906103286387
0 0.8433832159624414 0.8034624413145539 0.10563380281690134 0.06338028169014091
0 0.5938190776604069 0.7976199791340636 0.09947183098591547 0.09154929577464793
0 0.20515514964788734 0.740077269170579 0.07130281690140848 0.05809859154929577
0 0.004501968407668232 0.06345037819509651 0.14480633802816903 0.0757042253521127
0 0.9115870133998436 0.18556827073552426 0.07966549295774633 0.13204225352112672
0 0.448534697769953 0.6966973135106939 0.04489436619718311 0.10915492957746488
0 0.5374373410602503 0.7214294253173361 0.03653169014084515 0.20011737089201884
