0 0.33339200745884773 0.31703198826398415 0.08449074074074071 0.17232510288065847
0 0.16093883959190672 0.3196101966163694 0.08526234567901236 0.1790123456790124
0 0.010864626200274348 0.3170224622770919 0.0895061728395062 0.16203703703703698
0 0.5679976851851851 0.9028620827617742 0.13888888888888898 0.09104938271604932
0 0.4040407450274348 0.8874323654930651 0.15200617283950618 0.0936213991769546
0 0.5525318287037038 0.6349284598384393 0.09027777777777778 0.1671810699588477
0 0.44181241426611795 0.3021247713763146 0.09876543209876548 0.18364197530864196
0 0.665177576303155 0.6405606995884774 0.07793209876543214 0.138888888888889
0 0.7473623435356652 0.29599860920591375 0.0906635802469135 0.23405349794238678
0 0.22842801568930038 0.013981767261088249 0.04745370370370369 0.10030864197530864
0 0.16593578532235936 0.0016537113244932174 0.058641975308641986 0.11934156378600826
0 0.6296641911008231 0.02118817634506935 0.04976851851851849 0.10545267489711936
0 0.9282921810699588 0.32015174897119336 0.07407407407407428 0.20833333333333343
0 0.44103277177640604 0.6894209152568207 0.08719135802469134 0.13014403292181068
0 0.07375364368998628 0.8910365226337448 0.09413580246913579 0.09722222222222222
0 0.9583569101508917 0.8894961705532692 0.033950617283950636 0.10030864197530867
0 0.9344537680041152 0.630332647462277 0.057870370370370475 0.2037037037037037
0 0.8113707240226338 0.9095364654778234 0.04050925925925936 0.07716049382716042
0 0.04714747299382716 0.6241459952751105 0.11458333333333333 0.1887860082304527
