0 0.7214593114241002 0.26605862023995824 0.09859154929577459 0.2306338028169015
0 0.42832825948748043 0.6356687967310033 0.10255281690140844 0.11384976525821605
0 0.33236166128716743 0.5987165275604241 0.07966549295774648 0.1349765258215963
0 0.9388629083528951 0.2672268953225526 0.06117957746478879 0.22476525821596238
0 0.5013684101134586 0.37687902103981913 0.06910211267605636 0.1279342723004695
0 0.10085460680751174 0.31588419405320817 0.08978873239436622 0.1690140845070422
0 0.023825985426447573 0.004277516953573293 0.08406690140845069 0.18309859154929578
0 0.11405363605242566 0.0007514997391757956 0.082306338028169 0.1778169014084507
0 0.43842460142801254 0.3721830985915493 0.06382042253521121 0.12676056338028166
0 0.5555298806729265 0.621578312467397 0.10387323943661973 0.10739436619718305
0 0.688464947672144 0.6286151321509302 0.12191901408450695 0.10152582159624414
0 0.08941430702269171 0.5876010693792384 0.09463028169014084 0.17253521126760557
0 0.3671089470852895 0.2870544253173361 0.04533450704225359 0.0892018779342723
0 0.6386822672143975 0.2876461702312641 0.05457746478873236 0.09448356807511739
0 0.3191895295383411 0.8305001304121022 0.12588028169014084 0.10915492957746477
0 0.012376821694053209 0.3129553555903321 0.0761443661971831 0.17488262910798127
0 0.31912870451877934 0.29351743175099987 0.03829225352112679 0.09741784037558679
0 0.334585289514867 0.012438597635193878 0.11267605633802821 0.1238262910798122
0 0.8332547804186229 0.26370848548078596 0.09815140845070418 0.22769953051643188
0 0.09513094190140844 0.7689325769431404 0.08714788732394367 0.16549295774647882
0 0.004017202171361502 0.7882808424621804 0.08054577464788733 0.14612676056338036
0 0.5507051423122067 0.8445547513475917 0.12808098591549283 0.07687793427230044
0 0.4662069640062597 0.0007140062597809076 0.1408450704225352 0.13732394366197181
0 0.6176199995109547 0.0007379151451921405 0.14744718309859148 0.16314553990610328
0 0.7672446571791863 0.010122696052860373 0.11399647887323947 0.15786384976525822
0 0.892234876271518 0.0060375369500956354 0.09991197183098595 0.18251173708920188
0 0.5783783866392802 0.27885911145887676 0.047975352112676006 0.11150234741784036
0 0.5841081646126761 0.39329627456094596 0.059419014084507026 0.11208920187793434
0 0.6488055066510172 0.3962386976178056 0.05457746478873244 0.12089201877934265
0 0.36579738849765264 0.38273180751173713 0.05809859154929574 0.11091549295774643
0 0.3138509878716745 0.3844836767518693 0.044014084507042264 0.1015258215962441
0 0.4529578076095461 0.8316993783689793 0.07614436619718311 0.13673708920187794
0 0.7003398865414711 0.8886008954964354 0.1091549295774648 0.11150234741784036
0 0.8068380770735524 0.8651321509302731 0.08626760563380284 0.11737089201877927
0 0.9168690091940531 0.8809788515040863 0.08010563380281689 0.11913145539906099
0 0.9124724911971831 0.670890932011824 0.08714788732394364 0.12558685446009388
