0 0.24917167938184662 0.6956002217005739 0.07482394366197186 0.19190140845070425
0 0.11361471782081378 0.4121462571726656 0.08406690140845072 0.1883802816901409
0 0.6880134976525821 0.6639492044861762 0.1056338028169015 0.23415492957746487
0 0.0995344899256651 0.180350699878282 0.09022887323943662 0.2012910798122066
0 0.5031415052816901 0.6709854807859503 0.08714788732394364 0.22769953051643188
0 0.4067512715179969 0.680368088158581 0.08802816901408453 0.22007042253521125
0 0.5916085925273866 0.6662743435924188 0.08538732394366196 0.21009389671361495
0 0.22012421752738656 0.15511324117544772 0.07746478873239436 0.1983568075117371
0 0.16862315385367765 0.6973683924534864 0.07086267605633799 0.20011737089201884
0 0.5207440825508607 0.16157353069031472 0.08274647887323938 0.20363849765258213
0 0.3261899085485133 0.6680577290905929 0.06558098591549298 0.23474178403755863
0 0.6945966598200313 0.14456942270909406 0.07834507042253527 0.21948356807511735
0 0.02249914417057903 0.16920807250912887 0.07482394366197183 0.20950704225352113
0 0.6056970730633802 0.14926534515736392 0.09110915492957751 0.2206572769953052
0 0.30858702562597806 0.15804207963832376 0.06954225352112679 0.19248826291079807
0 0.09115072378716745 0.6897539558337681 0.05985915492957747 0.21596244131455397
0 0.015006663243348982 0.6926751869240132 0.060299295774647876 0.20187793427230055
0 0.7003212416862284 0.4191803599374022 0.08230633802816899 0.17957746478873232
0 0.7870222637910799 0.41038678055990263 0.07262323943661973 0.1895539906103287
0 0.3882439602895149 0.1515937445661624 0.05721830985915493 0.2001173708920188
0 0.4450349667449139 0.15687760824204486 0.07570422535211271 0.2024647887323944
0 0.7971598689358373 0.6721521257172665 0.09330985915492944 0.22007042253521125
0 0.9071801031885758 0.15393246826638848 0.07174295774647893 0.19072769953051644
0 0.8939874926643191 0.6674572900365154 0.088468309859155 0.22007042253521125
0 0.9225822818857591 0.3956947704747001 0.067781690140845 0.16725352112676065
0 0.8525861331181535 0.15157907320466002 0.04797535211267593 0.1842723004694836
0 0.7685458235524256 0.13989088854112325 0.086267605633803 0.23708920187793422
0 0.8631519586267606 0.4167905581637976 0.051496478873239306 0.13380281690140847
0 0.1321033841940532 0.0006775995479047122 0.08802816901408453 0.09800469483568074
0 0.2122090179968701 0.003025560772039645 0.08802816901408453 0.09859154929577464
0 0.29935690532081377 0.004786124152321336 0.08802816901408449 0.09859154929577466
0 0.38518437010954615 0.0006775995479047122 0.08802816901408461 0.09800469483568074
0 0.48597662363067295 0.0006775995479047122 0.08802816901408453 0.09800469483568074
0 0.5836878912363067 0.0006775995479047122 0.08802816901408445 0.09800469483568074
0 0.6712759194053208 0.0006775995479047122 0.08802816901408453 0.09800469483568074
0 0.7544625391236306 0.0006775995479047122 0.08802816901408461 0.09800469483568074
0 0.8367603188575901 0.0006759693966266736 0.07570422535211271 0.09624413145539905
0 0.9133521615805946 0.0006759693966266736 0.08626760563380284 0.09624413145539905
