0 0.00048140404929577466 0.15799915232133543 0.05941901408450703 0.14612676056338028
0 0.06432566754694835 0.1550632498695879 0.09375 0.14436619718309857
0 0.0009242957746478873 0.3070389932185707 0.06338028169014084 0.12323943661971828
0 0.06872860426447576 0.30411884889584423 0.0959507042253521 0.1384976525821596
0 0.17256119180359936 0.3011731655364284 0.03741197183098593 0.12617370892018778
0 0.2165884194053208 0.29941857937749955 0.05633802816901413 0.13262910798122074
0 0.2786733421361502 0.29649137106590157 0.09242957746478879 0.1402582159624413
0 0.4027823625782473 0.3029380759867849 0.07702464788732391 0.13086854460093902
0 0.4842166715571205 0.29531983568075115 0.08890845070422533 0.14260563380281688
0 0.5757314285015649 0.2888747609111459 0.03917253521126764 0.15375586854460088
0 0.6215250268974961 0.2906364110589463 0.06646126760563378 0.15492957746478875
0 0.7685225938967136 0.29238284646148494 0.05281690140845083 0.1396713615023475
0 0.710851917057903 0.29238121631020686 0.03521126760563386 0.13791079812206578
0 0.0009282692683881065 0.6862018561989218 0.06910211267605634 0.1825117370892019
0 0.12989075948748047 0.6562510867675186 0.070862676056338 0.1596244131455399
0 0.23817579958920188 0.6967690401669275 0.08582746478873243 0.1866197183098591
0 0.34423721146322384 0.6697487393496784 0.06778169014084502 0.1596244131455399
0 0.41511089104068855 0.6862029429664406 0.08362676056338027 0.18368544600938963
0 0.5066586585485133 0.6908896278908015 0.08142605633802817 0.17488262910798127
0 0.419948466842723 0.5177550643366371 0.0779049295774648 0.16138497652582162
0 0.5031344752543037 0.519523778473309 0.07702464788732391 0.17018779342723
0 0.6272596953247261 0.7149669622674318 0.08494718309859156 0.1924882629107981
0 0.7245320446987481 0.7014736567553469 0.08670774647887325 0.19718309859154928
0 0.3002215986893584 0.5088919318379412 0.06558098591549298 0.096244131455399
0 0.8654049295774647 0.67731046774474 0.12676056338028177 0.08685446009389676
0 0.07089018485915494 0.6638872587376108 0.03961267605633803 0.16725352112676065
0 0.8746295481220657 0.37621120239958267 0.10035211267605636 0.040492957746478875
