0 0.2126308196400626 0.08598232916014606 0.061619718309859156 0.3257042253521127
0 0.590718835582942 0.07836300208659365 0.07174295774647885 0.3362676056338028
0 0.5119238434076682 0.5613311815336463 0.057658450704225414 0.32218309859154926
0 0.43094281836854464 0.558985937228308 0.0647007042253521 0.3245305164319249
0 0.6747793182707356 0.5437619544427057 0.062499999999999924 0.3615023474178404
0 0.7385997408059468 0.5455029560076508 0.0625 0.34037558685446007
0 0.3613950630868545 0.5630879412276126 0.05677816901408453 0.318075117370892
0 0.29098108616979657 0.08480046948356808 0.06910211267605627 0.31690140845070425
0 0.366237529342723 0.07249934793948878 0.05809859154929574 0.34154929577464793
0 0.08367169160798123 0.5132390019127109 0.06470070422535212 0.3544600938967136
0 0.804628508900626 0.08305294731351069 0.07350352112676053 0.33098591549295775
0 0.8759337710289514 0.10064553990610328 0.07702464788732391 0.3169014084507042
0 0.6034685543818465 0.5437478264649626 0.05105633802816898 0.346244131455399
0 0.2931686473004695 0.5583833246391932 0.05017605633802814 0.3075117370892019
0 0.4309464862089202 0.06488002086593636 0.06998239436619724 0.352112676056338
0 0.0700251858372457 0.12642964267083986 0.06161971830985914 0.2764084507042253
0 0.025123789612676056 0.512065292992523 0.051496478873239424 0.3544600938967136
0 0.7434373166079812 0.07132020518170752 0.05677816901408445 0.335680751173709
0 0.6650995818661972 0.061935967657798636 0.06734154929577459 0.34154929577464793
0 0.22318930946791862 0.5026848591549296 0.0545774647887324 0.36443661971830993
0 0.1518809908059468 0.07131585811163275 0.046654929577464796 0.33098591549295775
0 0.162890625 0.49683913667188323 0.05545774647887322 0.3890845070422534
0 0.5066497946009391 0.11940314727873413 0.06866197183098587 0.2934272300469483
0 0.956024733470266 0.5379091679707877 0.0558978873239438 0.37852112676056343
0 0.01324059810250391 0.13346211528429838 0.05237676056338028 0.26584507042253525
0 0.8085812182120501 0.5636910972004869 0.06117957746478864 0.3356807511737088
0 0.8772486918035994 0.5566504738306383 0.06910211267605636 0.3374413145539906
0 0.9516181289123631 0.10475895496435403 0.04841549295774649 0.3227699530516432
