0 0.7917202503429356 0.1745632335009907 0.07716049382716048 0.19495884773662553
0 0.8847157921810701 0.19100889727175735 0.1018518518518519 0.1784979423868313
0 0.5235867305384088 0.10978604633440024 0.07600308641975317 0.23559670781893005
0 0.42444326560356654 0.1246885002286237 0.08719135802469134 0.21913580246913578
0 0.0910791216563786 0.5998947378448406 0.042824074074074084 0.10853909465020582
0 0.7797504608196159 0.6415690253010212 0.06288580246913572 0.11676954732510275
0 0.14278147505144032 0.5957852270995274 0.04976851851851853 0.11471193415637862
0 0.46569921339163234 0.4183132335009907 0.051311728395061665 0.11162551440329212
0 0.06369679140946502 0.40700302926383175 0.056712962962962944 0.11882716049382709
0 0.4082151813271605 0.4106014708123762 0.05208333333333341 0.11625514403292185
0 0.42055469821673525 0.6471907864654778 0.04320987654320992 0.07716049382716053
0 0.03513669195816187 0.5973251028806584 0.041280864197530874 0.1111111111111111
0 0.3653838734567901 0.6358810585276636 0.041666666666666664 0.0848765432098764
0 0.4811267575445817 0.6528458885840573 0.0447530864197531 0.07355967078189302
0 0.14431825488683128 0.4069906454808718 0.040509259259259245 0.10545267489711936
0 0.5355182077331962 0.6333023738759335 0.03510802469135794 0.0776748971193417
0 0.023942258230452672 0.40802183356195704 0.03240740740740741 0.1080246913580246
0 0.7839942879801097 0.446097679469593 0.06288580246913587 0.1188271604938272
0 0.8561337234224966 0.44867588782197837 0.054783950617283965 0.12551440329218105
0 0.7295840835048011 0.4281202370065539 0.0455246913580246 0.14763374485596703
0 0.7122312778635117 0.6636712200884011 0.05748456790123445 0.09825102880658444
0 0.9055159036351166 0.6575007620789514 0.054012345679012225 0.10082304526748963
0 0.7157115376371741 0.17608739140374943 0.06905864197530873 0.17438271604938269
0 0.9213198731138548 0.4507068282274044 0.033950617283950636 0.09670781893004111
0 0.1450925390089163 0.7819887402834934 0.04436728395061728 0.10339506172839502
0 0.10187837577160494 0.786612178021643 0.03819444444444446 0.09670781893004106
0 0.19372535150891634 0.7963782197835696 0.07561728395061722 0.08847736625514402
0 0.2820655435528121 0.8097474660874867 0.06327160493827158 0.08281893004115227
0 0.3565171146262002 0.808219497789971 0.051311728395061824 0.09927983539094645
0 0.05673787937242799 0.7835124218869075 0.035879629629629615 0.08230452674897122
0 0.4143861454046639 0.8143966239902454 0.049382716049382776 0.10390946502057609
0 0.01159872256515775 0.7696368693796678 0.03549382716049383 0.09670781893004106
0 0.06798911179698217 0.12262040847431795 0.12654320987654322 0.2078189300411523
0 0.2585795503257887 0.12827646319158667 0.13233024691358025 0.2052469135802469
0 0.22650972007887518 0.5957523624447492 0.06288580246913579 0.07921810699588487
0 0.5208692343964335 0.8277744436823655 0.05169753086419754 0.1075102880658436
0 0.6971790873628259 0.83547382258802 0.048996913580246985 0.08950617283950624
0 0.014310860339506171 0.11542828837067519 0.052083333333333336 0.21810699588477364
0 0.24925518689986279 0.39409293552812075 0.03858024691358028 0.06481481481481487
0 0.29092051397462276 0.4028411255906112 0.03665123456790119 0.06841563786008233
0 0.9683840234910837 0.6467197264136565 0.028549382716049208 0.12397119341563788
0 0.47495525763031554 0.8112925811614083 0.04668209876543206 0.0848765432098765
0 0.016619245113168722 0.9311337829599147 0.04282407407407408 0.06893004115226338
0 0.06368928969478739 0.9460376657521719 0.04591049382716049 0.05401234567901238
0 0.11308566958161866 0.9522047896662093 0.06558641975308643 0.04783950617283957
