0 0.38740997942386834 0.10873675887821979 0.09259259259259255 0.21347736625514402
0 0.2708984375 0.09536465477823503 0.09375 0.21604938271604943
0 0.5317113554526749 0.09744227251943302 0.10879629629629627 0.2376543209876543
0 0.24388878172153633 0.8858934423106234 0.08873456790123456 0.09825102880658435
0 0.33300861625514405 0.896182460752934 0.08796296296296294 0.09927983539094656
0 0.029376982596021946 0.10053583676268861 0.08063271604938271 0.24537037037037038
0 0.4375549232681756 0.6801602270995275 0.07908950617283952 0.12860082304526751
0 0.7608509623628259 0.47754486739826246 0.06983024691358015 0.19290123456790126
0 0.8681061921296297 0.4955175468678555 0.07291666666666667 0.15895061728395068
0 0.532080279063786 0.897207933241884 0.0844907407407408 0.09567901234567894
0 0.43177538794581616 0.4775362940100594 0.08989197530864199 0.183641975308642
0 0.5455745241769547 0.48369817863130626 0.07175925925925913 0.17181069958847725
0 0.3391739540466392 0.4914008916323731 0.07716049382716052 0.1574074074074074
0 0.24040530692729767 0.493452789208962 0.07253086419753084 0.1512345679012347
0 0.6782921810699588 0.13546620179850632 0.07407407407407404 0.19238683127572012
0 0.12391305512688612 0.12158112330437434 0.10146604938271607 0.19650205761316875
0 0.13777943887174213 0.512973917847889 0.06905864197530863 0.12294238683127577
0 0.34110484182098766 0.6940229195244627 0.07986111111111108 0.10030864197530867
0 0.1458893282750343 0.6842525910684346 0.08063271604938274 0.10390946502057619
0 0.04556648662551441 0.4908721993598537 0.06018518518518519 0.14197530864197536
0 0.2531383959190672 0.684260688157293 0.07484567901234568 0.11265432098765439
0 0.6524415402091907 0.5135102309099223 0.07137345679012341 0.14660493827160498
0 0.7631456832990398 0.1575607757963725 0.04089506172839508 0.1656378600823045
0 0.8669533393347051 0.13907083523853073 0.0794753086419754 0.19650205761316872
0 0.04363988554526749 0.6708933470507544 0.06365740740740743 0.12037037037037036
0 0.13894675925925926 0.916722869989331 0.08333333333333333 0.06069958847736635
0 0.738477366255144 0.9239345183661027 0.07407407407407413 0.07150205761316879
0 0.6401100608710562 0.9326784217344917 0.09182098765432103 0.07047325102880656
0 0.5417280199759945 0.6755458390489254 0.08834876543209873 0.1450617283950618
0 0.44064321844993143 0.9331747256515776 0.08179012345679015 0.05092592592592592
0 0.6470413773148148 0.6986092059137325 0.07291666666666674 0.05349794238683143
0 0.850361153978052 0.6925120980033532 0.0756172839506173 0.13528806584362138
0 0.7438772612311385 0.6996603985672916 0.07214506172839508 0.07767489711934158
0 0.03901641803840878 0.9218830970888584 0.07253086419753085 0.07818930041152264
