0 0.31959727112676056 0.6503390714658319 0.07922535211267609 0.11267605633802831
0 0.5532958602308294 0.7137275039123631 0.05589788732394357 0.12147887323943668
0 0.48903162901017216 0.7107774734828726 0.0506161971830985 0.1044600938967136
0 0.47538420627934275 0.28763421578855847 0.046214788732394395 0.08157276995305167
0 0.5409728335289514 0.2735600330377326 0.05721830985915501 0.09272300469483573
0 0.42608354117762126 0.30053360285167796 0.03917253521126764 0.06924882629107983
0 0.11006761052425666 0.594536276299774 0.046654929577464796 0.056924882629108026
0 0.28656103286384976 0.8228378760215614 0.042253521126760576 0.07335680751173701
0 0.04932083822378717 0.12328997130933751 0.03609154929577464 0.05457746478873241
0 0.0537185788341158 0.047005412102243085 0.030809859154929578 0.061619718309859156
0 0.08980615463615024 0.033503412450008686 0.02508802816901409 0.05692488262910798
0 0.09333033793035993 0.10567944705268649 0.029489436619718312 0.04929577464788731
0 0.1272211830007825 0.05757857329160146 0.029489436619718312 0.07218309859154932
0 0.15098878863458529 0.03176838810641627 0.029489436619718312 0.08450704225352113
0 0.18267648425273864 0.01826475830290384 0.025968309859154933 0.07805164319248827
0 0.21305231562989044 0.005935380803338549 0.034771126760563376 0.0721830985915493
0 0.10124951095461658 0.26176534515736394 0.024647887323943667 0.030516431924882608
0 0.12370311277386542 0.24709778734133198 0.03389084507042255 0.03462441314553991
0 0.1633087588028169 0.227153429838289 0.023767605633802803 0.04401408450704228
0 0.18267648425273864 0.16846363675882456 0.025968309859154933 0.03931924882629108
0 0.20601831474960874 0.15203877586506695 0.04665492957746484 0.046948356807511735
0 0.18707697574334897 0.22010193879325335 0.024647887323943685 0.03403755868544596
0 0.20954005281690138 0.21540601634498346 0.04753521126760564 0.032863849765258246
0 0.26499688233568075 0.13383487654320986 0.046214788732394395 0.03462441314553991
0 0.26718413781298905 0.18840962441314552 0.026848591549295777 0.03169014084507046
0 0.2966784648865415 0.17609709181011998 0.03389084507042253 0.04401408450704228
0 0.3270542962636933 0.09042557816031994 0.04269366197183098 0.053990610328638514
0 0.3257347906885759 0.1567330681620588 0.044014084507042264 0.04636150234741781
0 0.3776659086463224 0.1338517214397496 0.036091549295774586 0.052816901408450724
0 0.37194957942097023 0.07398821944009737 0.044014084507042306 0.04812206572769954
0 0.41596366392801254 0.04524104503564597 0.04401408450704222 0.05751173708920188
0 0.42080582453051635 0.11448552425665103 0.04489436619718311 0.052816901408450696
0 0.46791984546165877 0.08573780646844027 0.07218309859154941 0.06161971830985914
0 0.45692029782863847 0.013554707876890977 0.0779049295774648 0.061619718309859156
0 0.5436210142801252 0.000625434707007477 0.067781690140845 0.041666666666666664
0 0.5480263962245696 0.06460289514866979 0.07350352112676062 0.05281690140845071
0 0.08101648082942098 0.41375358633281173 0.04401408450704224 0.02288732394366193
0 0.11138711609937402 0.44545731177186576 0.04533450704225353 0.03755868544600942
0 0.16905076291079812 0.4472178751521475 0.05281690140845073 0.037558685446009314
0 0.23462777533255086 0.43665286471917925 0.04709507042253524 0.03579812206572776
0 0.22450759242957746 0.4020257346548426 0.051496478873239424 0.0328638497652582
0 0.21394543476134584 0.34745696400625986 0.05325704225352115 0.042253521126760535
0 0.24122377494131458 0.3069596591897062 0.03829225352112676 0.03755868544600936
0 0.14967539612676056 0.3673915406016345 0.039612676056338024 0.022300469483568112
0 0.18268198601330202 0.39909417927316987 0.03389084507042253 0.03579812206572765
0 0.12723524305555559 0.40495729003651537 0.049735915492957715 0.029929577464788686
0 0.3486322011932707 0.30406016344983483 0.05853873239436626 0.07511737089201873
0 0.3156039099178404 0.40027821248478523 0.03301056338028169 0.04694835680751176
0 0.3486156959115806 0.39441075465136494 0.03477112676056334 0.04812206572769955
0 0.38559547388497656 0.39148191618848893 0.046214788732394395 0.053990610328638514
0 0.4388745231807512 0.3961713180316467 0.07790492957746473 0.0481220657276995
0 0.5233620036189358 0.37037471744044514 0.04973591549295778 0.07511737089201878
0 0.1531861306729264 0.5194107546513651 0.024647887323943685 0.04812206572769945
0 0.18488177327856026 0.5329154712223961 0.032570422535211245 0.05575117370892018
0 0.17563361942488265 0.6215054990436447 0.02508802816901407 0.02875586854460079
0 0.20379957697574339 0.6262030516431925 0.020686619718309866 0.03169014084507046
0 0.6215189138302034 0.7301692097026604 0.057658450704225414 0.13204225352112675
0 0.22448741930751173 0.6320813771517997 0.022447183098591516 0.04225352112676064
0 0.252684553501565 0.6408787602156147 0.06294014084507037 0.03638497652582152
0 0.10477216598200312 0.7571074595722483 0.026848591549295777 0.07042253521126766
0 0.13162962147887325 0.7659178838462877 0.039612676056338045 0.07863849765258216
0 0.11712147887323944 0.6896191966614502 0.06338028169014084 0.07042253521126757
0 0.17123190532081378 0.791748717614328 0.024647887323943667 0.08861502347417848
0 0.1949949261541471 0.8292813206398887 0.018045774647887293 0.06044600938967135
0 0.21395491001564942 0.8234486393670667 0.06690140845070422 0.09917840375586845
0 0.4194817341549296 0.6427034428794991 0.03961267605633796 0.10563380281690145
0 0.4626066730242566 0.657952964701791 0.026848591549295815 0.0962441314553991
0 0.8755248068270736 0.47438054251434536 0.12191901408450702 0.21830985915492954
0 0.874207135172144 0.1328105981568423 0.12588028169014082 0.1960093896713615
0 0.9001574114827856 0.9032478047296122 0.09991197183098595 0.08509389671361516
0 0.42520509340766827 0.8926708398539384 0.041813380281690134 0.07042253521126766
0 0.4648364143192489 0.9044193401147627 0.06866197183098587 0.08274647887323935
0 0.13646811424100158 0.9407825812902104 0.035211267605633784 0.05927230046948361
