0 0.7003285773669796 0.6089299687010955 0.09286971830985911 0.39084507042253525
0 0.8777172584115807 0.6265198443748913 0.11003521126760553 0.37382629107981225
0 0.6184495427425665 0.5672817770822465 0.0743838028169015 0.41079812206572763
0 0.5229432585093897 0.5660993740219092 0.08054577464788722 0.40140845070422543
0 0.34203192243740216 0.5050409711354547 0.06117957746478871 0.37382629107981213
0 0.8552749657668232 0.008615349504434013 0.11707746478873243 0.4313380281690141
0 0.4137684614632237 0.517346983133368 0.051936619718309866 0.3544600938967137
0 0.45822390942879504 0.5467217657798644 0.05369718309859148 0.3890845070422535
0 0.2724896689162754 0.4962229394887845 0.061179577464788755 0.3573943661971832
0 0.21262654049295773 0.014441510172143976 0.05545774647887324 0.3855633802816902
0 0.2729285871478873 0.009758628934098419 0.059419014084506984 0.3984741784037559
0 0.13207343016431924 0.48490099547904714 0.04489436619718309 0.17194835680751172
0 0.07706010367762128 0.46027593027299596 0.05105633802816904 0.19659624413145535
0 0.49517923513302037 0.01563369414014954 0.029929577464788793 0.4055164319248826
0 0.2337438258020344 0.4950394496609286 0.041813380281690134 0.3468309859154929
0 0.6030305531103286 0.025583594157537817 0.05413732394366204 0.3767605633802817
0 0.12062885123239438 0.05020431229351417 0.04357394366197182 0.3474178403755869
0 0.4032286164906103 0.003899865240827682 0.08582746478873243 0.409037558685446
0 0.16464079616588417 0.03555468614154061 0.04049295774647887 0.3708920187793427
0 0.5264579665492958 0.01326073726308468 0.07130281690140844 0.37793427230046944
0 0.07133399354460095 0.07306283689793079 0.0448943661971831 0.3163145539906103
0 0.33851018437010955 0.0068194661797948185 0.06029929577464791 0.3931924882629108
0 0.18180628912363067 0.46388399843505473 0.04049295774647889 0.29049295774647893
0 0.02644237822769953 0.4538352025734655 0.04885563380281689 0.21244131455399062
0 0.6633549124608764 0.009196226743175101 0.09022887323943662 0.4248826291079812
0 0.7610695422535212 0.006265214745261693 0.09507042253521121 0.42840375586854457
0 0.06790792498043818 0.9061766431924881 0.1817781690140845 0.07922535211267613
0 0.025557206083724568 0.09708637628238566 0.04181338028169014 0.27582159624413144
0 0.0462786702856025 0.6538536776212833 0.09198943661971831 0.10563380281690134
