0 0.12610432560641627 0.7220048687184838 0.3226232394366197 0.18779342723004694
0 0.5824539686032864 0.35293264214919146 0.21258802816901412 0.2517605633802817
0 0.4420114436619719 0.7255259954790472 0.1584507042253521 0.18779342723004683
0 0.30165480731611893 0.0013905190401669275 0.22799295774647882 0.2341549295774648
0 0.0037231636345852895 0.006673295948530691 0.2909330985915493 0.2353286384976526
0 0.5573888644366196 0.008440379933924536 0.2455985915492958 0.24237089201877932
0 0.004039820520344288 0.33009096244131453 0.1131161971830986 0.30105633802816906
0 0.7994210925273865 0.36233046426708393 0.18045774647887342 0.2605633802816902
0 0.8887192512715181 0.7571911406711875 0.10783450704225352 0.16079812206572774
0 0.5964834580399061 0.7331741218918449 0.1333626760563382 0.20833333333333334
0 0.7518531763497653 0.7660042818640237 0.13336267605633798 0.1719483568075118
0 0.0009658646322378717 0.7278473308989741 0.12323943661971831 0.15962441314554002
0 0.8042724227308296 0.003784667883846288 0.19454225352112675 0.28462441314553993
0 0.3254389182316119 0.4051137845592071 0.25176056338028174 0.198943661971831
