0 0.032456972307956106 0.13794152949245544 0.07137345679012347 0.08796296296296297
0 0.1061484589334705 0.129210486206371 0.07600308641975309 0.102880658436214
0 0.2492835862482853 0.13076893766194175 0.07947530864197536 0.11934156378600826
0 0.3306801376028806 0.16108491464715743 0.06828703703703706 0.08281893004115225
0 0.4078484010631002 0.13076750876390794 0.07947530864197531 0.11779835390946503
0 0.4884770983367627 0.12459324035970128 0.07368827160493825 0.1162551440329218
0 0.5621693887174212 0.029421486816034136 0.07947530864197531 0.1085390946502058
0 0.5644850072873799 0.13693177488187777 0.08063271604938278 0.10853909465020577
0 0.6474293231310014 0.1353899939033684 0.07600308641975309 0.11008230452674897
0 0.7245930319787381 0.13539142280140223 0.0806327160493827 0.11162551440329214
0 0.8075381515775035 0.13077179545800943 0.07716049382716048 0.1224279835390947
0 0.888937917952675 0.14413532616979122 0.07060185185185175 0.11059670781893002
0 0.03130036865569273 0.24392956485291878 0.07253086419753087 0.11059670781893005
0 0.10498649691358025 0.2439252781588172 0.06944444444444445 0.10596707818930043
0 0.17751816486625516 0.2454699169333943 0.07060185185185185 0.1075102880658436
0 0.2515927747770919 0.2531788218259412 0.07137345679012345 0.09979423868312752
0 0.3264416688100137 0.24856062338058219 0.07600308641975309 0.11213991769547328
0 0.40900339720507545 0.25164275643956713 0.07600308641975309 0.1075102880658436
0 0.48732290594993144 0.24701598460600518 0.07831790123456786 0.11059670781893005
0 0.5679532107338819 0.24393385154702027 0.07484567901234572 0.11522633744855969
0 0.646272719478738 0.24856062338058219 0.07716049382716056 0.11213991769547328
0 0.724589816958162 0.24700312452370063 0.07600308641975302 0.09670781893004117
0 0.8040667331104253 0.253171677335772 0.07831790123456778 0.09207818930041148
0 0.8835380229766803 0.2531745351318397 0.0725308641975308 0.09516460905349794
0 0.02551493912894376 0.42859177335771986 0.07484567901234569 0.10133744855967074
0 0.098046875 0.4285974889498552 0.0763888888888889 0.10751028806584365
0 0.2481229638203018 0.42705999466544736 0.07484567901234568 0.11368312757201646
0 0.20720432527434843 0.5376243141289437 0.04089506172839508 0.0787037037037037
0 0.2048895104595336 0.431660093735711 0.04089506172839508 0.08179012345679015
0 0.3229694465877915 0.43014784331656764 0.07600308641975309 0.11522633744855969
0 0.2481205525548697 0.5407402644413961 0.07137345679012341 0.11059670781893005
0 0.3229694465877915 0.5469083409541229 0.07600308641975309 0.10545267489711936
0 0.40013154792524 0.4332328341716202 0.07831790123456793 0.11368312757201646
0 0.400129940414952 0.5438276367931718 0.07600308641975309 0.11162551440329206
0 0.4884770983367627 0.44094554945892395 0.07368827160493825 0.110082304526749
0 0.4850088948902607 0.5494808337143728 0.07947530864197525 0.10596707818930032
0 0.5679507994684498 0.4393999580856577 0.07137345679012357 0.1075102880658436
0 0.5702640067729767 0.5525658245694254 0.06905864197530866 0.10442386831275725
0 0.6451129008058986 0.5510340458771529 0.07368827160493825 0.11676954732510296
0 0.6416337127057613 0.43939567139155616 0.06365740740740738 0.10288065843621397
0 0.7153292181069959 0.4285860577655845 0.07407407407407413 0.09516460905349794
0 0.8302892446844995 0.4424620865721689 0.060956790123456665 0.08127572016460904
0 0.7257424018347051 0.5484377381496723 0.06905864197530857 0.09053497942386825
0 0.7971230924211249 0.5540980795610426 0.07947530864197525 0.09259259259259259
0 0.8765951860425238 0.5525534407864654 0.07484567901234572 0.09104938271604941
0 0.18793456361454047 0.6873337715287303 0.07021604938271607 0.09825102880658444
0 0.26162122770919066 0.6981319539704314 0.06790123456790123 0.09362139917695471
0 0.33183432998971185 0.6981219516841946 0.06365740740740745 0.08281893004115227
0 0.39896395961934156 0.6996599222679469 0.06365740740740738 0.07716049382716053
0 0.0891653806584362 0.7948593011736015 0.06481481481481483 0.11471193415637862
0 0.15823179226680384 0.7994917885992989 0.07600308641975308 0.11779835390946497
0 0.23421933942043896 0.794852632982777 0.053626543209876545 0.1075102880658437
0 0.28786061814128944 0.8025810661484529 0.07484567901234564 0.12088477366255153
0 0.37389215749314125 0.7871380124980949 0.07137345679012341 0.10905349794238667
0 0.445263470936214 0.7855933737235178 0.06828703703703706 0.1075102880658436
0 0.5147124699931412 0.8082314052735864 0.07484567901234564 0.11213991769547323
0 0.5907171639231824 0.8097731862520957 0.07716049382716048 0.11059670781893005
0 0.7678013010116599 0.8144071025758269 0.07831790123456778 0.11522633744855958
0 0.6620860661008231 0.7799163618350861 0.07060185185185183 0.08744855967078191
0 0.8461151834705074 0.8144099603718946 0.07253086419753095 0.11831275720164604
0 0.9198026513203017 0.812869608291419 0.0713734567901235 0.12139917695473239
0 0.09032278806584362 0.9110906302392928 0.0648148148148148 0.08899176954732509
0 0.1559156378600823 0.9157135916780978 0.07407407407407407 0.08179012345679006
0 0.23422067901234567 0.9095488492607834 0.05555555555555552 0.09053497942386836
0 0.28901748971193414 0.9187995351318398 0.07407407407407404 0.08127572016460899
0 0.3650213798868313 0.9110906302392928 0.07523148148148151 0.08899176954732509
0 0.4387085798182442 0.9095464677640602 0.07368827160493834 0.08796296296296297
0 0.5181822809499314 0.9187971536351166 0.07137345679012341 0.0787037037037036
0 0.595342774777092 0.9203403635116598 0.07137345679012341 0.0787037037037037
0 0.6701908650548696 0.9054350518213686 0.07484567901234579 0.09207818930041153
0 0.7654840749314128 0.9311314014631915 0.07484567901234572 0.06635802469135799
0 0.8437982253086419 0.9311337829599147 0.06944444444444445 0.06893004115226338
0 0.9197994362997256 0.932675563938424 0.06674382716049397 0.0673868312757202
0 0.9606741362311385 0.25780702255753696 0.03742283950617286 0.09825102880658439
