0 0.40326753257887515 0.4991669524462734 0.14969135802469136 0.2114197530864197
0 0.22766873499657064 0.8237173258649595 0.06520061728395063 0.17026748971193417
0 0.12543858239026065 0.11393747142203932 0.07600308641975308 0.27469135802469136
0 0.3167960712448559 0.5017418267032464 0.07523148148148151 0.21450617283950613
0 0.6721405071159122 0.09492503048315806 0.10455246913580238 0.29681069958847733
0 0.5598572530864198 0.4883687700045724 0.08333333333333333 0.21604938271604943
0 0.5085490076303155 0.09492598308184728 0.08834876543209881 0.2978395061728395
0 0.8044554826817558 0.4760140413046792 0.08256172839506175 0.2062757201646091
0 0.6080667545438958 0.0933761050144795 0.06057098765432095 0.2906378600823046
0 0.04326292438271605 0.11548592059137328 0.0763888888888889 0.2803497942386831
0 0.3507520468964334 0.1000504877305289 0.08294753086419758 0.2767489711934157
0 0.6478089634773663 0.47755439338515465 0.06712962962962968 0.20318930041152264
0 0.13856283221879287 0.46782693187014174 0.08603395061728393 0.2530864197530863
0 0.20221729252400553 0.11084724127419601 0.08179012345679008 0.2705761316872428
0 0.2828390239197531 0.11032759868922419 0.06597222222222222 0.264917695473251
0 0.43485162680041156 0.0969654968754763 0.07523148148148151 0.27829218106995884
0 0.06911436899862826 0.4518828113092517 0.08024691358024691 0.25565843621399165
0 0.002750450102880658 0.4688504991617131 0.07175925925925926 0.2474279835390946
0 0.7612373006687243 0.4430507925621095 0.0706018518518519 0.16152263374485587
0 0.00041661308299039784 0.12421982167352537 0.04436728395061728 0.26851851851851855
0 0.21839741941015092 0.44150615378753244 0.047839506172839524 0.15997942386831276
0 0.7844106331447188 0.1010907254991617 0.10686728395061715 0.28909465020576125
0 0.8858638224451304 0.10057536960829142 0.08834876543209873 0.2880658436213992
0 0.7025816615226338 0.4399700884011583 0.05092592592592595 0.1676954732510288
0 0.3036594971707819 0.7784507887517148 0.04745370370370369 0.1712962962962963
0 0.4425451710390946 0.8016008420972414 0.042824074074074125 0.17335390946502052
0 0.11693672839506172 0.8360572892851701 0.05555555555555554 0.16409465020576128
0 0.1678701560356653 0.8432508382868464 0.06635802469135804 0.15534979423868306
0 0.357284164951989 0.7769051973784484 0.0447530864197531 0.168724279835391
0 0.06369705932784638 0.8288608824874257 0.05709876543209876 0.169753086419753
0 0.6180860982510288 0.829372427983539 0.04398148148148151 0.16666666666666677
0 0.40280162251371743 0.7774272214601432 0.034336419753086427 0.17695473251028793
0 0.7535166966735253 0.814941034141137 0.06404320987654318 0.1363168724279835
0 0.5690889167524006 0.8154706790123457 0.04359567901234564 0.15277777777777787
0 0.5243371699245541 0.8159807956104254 0.0455246913580246 0.14814814814814806
0 0.48228175368655696 0.7990407331199512 0.04128086419753079 0.1862139917695474
0 0.03089741941015089 0.8016213229690597 0.04783950617283951 0.19547325102880656
0 0.26970405735596703 0.43997818549001677 0.040509259259259245 0.17644032921810698
0 0.6655497149348423 0.7660103261697911 0.05825617283950611 0.06893004115226349
0 0.8252604166666668 0.8545543743331809 0.04166666666666651 0.14094650205761322
0 0.6698125643004116 0.8802464372809022 0.08564814814814817 0.11059670781893005
