0 0.2469890087050078 0.46074595722483047 0.10079225352112679 0.07042253521126757
0 0.2527083944640063 0.4155223004694836 0.09727112676056338 0.03169014084507046
0 0.2483051520931142 0.38558565901582337 0.0946302816901408 0.024061032863849724
0 0.23246558343114243 0.34920774647887326 0.10255281690140844 0.0316901408450704
0 0.1897382995892019 0.42438651973569813 0.054137323943661955 0.09800469483568082
0 0.3755587343505477 0.43200312989045386 0.170774647887324 0.08450704225352107
0 0.3711533524061033 0.3404576378021214 0.16505281690140844 0.08861502347417838
0 0.534019219483568 0.3627515866805773 0.1848591549295775 0.08157276995305161
0 0.5498597051056339 0.46076008520257344 0.17825704225352115 0.08568075117370892
0 0.7606801398669797 0.4636987045731177 0.16813380281690135 0.0903755868544601
0 0.93314505086072 0.4648571987480438 0.06690140845070418 0.07394366197183094
0 0.0854142214397496 0.12343451138932358 0.03873239436619719 0.21068075117370894
0 0.1703892189945227 0.12337202225699878 0.07878521126760563 0.14319248826291078
0 0.25490206866197185 0.06060630759867849 0.08714788732394368 0.17312206572769956
0 0.36801031885758995 0.16266029820900713 0.07570422535211271 0.1097417840375587
0 0.446798586658842 0.15094005390366894 0.08010563380281689 0.12793427230046947
0 0.5528544967723005 0.1955051295426882 0.05413732394366188 0.08920187793427227
0 0.6263745231807512 0.1656168492436098 0.07790492957746473 0.1338028169014084
0 0.732473530418623 0.17909820031298904 0.11399647887323947 0.11619718309859156
0 0.01811087881455399 0.5236181750999825 0.09375 0.1555164319248826
0 0.11181839299687012 0.5253809120153016 0.032570422535211266 0.1578638497652583
0 0.17834323650234743 0.6156755346896192 0.1241197183098592 0.07042253521126757
0 0.31833217185054774 0.5916009172317858 0.15889084507042245 0.055751173708920285
0 0.3192103139671361 0.6532206355416449 0.15580985915492965 0.05575117370892018
0 0.5010049882629108 0.6274300121717963 0.17957746478873235 0.08920187793427224
0 0.7078607932316119 0.647362958615893 0.16461267605633803 0.06748826291079811
0 0.09160492468701095 0.7343179447052687 0.08010563380281689 0.176056338028169
0 0.18053691070031297 0.7542557816031995 0.11399647887323942 0.1596244131455398
0 0.0004924075704225352 0.7360660102590854 0.07526408450704225 0.16255868544600938
0 0.4445923806729264 0.7706762954268822 0.07218309859154926 0.14730046948356812
0 0.5180965131064164 0.7783081203268997 0.07306338028169014 0.15023474178403756
0 0.5938062402190923 0.7753765649452268 0.08098591549295778 0.15316901408450714
0 0.6884469141236308 0.8111692531733611 0.0959507042253521 0.14730046948356812
0 0.7830521322378718 0.7888801947487393 0.05985915492957743 0.15962441314554002
0 0.8464473909428795 0.8293606546687532 0.0814260563380281 0.14612676056338036
0 0.9353433098591548 0.7976493218570683 0.06338028169014097 0.1232394366197184
0 0.9019008582746479 0.16151973569813946 0.07526408450704215 0.14553990610328643
