0 0.18137243870027434 0.6416780978509373 0.06520061728395063 0.23456790123456783
0 0.7191690243484223 0.7223813062033226 0.047839506172839524 0.17181069958847736
0 0.5011994705932785 0.01200560128029264 0.06057098765432095 0.1882716049382716
0 0.5772095228909465 0.004851585124218869 0.0706018518518519 0.23971193415637862
0 0.4182575660150892 0.3371532540771223 0.06867283950617278 0.2366255144032921
0 0.5814388824588477 0.3150381992074379 0.04976851851851857 0.2412551440329218
0 0.40822429055212617 0.01306870141746685 0.06520061728395071 0.22530864197530864
0 0.0698747213648834 0.32018127953055936 0.06404320987654323 0.24022633744855967
0 0.07990853266460904 0.000743979576284103 0.06828703703703703 0.2479423868312757
0 0.4934826174554183 0.3242955532693187 0.059413580246913573 0.23919753086419746
0 0.8040530692729766 0.3417676421277244 0.0586419753086419 0.220164609053498
0 0.03591231567215363 0.04546039094650206 0.047067901234567895 0.20833333333333337
0 0.1431723679698217 0.3279011393080323 0.05709876543209875 0.24434156378600821
0 0.0011959876543209875 0.3325279111415943 0.05555555555555555 0.2412551440329217
0 0.19564552254801096 0.3273872123151959 0.06288580246913575 0.2448559670781892
0 0.163639188957476 0.0007401691815272062 0.08487654320987653 0.2438271604938272
0 0.1581969628772291 0.6272624218869076 0.02584876543209875 0.22119341563786
0 0.6848417138203018 0.31399796143880504 0.060956790123456825 0.22890946502057624
0 0.3067483281893004 0.321717821216278 0.050925925925925916 0.23302469135802462
0 0.6373681841563786 0.3067796448712086 0.03240740740740738 0.21090534979423872
0 0.5725635502400549 0.6509154473403443 0.04706790123456794 0.21090534979423872
0 0.24270913708847738 0.6339558565767414 0.05671296296296294 0.22788065843621397
0 0.26007507073045266 0.0007144490169181528 0.06365740740740743 0.2160493827160494
0 0.5374474879972565 0.6416414228014022 0.03549382716049381 0.1949588477366255
0 0.0011823238168724279 0.059340706447187926 0.03587962962962963 0.1990740740740741
0 0.9575911994170095 0.0022752819692120102 0.04243827160493825 0.23508230452674894
0 0.8804435656721538 0.33971479195244625 0.060956790123456665 0.22530864197530862
0 0.8329903978052126 0.004851585124218869 0.06172839506172841 0.23971193415637862
0 0.7685455782750341 0.01563833638164914 0.03896604938271619 0.22273662551440332
0 0.7160836762688615 0.011526920438957476 0.0493827160493827 0.22685185185185186
0 0.8966443222736626 0.0007263565005334553 0.056712962962963014 0.22890946502057616
0 0.9506515775034294 0.3232500762078951 0.0493827160493827 0.22119341563786016
0 0.049434692215363514 0.7249318891937204 0.07484567901234568 0.1486625514403293
0 0.7677774562757202 0.7049049306508154 0.04398148148148143 0.1862139917695473
0 0.6177005637002744 0.6601794695930499 0.044367283950617224 0.21604938271604932
0 0.43444519461591213 0.6833199969516842 0.045524691358024685 0.20781893004115218
0 0.3302828146433471 0.6503948521566835 0.0516975308641975 0.20421810699588466
0 0.6686208633401921 0.6586229233348574 0.036265432098765475 0.20164609053497948
0 0.6497366362311385 0.007938004877305288 0.06520061728395071 0.23971193415637862
0 0.9101677704903978 0.6781602461515013 0.08603395061728412 0.19084362139917682
0 0.8129115226337447 0.729048544429203 0.03703703703703714 0.15020576131687238
0 0.48884307484567907 0.6874366521871665 0.04513888888888889 0.20936213991769556
0 0.8495745456104253 0.6647871894528273 0.054012345679012225 0.1923868312757201
0 0.002722854509602195 0.6647628981862521 0.03202160493827161 0.1661522633744855
