0 0.6061130672926448 0.6433136628412449 0.05633802816901397 0.13086854460093902
0 0.7575297706377152 0.6556245652929925 0.06822183098591555 0.11678403755868551
0 0.6954723567097026 0.24365599460963308 0.07174295774647885 0.12030516431924883
0 0.6809422070618153 0.65211104590506 0.06382042253521121 0.125
0 0.47715913536776206 0.061145887671709274 0.06690140845070426 0.12206572769953054
0 0.4890328516236307 0.6421274560945922 0.05237676056338027 0.11737089201877937
0 0.5475877836463223 0.23896496261519734 0.07570422535211263 0.12441314553990614
0 0.6246078467331769 0.24365816814467045 0.06910211267605627 0.12265258215962446
0 0.7689746552230047 0.25245989827856025 0.06998239436619731 0.12147887323943662
0 0.5453730193661972 0.6456529299252305 0.05545774647887324 0.12206572769953043
0 0.264148082942097 0.24365219092331764 0.0915492957746479 0.11619718309859157
0 0.696803477112676 0.04765258215962441 0.08714788732394373 0.1267605633802817
0 0.5427471513106417 0.05352384367936011 0.07702464788732384 0.12969483568075119
0 0.5295398694248826 0.4349971744044514 0.07262323943661973 0.14906103286384978
0 0.6241680115414711 0.05821433229003651 0.06954225352112675 0.12500000000000003
0 0.41288817977308295 0.42091538428099456 0.051936619718309866 0.15199530516431933
0 0.6769916373239436 0.4355872891671013 0.07922535211267609 0.15258215962441316
0 0.41421135318857594 0.6303936271952705 0.05589788732394364 0.1208920187793426
0 0.2654532228090767 0.432642149191445 0.06954225352112675 0.14084507042253522
0 0.39310079225352107 0.2389633324639193 0.07922535211267609 0.12265258215962442
0 0.8411733421361502 0.24718472874282738 0.09242957746478879 0.12852112676056332
0 0.3988226232394366 0.04531820552947313 0.079225352112676 0.1408450704225352
0 0.15101049002347416 0.6057739958268127 0.06073943661971831 0.15140845070422543
0 0.6021646371283255 0.43441086332811685 0.0748239436619719 0.14964788732394366
0 0.8706597222222222 0.46313249869587897 0.08802816901408445 0.1126760563380281
0 0.09598279782863849 0.6104508998435055 0.04621478873239436 0.13204225352112675
0 0.20031084947183098 0.23778908015997216 0.06734154929577463 0.12206572769953054
0 0.2799699237089202 0.613385172143975 0.05809859154929574 0.13204225352112675
0 0.4740848738262911 0.2377874500086941 0.07658450704225359 0.12030516431924883
0 0.12593591060250392 0.23896170231264124 0.08010563380281689 0.12089201877934275
0 0.47143210827464793 0.4209251651886628 0.059419014084507026 0.16255868544600943
0 0.8411739534428795 0.6832007476960529 0.09330985915492959 0.11032863849765262
0 0.004902679968701095 0.41093668492436103 0.08802816901408451 0.14964788732394366
0 0.0453769928599374 0.07756857503042948 0.06117957746478872 0.11208920187793427
0 0.0005043280516431925 0.2477547383063815 0.09242957746478873 0.11032863849765256
0 0.34158994767214396 0.6286412145713789 0.05853873239436618 0.12969483568075116
0 0.23904691167840372 0.066427034428795 0.07262323943661969 0.12147887323943662
0 0.2161531690140845 0.6057723656755346 0.06338028169014084 0.1496478873239438
0 0.10832508069248825 0.07756966179794818 0.07262323943661972 0.11326291079812209
0 0.3108027068661972 0.038277038775865066 0.09110915492957743 0.142018779342723
0 0.33147587783646326 0.41154201443227273 0.07174295774647885 0.16960093896713613
0 0.7584222784624413 0.44027125717266563 0.08582746478873243 0.14084507042253516
0 0.8354576242175275 0.023612741262389148 0.10123239436619716 0.14964788732394366
0 0.9366625097809077 0.24952453921057202 0.06161971830985904 0.12030516431924888
0 0.933582135172144 0.6732334593983655 0.0625 0.12030516431924883
0 0.6738959800469484 0.8399104503564597 0.058098591549295815 0.13145539906103287
0 0.6087588028169014 0.834039188836724 0.06338028169014089 0.12852112676056343
0 0.7412402802230046 0.8598433968005563 0.0620598591549296 0.10974178403755865
0 0.26545169454225354 0.8140785298209008 0.06734154929577463 0.12030516431924883
0 0.5352555873435054 0.8322731916188488 0.06382042253521136 0.12265258215962442
0 0.3376234839593114 0.8140796165884194 0.051056338028169064 0.12147887323943657
0 0.4128918476134586 0.8152598461137194 0.05721830985915493 0.12852112676056332
0 0.47011199139280124 0.8346200660754651 0.05985915492957743 0.12206572769953065
0 0.8728567586071988 0.8610268866284124 0.08274647887323947 0.12030516431924883
0 0.8081465791275431 0.8598477438706311 0.06910211267605636 0.11443661971830982
0 0.20734912949921752 0.8070400799860895 0.0616197183098592 0.12441314553990614
0 0.14133167057902973 0.802340353851504 0.0669014084507042 0.11913145539906109
0 0.9269870525234741 0.021859241870978964 0.07262323943661973 0.15727699530516429
0 0.17874058587636935 0.07170763780212137 0.0625 0.1203051643192488
0 0.0026698821400625975 0.08519170579029735 0.04181338028169014 0.1056338028169014
0 0.0334895222026604 0.601648082942097 0.055897887323943664 0.13204225352112675
0 0.08190746038732394 0.7847466744913928 0.05941901408450703 0.13204225352112675
0 0.03216696009389671 0.7765290818988002 0.0528169014084507 0.13028169014084492
0 0.00045756308685446017 0.7747701486697965 0.025088028169014082 0.13204225352112675
0 0.11580533548513303 0.404995870283429 0.06954225352112674 0.0715962441314554
