0 0.45077299735915494 0.5414150799860894 0.09903169014084506 0.36208920187793425
0 0.3442518828247262 0.5314195357329159 0.08890845070422529 0.34154929577464793
0 0.779107369913928 0.15226482350895496 0.08362676056338027 0.2910798122065727
0 0.753589593114241 0.5548888236828377 0.09859154929577459 0.33626760563380287
0 0.34161042644757433 0.16808272474352287 0.08802816901408449 0.26173708920187794
0 0.5757702464788732 0.13702997304816553 0.09507042253521136 0.3163145539906103
0 0.6853543133802817 0.1575318422882977 0.07922535211267616 0.27523474178403756
0 0.24785798122065725 0.1381737958615893 0.08450704225352111 0.28403755868544606
0 0.4512174173513302 0.11005912015301686 0.10519366197183101 0.3427230046948357
0 0.5704854998043819 0.5683625673795861 0.09066901408450702 0.3104460093896714
0 0.8900246967918622 0.1546187619544427 0.08626760563380284 0.29812206572769956
0 0.6725835044992176 0.5625130412102243 0.06954225352112683 0.33098591549295775
0 0.24213828980829422 0.5384672230916362 0.08758802816901409 0.3474178403755869
0 0.05947983910406886 0.17858904973048165 0.08758802816901409 0.20011737089201878
0 0.14926093016431924 0.21439586593635893 0.07658450704225352 0.2095070422535211
0 0.857879743740219 0.5871033298556773 0.06514084507042242 0.2687793427230046
