0 0.0028182334533607685 0.14725508687700045 0.1693672839506173 0.14660493827160495
0 0.0981719928840878 0.10041247523243407 0.25655864197530864 0.11213991769547324
0 0.4943761252572016 0.10815614997713763 0.23495370370370372 0.14197530864197533
0 0.7177865655006858 0.1353971383935376 0.27932098765432095 0.11779835390946505
0 0.003989036779835391 0.45897395595183665 0.1886574074074074 0.13631687242798354
0 0.19691384816529495 0.4270290352080476 0.22260802469135801 0.08024691358024694
0 0.19691625943072705 0.5103666552354824 0.22608024691358025 0.08487654320987661
0 0.45236304012345674 0.42239654778235025 0.2916666666666667 0.07716049382716048
0 0.4388607574588477 0.5011073959762231 0.2928240740740742 0.08487654320987661
0 0.7328240204903977 0.4712491426611797 0.2665895061728395 0.06018518518518508
0 0.7440050582990398 0.531948731138546 0.25617283950617287 0.06018518518518518
0 0.054187296382030174 0.693467554488645 0.251929012345679 0.05606995884773661
0 0.06883519804526748 0.7551707056851089 0.23379629629629628 0.028806584362139998
0 0.050714270404663926 0.7855486015851243 0.2507716049382716 0.05915637860082307
0 0.31035799254115226 0.6662151348879745 0.24884259259259262 0.06790123456790127
0 0.3196210026577503 0.7387517146776406 0.2542438271604939 0.07407407407407407
0 0.3173102066186557 0.8236101585124218 0.26003086419753085 0.05452674897119354
0 0.5762101873285322 0.6723965477823503 0.29822530864197533 0.07716049382716053
0 0.5804566936728395 0.7510916780978509 0.30208333333333326 0.06790123456790127
0 0.594342903377915 0.8189733843926231 0.29822530864197533 0.046810699588477354
0 0.8800974151234568 0.7084047782350251 0.11805555555555555 0.07716049382716053
0 0.887037037037037 0.7871003848498705 0.1111111111111111 0.06841563786008212
