0 0.891763558783255 0.590499478351591 0.055017605633803 0.13380281690140836
0 0.00269616832942097 0.7977215918970614 0.07966549295774648 0.20129107981220667
0 0.22454060299295778 0.30532081377151804 0.09903169014084506 0.16901408450704225
0 0.8077159135367763 0.3041481916188489 0.0827464788732393 0.17018779342723003
0 0.661569285504695 0.3328812380455573 0.05413732394366188 0.1455399061032864
0 0.2636938820422535 0.5998842592592594 0.07130281690140844 0.12852112676056332
0 0.068723408157277 0.6051485611198052 0.08846830985915492 0.10974178403755874
0 0.1721451975743349 0.5969418362023996 0.07218309859154927 0.11971830985915485
0 0.3521731954225352 0.5928458094244479 0.08714788732394368 0.13262910798122074
0 0.7328708797926448 0.33287254390540777 0.05237676056338027 0.13615023474178406
0 0.807267214397496 0.6039743088158581 0.07042253521126772 0.10915492957746477
0 0.6430928452660407 0.6291981829247087 0.067781690140845 0.09741784037558684
0 0.4542708944640063 0.6215712484785255 0.0655809859154929 0.09976525821596233
0 0.09423690580985916 0.32643072943835855 0.06734154929577464 0.15082159624413144
0 0.3922036996283255 0.3709930881585812 0.05501760563380284 0.10915492957746473
0 0.4498633729460094 0.3651272604764389 0.05677816901408453 0.11208920187793428
0 0.18800738458528954 0.7970108459398365 0.09683098591549294 0.06748826291079821
0 0.33498202758215967 0.3094287949921753 0.050176056338028095 0.1690140845070423
0 0.3917635587832551 0.2735562293514171 0.055017605633802764 0.08861502347417838
0 0.011929650821596244 0.3176496478873239 0.06602112676056336 0.17429577464788729
0 0.44899256651017216 0.26769311858807165 0.07042253521126764 0.09448356807511733
0 0.5757500733568075 0.25654560076508437 0.06602112676056338 0.09741784037558679
0 0.17168916275430357 0.3270197574334898 0.049295774647887355 0.15316901408450698
0 0.5805925396126761 0.37509128847157014 0.06734154929577467 0.09859154929577464
0 0.8706346586463225 0.13628227699530515 0.051936619718309866 0.1426056338028169
0 0.896623141627543 0.29535352547383065 0.08098591549295785 0.17899061032863853
0 0.740796165884194 0.5869810685098245 0.056338028169014204 0.13673708920187783
0 0.9604129988262912 0.5940108242044863 0.03697183098591539 0.12323943661971828
0 0.31165792498043815 0.860456333681099 0.05501760563380292 0.13791079812206555
0 0.37327794894366195 0.8545834420100852 0.05545774647887324 0.1332159624413145
0 0.16333290541862283 0.897973721961398 0.058538732394366216 0.09330985915492955
0 0.08895124217527386 0.8967978395061728 0.061619718309859135 0.09096244131455396
0 0.24959378667840373 0.8827356111980525 0.048855633802816927 0.11502347417840368
0 0.574862150332551 0.8856313032516083 0.055017605633802764 0.07335680751173712
0 0.6430904000391237 0.8785906798817597 0.0642605633802816 0.07511737089201884
0 0.7210008313771519 0.8157847548252478 0.07218309859154917 0.0616197183098592
0 0.4410547486306729 0.9026658407233524 0.04841549295774649 0.09037558685446019
0 0.8081493300078247 0.8387242436098069 0.07306338028169014 0.11795774647887335
0 0.6400103310837246 0.811092092679534 0.06558098591549298 0.06396713615023478
0 0.49518901604068855 0.8991360198226396 0.044014084507042306 0.08098591549295785
0 0.13471855438184663 0.7870397539558337 0.05105633802816902 0.07335680751173712
0 0.894850352112676 0.8422328725439054 0.0633802816901408 0.1044600938967136
0 0.7302416495500782 0.8867979481829247 0.06910211267605636 0.06572769953051649
0 0.7874599594092332 0.11986556685793774 0.06910211267605636 0.159037558685446
0 0.0009197109741784038 0.5828758042079637 0.05677816901408451 0.1396713615023475
0 0.574862150332551 0.810503608068162 0.055017605633802764 0.06220657276995307
0 0.44195245256259785 0.8017192662145713 0.07350352112676045 0.08215962441314559
0 0.5986074432707356 0.6039840897235264 0.02288732394366196 0.11971830985915485
