0 0.16710444530178326 0.25688538332571254 0.07484567901234568 0.21399176954732507
0 0.08801065243484225 0.25328598917847894 0.06867283950617285 0.21553497942386826
0 0.640575970936214 0.34015393994817866 0.20717592592592587 0.14403292181069963
0 0.45646326303155005 0.2430184042066758 0.08487654320987659 0.23765432098765435
0 0.6628673161008231 0.5886478814205152 0.08449074074074071 0.18415637860082296
0 0.44605007930384083 0.5644937890565463 0.08989197530864207 0.2088477366255144
0 0.48892452203360764 0.0026968068891937203 0.16242283950617287 0.13477366255144035
0 0.34959383573388203 0.5660336648376773 0.08179012345679013 0.20524691358024677
0 0.24620386445473252 0.5737568587105623 0.08912037037037039 0.21296296296296308
0 0.13547453703703705 0.604089029873495 0.08333333333333333 0.19393004115226328
0 0.36733458719135803 0.24660636716963877 0.07291666666666667 0.22376543209876545
0 0.27088370198902606 0.24455351699436065 0.07253086419753087 0.22890946502057613
0 0.5563820837620027 0.24814624295076967 0.07908950617283952 0.22016460905349794
0 0.7739752121913581 0.5799120751409846 0.07986111111111095 0.1939300411522634
0 0.31377395190329216 0.0006430041152263374 0.16782407407407404 0.1388888888888889
0 0.5664059820816186 0.5665018670934308 0.06905864197530866 0.15534979423868306
0 0.0633168831447188 0.6056327160493826 0.0652006172839506 0.19444444444444456
0 0.660994298696845 0.009380239292790733 0.16512345679012333 0.13065843621399179
0 0.8276513203017832 0.015543552812071329 0.15123456790123443 0.12037037037037036
0 0.8418689450445815 0.8869227251943301 0.06905864197530873 0.09876543209876529
0 0.7261456189986281 0.875044295839049 0.09413580246913587 0.04783950617283947
0 0.1741094393004115 0.882242131534827 0.16203703703703706 0.0437242798353909
0 0.0767996077674897 0.8900058108520043 0.03587962962962964 0.095164609053498
0 0.031275720164609055 0.878192634506935 0.037037037037037035 0.11471193415637852
0 0.42942922668038414 0.8894828341716201 0.0447530864197531 0.08590534979423863
0 0.7084150484396433 0.9516851470812376 0.11766975308641968 0.04218106995884762
0 0.9259730795610425 0.6282431222374638 0.06790123456790127 0.16923868312757195
0 0.017549457733196158 0.008850118122237464 0.27121913580246915 0.11368312757201647
0 0.8974472736625515 0.33450502972107915 0.1018518518518519 0.154320987654321
0 0.5668260781035666 0.8879543895747599 0.11844135802469134 0.10185185185185185
0 0.13516750257201646 0.931130925163847 0.19675925925925922 0.06584362139917703
0 0.002744823816872428 0.25638622161255903 0.06365740740740741 0.23045267489711932
0 0.48770093878600823 0.8879567710714831 0.06712962962962961 0.10442386831275725
