0 0.5146582184076682 0.7109442922969919 0.19234154929577466 0.28462441314553993
0 0.7127310739436619 0.6974602243088158 0.20598591549295786 0.2992957746478873
0 0.18689480633802819 0.2696628847157016 0.39612676056338025 0.3204225352112677
0 0.09872420285602504 0.7179669840027821 0.19102112676056338 0.2634976525821596
0 0.3108775919405321 0.7138758476786645 0.19894366197183094 0.28169014084507044
0 0.785780394170579 0.28025071726656237 0.1857394366197184 0.346830985915493
0 0.6026851648082943 0.0007846461484959139 0.19058098591549283 0.21361502347417843
0 0.7994091720461659 0.000806924882629108 0.16329225352112675 0.23767605633802816
0 0.08335809125586854 0.000777038775865067 0.24691901408450703 0.20539906103286384
0 0.35139408499608765 0.003128260302556077 0.23283450704225356 0.20950704225352115
0 0.0013937793427230044 0.25266747087463054 0.1056338028169014 0.34565727699530513
0 0.5819982394366198 0.2697101591027647 0.19014084507042242 0.3714788732394367
0 0.00269066656885759 0.7173893670665971 0.07174295774647887 0.2734741784037559
0 0.9203898303012519 0.705050752043123 0.07966549295774648 0.25762910798122063
