0 0.650892436128258 0.5254653444596861 0.06288580246913579 0.28034979423868306
0 0.30598904749657063 0.6143689986282579 0.06867283950617285 0.18518518518518529
0 0.4703427747770919 0.6394823578722755 0.07137345679012341 0.08539094650205757
0 0.5451948838305898 0.5342063900320074 0.08063271604938278 0.2762345679012345
0 0.20568549597050753 0.5573297706142357 0.07600308641975309 0.24948559670781884
0 0.11695360725308643 0.557309766041762 0.07986111111111113 0.22788065843621397
0 0.10614577974965707 0.2023653025453437 0.07214506172839504 0.22119341563786002
0 0.41016268004115225 0.21622656607224508 0.07870370370370373 0.19135802469135804
0 0.4988870670438958 0.21005658436213992 0.06404320987654318 0.19444444444444448
0 0.24037824717078193 0.24296696387745773 0.033564814814814804 0.18209876543209874
0 0.5826062028463649 0.21368550906873954 0.06404320987654318 0.22479423868312753
0 0.27741715963648833 0.24348231976832801 0.036265432098765434 0.1831275720164609
0 0.7303538130144034 0.5275291495198903 0.042824074074073966 0.28703703703703703
0 0.20411495841906718 0.23782531245237007 0.03665123456790123 0.18467078189300412
0 0.02127593449931413 0.19670686633135193 0.08179012345679013 0.22119341563786005
0 0.36731261788408787 0.2013460219478738 0.041280864197530874 0.2314814814814815
0 0.31446277006172835 0.2039085124218869 0.04861111111111107 0.22119341563786005
0 0.7064362032750342 0.16589172763298277 0.045910493827160476 0.27417695473251025
0 0.383538558813443 0.621057194025301 0.07330246913580246 0.1862139917695474
0 0.4653302897805212 0.730515546410608 0.0756172839506173 0.06790123456790137
0 0.7569658779149521 0.1427702522481329 0.030864197530864126 0.30298353909465014
0 0.07564621913580247 0.5048077655845146 0.041666666666666664 0.1923868312757201
