0 0.39795426203051654 0.2771767953399409 0.09639084507042249 0.19600938967136153
0 0.5062289099178403 0.5265171274560947 0.09639084507042266 0.11737089201877937
0 0.4155473640453834 0.5412156581464094 0.0783450704225352 0.14671361502347424
0 0.6989937891236306 0.060579138410711185 0.07218309859154926 0.1437793427230047
0 0.6087618593505477 0.05939945226917058 0.067781690140845 0.13732394366197184
0 0.5929158719679186 0.28238404190575556 0.06646126760563385 0.11561032863849766
0 0.901452770442097 0.31112306555381675 0.06382042253521121 0.09741784037558684
0 0.8292666153169014 0.30994337941227607 0.059419014084507185 0.09096244131455401
0 0.7852595608372457 0.0681973787167449 0.06954225352112692 0.13204225352112675
0 0.6730196718505477 0.2970439923491567 0.06382042253521128 0.10328638497652581
0 0.5317259022887324 0.0664188836724048 0.051496478873239465 0.11267605633802816
0 0.504012617370892 0.3087631498869762 0.07394366197183094 0.0839201877934272
0 0.13121546116979654 0.025931359763519388 0.07702464788732391 0.11854460093896714
0 0.17522251564945227 0.5605633802816901 0.06690140845070425 0.1267605633802816
0 0.6211102552816902 0.6086061119805252 0.10299295774647893 0.04107981220657269
0 0.0651775234741784 0.013616110241697097 0.05281690140845071 0.12793427230046947
0 0.26720400528169014 0.5558766953573293 0.05545774647887321 0.13556338028169007
0 0.3187023180751174 0.2888888888888889 0.05809859154929574 0.16901408450704225
0 0.062104790199530524 0.2871141975308642 0.06470070422535211 0.15375586854460094
0 0.1430910113458529 0.28946378890627716 0.06514084507042252 0.15610328638497653
0 0.39442182609546167 0.030036080681620586 0.08010563380281689 0.11502347417840376
0 0.047595119327073554 0.5770181272822118 0.08626760563380281 0.15140845070422543
0 0.3371827318075118 0.020065532081377152 0.05017605633802814 0.12147887323943662
0 0.2373010196596244 0.0054115588593288124 0.09375 0.1402582159624413
0 0.7218930335485132 0.7476868153364632 0.08934859154929582 0.0369718309859155
0 0.6224251760563381 0.5323204660059121 0.09507042253521128 0.04694835680751171
0 0.0013555726721439748 0.3012030516431925 0.05061619718309859 0.15845070422535212
0 0.7623652068661974 0.30231644496609283 0.059419014084507026 0.09330985915492959
0 0.2650011614827856 0.8252358285515562 0.05237676056338027 0.12793427230046955
0 0.2082196302816901 0.8135188445487742 0.04753521126760568 0.1496478873239436
0 0.7240946547339594 0.7864235567727351 0.09066901408450702 0.041666666666666664
0 0.018524733470266043 0.8041329768735872 0.055897887323943664 0.153755868544601
0 0.6087771420187794 0.7805593592418709 0.08978873239436622 0.046361502347417836
0 0.5097347540101721 0.7940499478351591 0.0743838028169015 0.038732394366197104
0 0.13427657961658843 0.8404625282559555 0.04841549295774647 0.09389671361502352
0 0.33674503618935836 0.8316906842288297 0.053697183098591554 0.1273474178403756
0 0.7152848078051642 0.9091011345852896 0.08054577464788745 0.06866197183098585
0 0.8182933538732394 0.7359931968353329 0.10299295774647876 0.0839201877934273
0 0.8490848738262912 0.9061581681446704 0.07658450704225352 0.059272300469483716
0 0.7333366955203443 0.5376651886628413 0.08934859154929566 0.11502347417840379
0 0.8279642263302034 0.5417546948356807 0.08538732394366204 0.09507042253521127
0 0.9313777631064162 0.5329779603547209 0.05721830985915501 0.12323943661971828
0 0.9203898303012519 0.767663775865067 0.07966549295774648 0.06279342723004704
0 0.5647752836463223 0.9255091505825074 0.10739436619718319 0.042840375586854405
0 0.5132335680751173 0.908499065379934 0.04225352112676062 0.052230046948356645
0 0.4142183832159625 0.8229068857589985 0.06602112676056338 0.14788732394366177
0 0.004865695911580594 0.017725721613632416 0.03477112676056339 0.12969483568075116
0 0.18580912558685445 0.405589245348635 0.10035211267605632 0.07863849765258216
0 0.00266743691314554 0.5383183359415753 0.03829225352112676 0.1866197183098593
0 0.9533621870109547 0.09810739436619718 0.024647887323943646 0.11091549295774647
0 0.8992294478677622 0.1133574595722483 0.03125 0.10211267605633803
