0 0.6620967828360769 0.7964544276787076 0.08603395061728389 0.17078189300411534
0 0.5749158736282579 0.5181536732205457 0.10108024691358024 0.16152263374485587
0 0.5725914137517147 0.8005839429964945 0.08719135802469134 0.1862139917695472
0 0.23267934456447187 0.7784550754458164 0.05825617283950619 0.1759259259259257
0 0.299431209276406 0.7872008840115836 0.06983024691358024 0.17695473251028793
0 0.4271291473765432 0.2321935490016766 0.06597222222222222 0.213477366255144
0 0.2920950681584362 0.22910855814662398 0.06134259259259262 0.21502057613168724
0 0.22072643389917693 0.22705285017527818 0.06828703703703702 0.21707818930041153
0 0.06526438185871056 0.5011959876543209 0.09182098765432099 0.18055555555555555
0 0.49544753086419746 0.25172801402225276 0.11111111111111119 0.19958847736625512
0 0.0814404899691358 0.23681270004572474 0.052083333333333336 0.20216049382716045
0 0.3580697016460905 0.2501809937509526 0.06481481481481484 0.19547325102880656
0 0.6790479788237311 0.2337419981710105 0.05131172839506175 0.2191358024691358
0 0.17402772419410148 0.25172134583142813 0.0443672839506173 0.19238683127572015
0 0.6099987139917695 0.23014165142508763 0.06481481481481476 0.21965020576131689
0 0.36926976165980796 0.519745941929584 0.08179012345679015 0.21450617283950613
0 0.03513776363168725 0.2450336267337296 0.04282407407407407 0.1918724279835391
0 0.28439321844993143 0.5120341792409694 0.08179012345679008 0.21913580246913578
0 0.18216253000685872 0.493996723060509 0.09182098765432099 0.18312757201646096
0 0.6848623435356652 0.5073402491998171 0.0906635802469135 0.14969135802469133
0 0.1393006794410151 0.2717587829599146 0.03742283950617284 0.1661522633744856
0 0.4614875364368999 0.5089229919219631 0.09760802469135801 0.1923868312757202
0 0.865388428069273 0.20341601889955802 0.04822530864197524 0.24485596707818927
0 0.8187020426097393 0.24093840496875474 0.04205246913580238 0.21347736625514402
0 0.9105243698559671 0.23527949245541838 0.04398148148148143 0.21296296296296294
0 0.7766487697187928 0.2578884697454656 0.04089506172839508 0.18621399176954737
0 0.783635009430727 0.5104295267489712 0.10108024691358032 0.1527777777777778
0 0.7303532771776406 0.2640541647614693 0.04205246913580238 0.17849794238683128
0 0.49348234953703707 0.7990197759487883 0.059027777777777776 0.16358024691358042
0 0.13355543767146777 0.7840977937814358 0.09760802469135801 0.1589506172839505
0 0.028616630229766803 0.7810213763145862 0.09683641975308643 0.16975308641975312
0 0.44139231824417013 0.7974794238683127 0.049382716049382776 0.16666666666666666
0 0.7527547367969821 0.8010873914037495 0.07793209876543207 0.17438271604938266
0 0.00040643218449931413 0.23989007011126348 0.029706790123456787 0.19238683127572015
0 0.9572056648662551 0.23682413122999543 0.042824074074074125 0.21450617283950615
0 0.0050534765089163235 0.507371208657217 0.05478395061728395 0.18312757201646085
0 0.8858589999142663 0.5150505829903977 0.08140432098765428 0.14351851851851852
0 0.37504340277777776 0.7887426649900929 0.0625 0.17541152263374488
