0 0.2764588835093897 0.3123630672926448 0.07262323943661969 0.16901408450704225
0 0.35260630624021905 0.32116425404277515 0.07702464788732391 0.1672535211267606
0 0.4340314456181533 0.3182343288123804 0.07570422535211263 0.1719483568075118
0 0.5229356171752739 0.3258536558859329 0.06954225352112668 0.1613849765258215
0 0.5968814187206574 0.3270327986437142 0.07262323943661965 0.1672535211267606
0 0.6761082991001565 0.3270344287949922 0.07482394366197183 0.1690140845070422
0 0.9159728335289514 0.30358198574161016 0.05721830985915485 0.19248826291079804
0 0.7091133607198749 0.5794372717788211 0.06690140845070411 0.22887323943661972
0 0.7826126026995305 0.5782619327073553 0.06073943661971839 0.22711267605633792
0 0.905851122359155 0.5911325204312293 0.059419014084507026 0.18368544600938963
0 0.9674448601330204 0.5793829334028864 0.022007042253521073 0.1701877934272301
0 0.5339376100352112 0.5899952182229178 0.06734154929577467 0.22300469483568083
0 0.4393088566118936 0.5794443357676926 0.06954225352112683 0.23650234741784035
0 0.3680020662167449 0.5823715440792906 0.06382042253521128 0.22887323943661972
0 0.28525405907668233 0.5676811641453661 0.061619718309859114 0.20833333333333343
0 0.2808642654538341 0.003120109546165884 0.07834507042253525 0.2007042253521127
0 0.555066510172144 0.016026017214397496 0.07042253521126757 0.19542253521126762
0 0.6285700312989045 0.01603416797078769 0.07042253521126764 0.2042253521126761
0 0.7210041935641628 0.008994087984698316 0.07702464788732376 0.20657276995305165
0 0.8002249608763693 0.004311750130412103 0.07042253521126772 0.22007042253521125
0 0.8750528780320814 0.009003868892366547 0.07614436619718311 0.2171361502347418
0 0.952057964104069 0.013110219961745783 0.04797535211267593 0.2153755868544601
0 0.7055836756651017 0.8715978742827335 0.05457746478873236 0.12852112676056332
0 0.48594728090766826 0.8757020518170753 0.04577464788732392 0.12441314553990614
0 0.20163280027386543 0.9050165188662841 0.06954225352112679 0.09389671361502352
0 0.12592888057511736 0.9020860502521302 0.0699823943661972 0.09800469483568072
0 0.015897642801251957 0.913812271778821 0.07570422535211267 0.0862676056338029
0 0.25002231269561814 0.5822509128847156 0.032130281690140886 0.0985915492957748
0 0.25221904342723006 0.6808310511215442 0.026408450704225296 0.08626760563380269
0 0.21701327758215963 0.5869370544253174 0.03433098591549293 0.08920187793427224
0 0.19499706572769956 0.5822465658146408 0.021126760563380267 0.09389671361502352
0 0.1949955374608764 0.680824530516432 0.018926056338028137 0.07922535211267592
0 0.21964617566510172 0.6808272474352288 0.02288732394366196 0.08215962441314549
0 0.11709427572378718 0.5840054990436445 0.024207746478873225 0.09213615023474181
0 0.10697500978090767 0.6808299643540254 0.029929577464788734 0.08509389671361495
0 0.04095755086071987 0.5100678142931664 0.0352112676056338 0.0985915492957747
0 0.051081401604068856 0.6074769605286038 0.03609154929577464 0.08920187793427224
0 0.055484338321596244 0.6955051295426884 0.03829225352112676 0.08920187793427224
0 0.024669283059467917 0.7013709572248304 0.03080985915492958 0.08626760563380279
0 0.018067781690140845 0.6057153103808033 0.03169014084507043 0.0880281690140845
0 0.00045603482003129896 0.6984383150756391 0.022887323943661973 0.0880281690140845
0 0.00044992175273865417 0.6057142236132846 0.014084507042253521 0.08685446009389676
0 0.00706273229655712 0.5147517822987306 0.029489436619718312 0.08685446009389676
0 0.20160223493740217 0.4707469353155973 0.025528169014084532 0.09683098591549293
0 0.22933019121674494 0.4736812076160668 0.024207746478873204 0.09683098591549302
0 0.2544160798122066 0.47250749869587905 0.02112676056338023 0.09683098591549281
0 0.22581823405712048 0.31405679447052687 0.037411971830985914 0.09683098591549298
0 0.18840473395931143 0.3064374673969744 0.03521126760563382 0.10739436619718316
0 0.19280247456964006 0.2095912667362198 0.02992957746478875 0.09096244131455401
0 0.22581762275039124 0.20959941749261 0.03653169014084507 0.09976525821596242
0 0.0774861844679186 0.20548871935315596 0.030809859154929578 0.09683098591549295
0 0.06868397887323945 0.3081893366371066 0.031690140845070415 0.09800469483568072
0 0.100369840571205 0.3081964006259781 0.02552816901408451 0.10563380281690145
0 0.002671410406885759 0.2847412406537993 0.04401408450704226 0.12617370892018784
0 0.0026698821400625975 0.15680044774821772 0.04181338028169014 0.119131455399061
