0 0.41515796165884195 0.2395996348461137 0.15140845070422534 0.176056338028169
0 0.5780278022300469 0.2472227656059816 0.17693661971830987 0.16960093896713613
0 0.7853164123630673 0.2513394409667884 0.15140845070422543 0.17899061032863853
0 0.9458993544600939 0.2665933098591549 0.05281690140845083 0.17429577464788734
0 0.008919576486697967 0.5793160972004868 0.1681338028169014 0.09800469483568072
0 0.192879804870892 0.581069596591897 0.1412852112676056 0.0903755868544601
0 0.39051221390845076 0.5840218005564249 0.1544894366197183 0.10974178403755865
0 0.5586359301643193 0.5810891584072335 0.1399647887323944 0.11150234741784036
0 0.7461389866979655 0.5898794774821771 0.1443661971830985 0.09800469483568082
0 0.9151118080007825 0.5916389540949399 0.08494718309859148 0.09683098591549308
0 0.010193845363849766 0.8381172839506172 0.10167253521126762 0.0962441314553991
0 0.11408664661580595 0.8428137497826466 0.12984154929577466 0.09800469483568072
0 0.24831921214788732 0.8445737697791689 0.11487676056338027 0.09741784037558684
0 0.5427933049687012 0.8504287297861242 0.1434859154929577 0.08274647887323935
0 0.7087254866001564 0.8457425882455225 0.1421654929577465 0.0921361502347419
0 0.8565972222222222 0.8369517257868198 0.11971830985915485 0.10504694835680747
0 0.8059886663732395 0.0047268953225526 0.13072183098591555 0.03462441314553991
0 0.9445807658450704 0.0029761128499391407 0.05545774647887324 0.045187793427230054
