0 0.728055609139232 0.21516489483310472 0.06674382716049365 0.15586419753086422
0 0.4645592206790124 0.4183680079256211 0.0763888888888889 0.1707818930041152
0 0.3673281571502058 0.6904830627953056 0.06365740740740738 0.1661522633744856
0 0.8233691808127572 0.20796944063404968 0.09606481481481476 0.16255144032921812
0 0.27242503643689986 0.7100308641975309 0.06983024691358024 0.16666666666666657
0 0.4016616298010973 0.42402882563633587 0.05941358024691365 0.17335390946502058
0 0.2735848551097394 0.20642289666209418 0.07330246913580246 0.15895061728395057
0 0.5397957926097393 0.17764441396128638 0.08371913580246913 0.18930041152263372
0 0.1794407471707819 0.43430450769699747 0.06134259259259258 0.1599794238683127
0 0.33182816786694097 0.4301864235634812 0.054783950617283965 0.15689300411522636
0 0.2538987482853224 0.43275558222831884 0.058641975308641944 0.15380658436213995
0 0.4545315715020576 0.21464429964944368 0.08101851851851857 0.14917695473251033
0 0.6296845528978052 0.20282921810699586 0.07908950617283944 0.16666666666666669
0 0.17675566915294927 0.20488254458161867 0.08371913580246913 0.162037037037037
0 0.045954700360082305 0.43173249123609203 0.0636574074074074 0.1599794238683128
0 0.5475008573388204 0.42247608977290046 0.06790123456790119 0.16306584362139911
0 0.08955707733196158 0.2125952598689224 0.07330246913580248 0.1584362139917696
0 0.11963091563786009 0.008345240816948636 0.04629629629629627 0.12397119341563785
0 0.11808743784293553 0.43481557689376615 0.045910493827160496 0.1563786008230452
0 0.17364781592935527 0.006286198750190519 0.05285493827160496 0.12242798353909466
0 0.4548978159293553 0.0006225232434080171 0.052854938271605 0.11676954732510288
0 0.6277271412037038 0.43020642813595494 0.03819444444444445 0.17849794238683123
0 0.40127234439300413 0.0006239521414418534 0.0543981481481481 0.1183127572016461
0 0.6135071051954732 0.009371665904587715 0.11689814814814817 0.12139917695473249
0 0.003139735510973937 0.21670381801554642 0.07677469135802469 0.15123456790123457
0 0.25813185871056243 0.00629762993446121 0.04320987654320984 0.13477366255144035
0 0.5027316958161866 0.008335714830056394 0.0447530864197531 0.11368312757201646
0 0.35573800797325106 0.008848212924859015 0.0405092592592592 0.11162551440329219
0 0.5532667288237311 0.0037075140984606006 0.03742283950617286 0.11522633744855969
0 0.7381033521947873 0.002175259106843469 0.09104938271604937 0.1270576131687243
0 0.8233434606481482 0.41935251867093426 0.05902777777777762 0.12294238683127572
0 0.7025749635631001 0.4168171772595641 0.041280864197530874 0.1625514403292181
0 0.6651539994855967 0.43532664609053495 0.04398148148148151 0.15277777777777768
0 0.06870927640603566 0.9141737158969668 0.052469135802469126 0.08539094650205757
0 0.17325558341906722 0.9193134621246761 0.04359567901234569 0.08076131687242794
0 0.5189691572359396 0.6776406035665294 0.09336419753086421 0.18518518518518517
0 0.6319867755486969 0.6796948826398415 0.06095679012345675 0.18158436213991777
0 0.6505160108024691 0.9172563252552964 0.07638888888888896 0.08127572016460899
0 0.7357633530521261 0.9203375057155921 0.054783950617284125 0.07561728395061736
0 0.12695553626543213 0.9157116864807194 0.03819444444444445 0.07973251028806581
0 0.45566138331618655 0.9244446349641823 0.041280864197530874 0.06687242798353915
0 0.2592927490569273 0.9177645366559976 0.048225308641975315 0.07458847736625514
0 0.22186321159122085 0.9146809746989788 0.03858024691358024 0.07767489711934158
0 0.7947932741769547 0.695101737540009 0.057870370370370475 0.15432098765432106
0 0.023948420353223594 0.9177759678402683 0.04128086419753086 0.08693415637860075
0 0.10382989326131688 0.682751771833562 0.07060185185185185 0.14969135802469133
0 0.5066462512860083 0.9280435528120714 0.12615740740740747 0.06481481481481471
0 0.19256821201989027 0.684292600213382 0.07600308641975309 0.14711934156378603
0 0.3086802876371742 0.9223865454961133 0.055169753086419804 0.0663580246913581
0 0.43291779192386826 0.695114121322969 0.06828703703703715 0.1676954732510288
0 0.8017280735596708 0.9157059708885841 0.04398148148148159 0.0735596707818929
0 0.40474295910493824 0.919312509525987 0.052083333333333336 0.07973251028806581
0 0.002763310185185185 0.7125738263984148 0.09027777777777778 0.13528806584362138
0 0.7099261081104252 0.6997313671696387 0.07137345679012341 0.15432098765432106
0 0.9232614776234567 0.7572711857948483 0.052083333333333336 0.07510288065843608
0 0.844944380144033 0.9187923906416706 0.05324074074074064 0.07355967078189302
0 0.8619135266632373 0.7012359967992684 0.0443672839506173 0.11265432098765428
0 0.0007911629801097394 0.003725137174211248 0.028163580246913577 0.13425925925925927
0 0.03589141803840878 0.06693720469440635 0.01697530864197531 0.0699588477366255
0 0.07101766117969821 0.006811556927297668 0.043209876543209874 0.13425925925925927
0 0.3082829646776406 0.006799173144337753 0.03858024691358024 0.12088477366255143
0 0.898201731824417 0.10033388584057308 0.07716049382716048 0.027263374485596705
0 0.8889537251371743 0.056624847584209714 0.09336419753086413 0.04372427983539095
0 0.8924296982167353 0.017011983691510437 0.0987654320987654 0.03960905349794238
0 0.36039925197187933 0.21824321749733272 0.08603395061728397 0.14711934156378595
0 0.9379267939814814 0.26552831123304377 0.059027777777777776 0.10390946502057614
0 0.00041420181755829906 0.42556441472336537 0.04089506172839506 0.1651234567901235
0 0.9413949974279834 0.44095840954122845 0.0532407407407408 0.12397119341563788
0 0.9151574824245542 0.6780311690291114 0.048996913580246826 0.05144032921810688
0 0.9683856310013719 0.6585062299954275 0.030864197530864126 0.07561728395061736
0 0.3831165873628257 0.9187995351318398 0.021219135802469206 0.08127572016460899
0 0.9413987482853222 0.9187914380429814 0.05864197530864206 0.0725308641975309
