0 0.6198582991001564 0.19966636237176144 0.20158450704225367 0.14671361502347416
0 0.45387354508998434 0.08409733089897409 0.12720070422535218 0.19131455399061034
0 0.1844938991588419 0.12331170665971135 0.10783450704225356 0.07805164319248824
0 0.19197293133802817 0.03528571118066424 0.10299295774647889 0.08039906103286386
0 0.5868171703834115 0.02589114936532777 0.1575704225352112 0.07511737089201878
0 0.32048702807120505 0.16672535211267606 0.09286971830985911 0.06338028169014083
0 0.317415211756651 0.07752945139975655 0.10607394366197186 0.0698356807511737
0 0.8623236380086071 0.2302023561119805 0.12632042253521136 0.1678403755868545
0 0.8662842943075116 0.037126695357329154 0.12544014084507055 0.16725352112676056
0 0.13424295774647887 0.5434272300469484 0.0 0.0
0 0.0005189994131455399 0.3188320509476613 0.11355633802816902 0.18368544600938963
0 0.09390588321596244 0.4625652060511216 0.2244718309859155 0.13380281690140836
0 0.3724985328638497 0.6086908798469831 0.20070422535211271 0.13262910798122063
0 0.5450737847222222 0.5870484480959834 0.25836267605633795 0.20950704225352107
0 0.7008805873435054 0.6821531038080334 0.25396126760563387 0.24647887323943657
0 0.23553587147887325 0.3463403103808033 0.08714788732394364 0.10387323943661968
