0 0.0023263277582159627 0.007198748043818467 0.18089788732394366 0.16901408450704225
0 0.202195813771518 0.000760737263084681 0.24647887323943657 0.18779342723004694
0 0.45043769561815333 0.0007645409494001044 0.25 0.19190140845070425
0 0.7008683612089202 0.0007786689271431056 0.23635563380281696 0.20715962441314553
0 0.0916471048513302 0.2560315597287428 0.14084507042253522 0.17605633802816906
0 0.08460974178403756 0.43679631803164665 0.147887323943662 0.19072769953051644
0 0.0004930188771517998 0.4098194879151451 0.0761443661971831 0.21068075117370896
0 0.4930800078247261 0.4080605546861415 0.17605633802816897 0.21244131455399062
0 0.70089342478482 0.4203649365327769 0.27244718309859156 0.19131455399061031
0 0.034976525821596244 0.8205170839853939 0.29577464788732394 0.1021126760563379
0 0.04993917498043819 0.9302289819161884 0.292693661971831 0.0698356807511738
0 0.5023095168231612 0.8082757346548427 0.1566901408450704 0.19131455399061037
0 0.6638497652582159 0.7420128021213703 0.16901408450704214 0.24706572769953056
0 0.3891615316901408 0.924365871152843 0.11091549295774648 0.0757042253521126
