0 0.2724826388888889 0.06836419753086419 0.05105633802816902 0.312206572769953
0 0.7275986649061033 0.5062146800556425 0.06602112676056338 0.37382629107981213
0 0.5035651408450704 0.5378678708050774 0.06338028169014089 0.3339201877934273
0 0.4309409844483568 0.5308408320292123 0.0620598591549296 0.3503521126760564
0 0.13736765209311425 0.5290721178925405 0.06294014084507042 0.3415492957746478
0 0.6492532888302035 0.5226264997391759 0.06558098591549298 0.352112676056338
0 0.3561185690532081 0.5261432794296644 0.06426056338028169 0.34741784037558676
0 0.06826767899061033 0.5255466440619022 0.06602112676056336 0.33685446009389675
0 0.5827813233568074 0.544329247087463 0.050176056338028255 0.34037558685446007
0 0.5634239901212833 0.0408037732568249 0.06294014084507041 0.33568075117370894
0 0.2914071669600939 0.5367006824900018 0.048855633802816927 0.34096244131455394
0 0.051099435152582154 0.0536825117370892 0.062059859154929585 0.301056338028169
0 0.4833137715179968 0.060748130759867854 0.05633802816901405 0.32629107981220656
0 0.6307566754694836 0.06250597722135282 0.05017605633802818 0.32335680751173707
0 0.21702336414319248 0.5378618935837246 0.04885563380281689 0.32746478873239443
0 0.4080600792253521 0.02673339419231438 0.07130281690140844 0.35093896713615025
0 0.7113009218505477 0.14105046948356809 0.04797535211267608 0.22183098591549297
0 0.2020668280516432 0.04550295600765084 0.06073943661971831 0.34037558685446007
0 0.1289961120892019 0.036112741262389156 0.05017605633802814 0.3397887323943662
0 0.3415905589788732 0.06249239262736916 0.05941901408450707 0.3086854460093897
0 0.0017972417840375586 0.5536982698661103 0.0528169014084507 0.31807511737089206
0 0.853473139182316 0.14572574334898278 0.057658450704225254 0.2007042253521127
0 0.003113385172143975 0.08301491045035646 0.046654929577464796 0.28990610328638494
0 0.8046168940727699 0.520845287776039 0.05677816901408445 0.32981220657277
0 0.7812863727503913 0.1375429273169884 0.05237676056338027 0.23650234741784035
0 0.6832556973787167 0.004801338897583029 0.22623239436619724 0.11502347417840376
