0 0.32956908007544583 0.25469393004115226 0.13503086419753088 0.06944444444444445
0 0.5205254951131686 0.2695963839353757 0.11226851851851866 0.052983539094650214
0 0.6034722222222222 0.6919591144642585 0.1111111111111111 0.09362139917695482
0 0.42718514231824417 0.49955466011278765 0.14660493827160492 0.07458847736625514
0 0.22961891289437583 0.19405197378448408 0.09567901234567901 0.13168724279835395
0 0.5988417888374485 0.5134278311233044 0.10995370370370373 0.05761316872427979
0 0.34691090106310013 0.17959200198140526 0.10725308641975309 0.07047325102880658
0 0.5216778120713306 0.2109572664228014 0.10493827160493834 0.05606995884773664
0 0.3858485510973937 0.6626333638164914 0.06635802469135801 0.08847736625514402
0 0.6632515110596708 0.2639336610272824 0.08217592592592587 0.048353909465020585
0 0.72653061771262 0.642530673677793 0.09297839506172842 0.044238683127572065
0 0.7504758230452674 0.4923458695320836 0.12962962962962968 0.06687242798353894
0 0.7906006194272978 0.22076665142508767 0.13155864197530856 0.09465020576131686
0 0.8970459319272976 0.4990235863435452 0.0794753086419754 0.056584362139917674
0 0.8572940779320988 0.6523348193872885 0.059027777777777776 0.07716049382716042
0 0.7743845914780522 0.4434542181069959 0.11381172839506175 0.041666666666666664
0 0.47499356995884773 0.7459385954884926 0.1018518518518519 0.05812757201646095
0 0.35580364797668046 0.9352423411065387 0.13503086419753088 0.06172839506172847
0 0.474992230366941 0.6477166209419295 0.09992283950617285 0.08950617283950624
0 0.005085090877914951 0.8792009602194788 0.10030864197530863 0.09259259259259249
0 0.00045921210562414265 0.6642213458314281 0.10570987654320987 0.13683127572016465
0 0.3160373263888889 0.7546744017680231 0.09375 0.048353909465020634
0 0.6393432784636489 0.9429398148148147 0.0987654320987654 0.04166666666666688
0 0.7400310249485598 0.7125114311842707 0.08912037037037032 0.06790123456790116
0 0.658626436042524 0.8976661332114007 0.0887345679012346 0.034979423868312806
0 0.7462097586591222 0.9249442729766805 0.09760802469135793 0.05092592592592592
0 0.1412037037037037 0.9686213991769547 0.0 0.0
0 0.6725110382373114 0.20015908398110047 0.08256172839506166 0.06069958847736627
0 0.9309839570473252 0.19096126733729615 0.06134259259259254 0.1270576131687243
0 0.2469923482510288 0.4527168114616674 0.11342592592592596 0.045267489711934235
0 0.9028225201474623 0.4208466697149825 0.06442901234567905 0.0699588477366255
0 0.8858568565672155 0.7526053574150282 0.07831790123456778 0.03600823045267492
0 0.8719521604938272 0.8843378486511203 0.05555555555555571 0.08487654320987661
0 0.512426054526749 0.9609320225575371 0.11574074074074071 0.028806584362139894
0 0.24235950360082303 0.5134330704160951 0.10879629629629631 0.06327160493827154
0 0.36730752743484224 0.4923692081999696 0.033950617283950636 0.09207818930041142
0 0.4194626628943759 0.42082714144185335 0.13734567901234562 0.04886831275720164
0 0.5907495820473251 0.4208438119189148 0.12384259259259262 0.06687242798353905
0 0.5205137067043896 0.1440848384392623 0.09529320987654326 0.05606995884773661
0 0.27396128043552814 0.932675563938424 0.059799382716049364 0.0673868312757202
