0 0.4649967313957476 0.0058761050144795005 0.15084876543209874 0.23508230452674897
0 0.5170511295438958 0.3731857757963725 0.10918209876543222 0.26286008230452684
0 0.14322193287037038 0.009967992684042066 0.1284722222222222 0.20987654320987656
0 0.04712630744170097 0.023296277244322514 0.08410493827160494 0.15997942386831276
0 0.6320315179183814 0.4060952027130011 0.12538580246913572 0.24948559670781884
0 0.1516972629458162 0.32334343087943906 0.1107253086419753 0.3220164609053498
0 0.37161833419067214 0.34749418914799574 0.1304012345679012 0.2937242798353909
0 0.8326640732167353 0.012054660112787685 0.1473765432098765 0.24125514403292186
0 0.1787061149691358 0.7820549458923945 0.11458333333333337 0.1748971193415637
0 0.7585843728566529 0.852406740588325 0.13927469135802475 0.043724279835390796
