0 0.404046371313443 0.08101423182441701 0.1601080246913581 0.27314814814814814
0 0.5953907321673526 0.06041285627190977 0.14043209876543197 0.24588477366255143
0 0.5417786565500685 0.3992641175125743 0.1612654320987654 0.09413580246913572
0 0.2142122663751715 0.4403816110349032 0.1323302469135802 0.056584362139917674
0 0.3673790616426612 0.514981519585429 0.13695987654320993 0.06893004115226338
0 0.20843808942043895 0.50266441853376 0.1508487654320988 0.09979423868312773
0 0.09301911865569272 0.3705575560128029 0.058641975308641986 0.20216049382716053
0 0.14938244813100138 0.2896628753238836 0.11072530864197531 0.05812757201646095
0 0.5182524755658436 0.5134683165675964 0.17245370370370372 0.10133744855967079
0 0.1424597050754458 0.13078179774424628 0.14197530864197533 0.13323045267489714
0 0.28171483839163236 0.23416780978509374 0.11381172839506175 0.12345679012345677
0 0.36622031464334703 0.4439814814814815 0.13503086419753096 0.05555555555555555
0 0.010852034036351165 0.3720836191129401 0.07137345679012347 0.183641975308642
0 0.21806814771947872 0.38584485977747296 0.12924382716049385 0.045781893004115184
0 0.7578229488168724 0.0856500533455266 0.15393518518518523 0.279835390946502
0 0.7219403720850481 0.4080670819996952 0.14969135802469127 0.1568930041152263
0 0.9186497985253772 0.09747847126962353 0.07793209876543207 0.2767489711934156
0 0.8766289437585735 0.43180441243712847 0.12345679012345682 0.2376543209876544
0 0.7018802512002744 0.5736144452065233 0.15200617283950604 0.05915637860082317
0 0.6146706747256515 0.6956266194177717 0.12577160493827158 0.16563786008230444
0 0.7485631537208505 0.7084890832190215 0.15316358024691348 0.16820987654320985
0 0.9282921810699588 0.7203298849260784 0.07407407407407428 0.17849794238683123
0 0.0324901941872428 0.6375014288980339 0.11921296296296298 0.16820987654320985
0 0.3499528463648834 0.07162684804145708 0.04320987654320984 0.13477366255144033
