0 0.24966011345852893 0.5156527125717267 0.14436619718309862 0.426056338028169
0 0.565648229655712 0.1716022213528082 0.0968309859154929 0.2599765258215962
0 0.13343786678403755 0.5132944270561641 0.10827464788732394 0.41431924882629095
0 0.6462065360915492 0.4997505868544601 0.11487676056338042 0.36443661971830993
0 0.4058942194835681 0.5056240219092333 0.12147887323943662 0.3697183098591549
0 0.6637959702660406 0.17219287949921755 0.09154929577464799 0.2640845070422535
0 0.3112410137910798 0.042582268301165016 0.0884683098591549 0.35504694835680745
0 0.5449576364436619 0.5055381672752566 0.09110915492957751 0.2769953051643192
0 0.7610765722809077 0.03909483133368109 0.10519366197183078 0.3914319248826291
0 0.0005309198943661972 0.5168139236654495 0.1307218309859155 0.4125586854460094
0 0.865379866001565 0.036759367936011124 0.09066901408450702 0.40434272300469487
0 0.4591261981611893 0.16748663275952008 0.08538732394366196 0.2517605633802817
0 0.22320734301643191 0.04376086767518693 0.08054577464788733 0.36032863849765256
0 0.9107134560837244 0.5138378108155104 0.08934859154929582 0.36737089201877937
0 0.03659098689358373 0.029687771691879673 0.08538732394366198 0.37265258215962443
0 0.1158239803403756 0.16983350721613633 0.09639084507042252 0.25117370892018775
0 0.7725391847613458 0.5033211615371239 0.13248239436619733 0.4178403755868545
0 0.9590953271713615 0.053759672230916364 0.04093309859154933 0.3843896713615023
