0 0.8728405589788732 0.7484605938097723 0.059419014084507026 0.23884976525821594
0 0.04492951633411581 0.44915123456790124 0.05061619718309859 0.22417840375586856
0 0.723196339495305 0.4380471874456616 0.06470070422535217 0.2740610328638498
0 0.5084021053403756 0.06776647539558338 0.05677816901408453 0.3004694835680751
0 0.24651524598982785 0.4262959702660407 0.05237676056338027 0.2588028169014085
0 0.16817842820813772 0.0665846157190054 0.06426056338028172 0.2916666666666667
0 0.3050613140649452 0.07420557294383585 0.06294014084507044 0.2828638497652582
0 0.07221641480829422 0.7748565466875326 0.047975352112676055 0.2253521126760564
0 0.3785559712441315 0.08065064771344113 0.05017605633802818 0.2717136150234742
0 0.5735432560641628 0.06953029907842113 0.05721830985915485 0.3039906103286385
0 0.3631528755868545 0.44624902190923316 0.05281690140845075 0.25880281690140855
0 0.3085711316510172 0.44331474960876366 0.04665492957746484 0.2588028169014085
0 0.10787393632629107 0.4350727047470005 0.05677816901408451 0.2306338028169015
0 0.4344651677425665 0.06483981046774474 0.06646126760563385 0.3086854460093897
0 0.1941320667057903 0.433318661971831 0.04313380281690138 0.2376760563380282
0 0.6378022911776212 0.07245642062250045 0.05501760563380292 0.29518779342723
0 0.6162360010758997 0.43981046774474003 0.0558978873239438 0.2769953051643192
0 0.23904049295774646 0.07420665971135454 0.06338028169014089 0.284037558685446
0 0.11050897398278561 0.06953192922969918 0.04841549295774647 0.3057511737089202
0 0.013678905027386539 0.7748532863849765 0.04973591549295774 0.22183098591549297
0 0.02030791519953052 0.06835224308815858 0.08846830985915491 0.2992957746478873
0 0.5607825337441313 0.41397800382542166 0.062059859154929675 0.26525821596244126
0 0.00046978922143974965 0.4433207268301165 0.042693661971830985 0.26525821596244137
0 0.48287760416666664 0.44274582681272817 0.0620598591549296 0.278169014084507
0 0.8319013473200313 0.08887313075986786 0.0506161971830985 0.2787558685446009
0 0.4357684736893584 0.40979992609980864 0.041813380281690134 0.1895539906103286
0 0.7289007482394366 0.10058413754129716 0.03961267605633796 0.2505868544600939
0 0.7922944786776215 0.4380444705268649 0.058978873239436465 0.27112676056338025
0 0.7628071816314554 0.08184554860024344 0.0620598591549296 0.29460093896713613
0 0.7931710925273865 0.771325639019301 0.05369718309859163 0.21478873239436622
0 0.12767232736697964 0.7713294427056163 0.04533450704225353 0.21889671361502352
0 0.1822577391431925 0.775439597461311 0.056778169014084494 0.22124413145539912
0 0.41861245598591545 0.7678088593288124 0.05545774647887324 0.2194835680751174
0 0.5629746796752738 0.7660569900886803 0.049735915492957694 0.22887323943661972
0 0.6188753178794992 0.8023957789949573 0.05369718309859148 0.17899061032863856
0 0.4828675176056338 0.7707110719874805 0.047535211267605605 0.18485915492957739
0 0.6778508289319249 0.7930104547035298 0.04885563380281681 0.18368544600938963
0 0.239902741099374 0.7712501086767519 0.037411971830985914 0.1332159624413146
0 0.8869128398865413 0.08770865936358893 0.041813380281690134 0.2887323943661972
0 0.4164138913341157 0.5060369935663364 0.0585387323943663 0.18192488262910803
0 0.9590919649843506 0.751381281516258 0.036091549295774746 0.22417840375586867
0 0.9335567659428795 0.763118370718136 0.025968309859154853 0.22417840375586845
0 0.28220822329812206 0.8187516301512779 0.1122359154929577 0.09683098591549308
0 0.32312726183489826 0.7676485611198052 0.09198943661971831 0.04636150234741794
