0 0.9247857369913928 0.5452926664927837 0.07174295774647893 0.11326291079812217
0 0.28525803257042254 0.27535102590853766 0.06734154929577463 0.12558685446009388
0 0.3292718114241001 0.7020186706659711 0.0669014084507043 0.15199530516431928
0 0.4084907448161189 0.4989224700052165 0.05765845070422534 0.10387323943661973
0 0.7513595461658841 0.5394181446704921 0.056338028169014204 0.10680751173708919
0 0.2069175469483568 0.18318879325334725 0.07394366197183098 0.09741784037558682
0 0.3728353628716745 0.01651614936532777 0.051936619718309866 0.09096244131455399
0 0.3600807536189358 0.17497391757955139 0.06558098591549298 0.09859154929577464
0 0.8697583504499217 0.5534928708050774 0.057658450704225414 0.096244131455399
0 0.21835142801251956 0.28647952529994786 0.0598591549295775 0.10211267605633802
0 0.48242798806729265 0.4912955355590332 0.04841549295774649 0.10622065727699531
0 0.27556851525821596 0.5136036124152321 0.058098591549295815 0.11443661971830982
0 0.1391211854460094 0.28707453051643195 0.05281690140845069 0.11091549295774648
0 0.783919576486698 0.8187103329855676 0.04137323943661973 0.052230046948356854
0 0.4762638766627543 0.7870522517822988 0.04533450704225359 0.08685446009389676
0 0.0013488482981220656 0.4456100026082421 0.0409330985915493 0.20246478873239437
0 0.5062020124217527 0.18376532342201354 0.057658450704225414 0.08626760563380281
0 0.3415905589788732 0.48952682142236137 0.05941901408450707 0.09741784037558684
0 0.9075997652582158 0.05642007911667536 0.042253521126760694 0.08861502347417842
0 0.503115830399061 0.3040802686489307 0.05017605633802818 0.09683098591549293
0 0.17345156005477308 0.5253146191966613 0.05193661971830989 0.0862676056338029
0 0.6118324530516432 0.5341342809946097 0.05281690140845059 0.1044600938967136
0 0.446774440043036 0.17438597635193878 0.04533450704225351 0.09741784037558687
0 0.8398235768779342 0.05464919144496609 0.050176056338028095 0.07746478873239437
0 0.3697497921557121 0.29469222743870627 0.04533450704225351 0.0985915492957747
0 0.5493238947574335 0.46958083376804033 0.04049295774647885 0.10504694835680747
0 0.8289041104264476 0.35219527038775866 0.17121478873239432 0.0892018779342723
0 0.21615897642801254 0.015339723526343245 0.07174295774647885 0.0880281690140845
0 0.0792806753716745 0.022365675534689617 0.07966549295774647 0.07042253521126761
0 0.6752072329812205 0.5065570118240306 0.04489436619718311 0.10974178403755865
0 0.4709843260954616 0.7089832203095113 0.04841549295774657 0.06807511737089209
0 0.1479264475743349 0.17143268561989217 0.05633802816901407 0.0768779342723005
0 0.4370888962245697 0.31581138062945574 0.04181338028169006 0.09037558685446004
0 0.8328598762715179 0.2512519561815336 0.16329225352112692 0.08450704225352113
0 0.9353222197769953 0.7970016084159276 0.03301056338028177 0.057511737089201896
0 0.9467799418035995 0.06580540340810295 0.05325704225352108 0.0839201877934272
0 0.8098946107198748 0.551732850808555 0.051056338028169064 0.09683098591549298
0 0.5015096219679187 0.05640323422013563 0.27244718309859156 0.0704225352112676
0 0.0370078980829421 0.7624456616240655 0.051936619718309866 0.13145539906103287
0 0.21834439798513297 0.7606492349156667 0.04973591549295778 0.09272300469483578
0 0.28260251613849763 0.7559511389323597 0.046214788732394395 0.08920187793427224
0 0.4076058783255086 0.7835289514866981 0.051056338028169064 0.08450704225352107
0 0.16068075117370892 0.7841098287254391 0.042253521126760576 0.07805164319248818
0 0.7363831426056338 0.8016980742479569 0.03961267605633796 0.05927230046948361
0 0.1721195226917058 0.010641627543035994 0.03521126760563376 0.08450704225352113
0 0.3063728726525821 0.015928751521474525 0.05017605633802818 0.09037558685446011
0 0.4309348713810642 0.019453138584593983 0.05325704225352115 0.09389671361502347
0 0.7060112847222222 0.30053631977047474 0.03653169014084507 0.07218309859154928
0 0.599517067683881 0.33104242740392975 0.06514084507042249 0.06103286384976527
0 0.8103268045774648 0.7395056294557468 0.03961267605633812 0.07453051643192486
0 0.7332991001564947 0.7113344418362024 0.035211267605633624 0.07218309859154928
0 0.8354108592527386 0.8239969135802468 0.033890845070422414 0.057511737089201896
0 0.8829479044405321 0.7213028169014084 0.03653169014084515 0.06338028169014091
0 0.8939453125 0.812862436967484 0.02772887323943662 0.07453051643192486
0 0.9388509878716745 0.7213087941227613 0.044014084507042306 0.0698356807511738
0 0.40231685250391236 0.6943096852721264 0.04049295774647885 0.06572769953051649
0 0.154962588028169 0.6978357024865242 0.04753521126760564 0.07100938967136154
0 0.28877182365023474 0.1708599591375413 0.056778169014084494 0.09213615023474184
0 0.7874355071400626 0.04527473482872544 0.03389084507042257 0.0938967136150235
0 0.2126268461463224 0.44957724743522864 0.05589788732394364 0.05046948356807514
0 0.13737315385367765 0.4401892062250044 0.07086267605633799 0.052230046948356694
0 0.00045756308685446017 0.74661743609807 0.025088028169014082 0.1496478873239436
0 0.7786244375978091 0.7201345418188141 0.022007042253521233 0.06924882629107983
0 0.5876161482785602 0.701335637280473 0.04049295774647885 0.04812206572769955
0 0.5400769635172145 0.7160010215614675 0.034771126760563376 0.041666666666666664
0 0.6342729117762128 0.7001456268475047 0.04313380281690142 0.030516431924882608
0 0.23110817683881063 0.6772718874978264 0.04929577464788729 0.045187793427230095
