0 0.7550572273662551 0.5525701112635268 0.06018518518518524 0.10905349794238688
0 0.49733608753429354 0.5536108253315043 0.05285493827160492 0.12191358024691365
0 0.40012324245541836 0.21459857491236095 0.06635802469135801 0.09979423868312756
0 0.3410866233710563 0.5386812223746379 0.053626543209876545 0.10905349794238678
0 0.11964323988340192 0.2192267756439567 0.06404320987654322 0.09825102880658436
0 0.30367664394718796 0.2197387974394147 0.07214506172839504 0.095679012345679
0 0.42673879029492456 0.5510345221764975 0.059413580246913573 0.11728395061728392
0 0.2176386745541838 0.21563404968754762 0.06635802469135801 0.10699588477366254
0 0.23306273576817557 0.5679817291571406 0.054783950617283965 0.08693415637860084
0 0.5702492712620029 0.5546391556165218 0.04783950617283945 0.1213991769547326
0 0.17133112568587106 0.5643956713915562 0.05015432098765433 0.10288065843621397
0 0.1042098015260631 0.532529340039628 0.06211419753086419 0.13168724279835387
0 0.6987260480967078 0.4368331809175431 0.05439814814814825 0.1131687242798354
0 0.6292824074074075 0.5577141441853375 0.055555555555555476 0.10905349794238688
0 0.6269740226337448 0.42809594573997867 0.06481481481481492 0.12139917695473254
0 0.5606138545953362 0.42809499314128946 0.061728395061728336 0.12037037037037042
0 0.5961044667352537 0.22745341792409693 0.05709876543209881 0.09413580246913582
0 0.22650704089506174 0.41524919981710107 0.05902777777777774 0.13580246913580243
0 0.40088386274005483 0.4126547972869989 0.05054012345679016 0.11162551440329217
0 0.4942526148834019 0.4383721040999847 0.05709876543209881 0.10853909465020577
0 0.16786319015775034 0.4286155883249505 0.05632716049382716 0.1270576131687243
0 0.2928546167695473 0.551525110501448 0.04398148148148151 0.09156378600823037
0 0.29709121013374484 0.4162651463191587 0.033564814814814804 0.1219135802469136
0 0.49965786822702335 0.2212839125133364 0.06288580246913579 0.0977366255144033
0 0.03323125643004115 0.22899615150129554 0.07523148148148148 0.09362139917695471
0 0.03939311128257888 0.5464067977442463 0.05941358024691358 0.11934156378600826
0 0.027053326474622767 0.4090725499161713 0.06790123456790124 0.13168724279835398
0 0.1613179441015089 0.02271281054717269 0.07561728395061726 0.0853909465020576
0 0.2592973036694101 0.012949626581313824 0.054783950617283965 0.09670781893004116
0 0.42982654963991773 0.01963591678097851 0.06134259259259254 0.09567901234567901
0 0.6022823966906722 0.007810356652949244 0.06442901234567905 0.10185185185185185
0 0.07527729552469135 0.012448083371437279 0.06597222222222221 0.11059670781893004
0 0.7828317901234568 0.0180927069044353 0.05555555555555555 0.09567901234567901
0 0.5208678948045267 0.016544257735101358 0.04976851851851849 0.09002057613168725
0 0.33993805727023313 0.021682098765432097 0.06635802469135806 0.08333333333333333
0 0.6960273062414266 0.5592635459533607 0.05709876543209889 0.11574074074074085
0 0.7708799511316872 0.22950864959609818 0.06712962962962953 0.0915637860082304
0 0.7646958590534979 0.42757582685566226 0.050925925925926034 0.11522633744855973
0 0.6782801247427983 0.22179498171010517 0.05671296296296294 0.09413580246913576
0 0.8684919945987656 0.44761421658283795 0.0729166666666665 0.09002057613168725
0 0.6917885695301784 0.019119131992074382 0.06442901234567897 0.09310699588477367
0 0.21956098894032927 0.8519628295991464 0.05671296296296294 0.11985596707818921
0 0.346101519633059 0.8776496532540771 0.05285493827160492 0.0838477366255146
0 0.2843739283264746 0.8735434766041763 0.0540123456790123 0.09362139917695482
0 0.5293625150034293 0.8750966887669562 0.05979938271604929 0.10442386831275725
0 0.656289651920439 0.879713934613626 0.05709876543209873 0.09104938271604932
0 0.40666848851165976 0.8766227518670934 0.04706790123456794 0.08590534979423883
0 0.46724215534979424 0.8797096479195244 0.05092592592592595 0.08641975308641968
0 0.46840117026748973 0.75367131534827 0.053240740740740713 0.07613168724279831
0 0.40435260202331963 0.75213048696845 0.045524691358024685 0.0787037037037036
0 0.5910938571673525 0.8714915790275872 0.06404320987654318 0.09979423868312762
0 0.1520455568415638 0.7665494970278922 0.05671296296296294 0.09567901234567894
0 0.6682414909122084 0.7660479538180155 0.04552469135802476 0.10956790123456793
0 0.7249624914266118 0.7634721269623533 0.05709876543209873 0.10545267489711926
0 0.7226458011831274 0.8684027777777777 0.05439814814814825 0.09722222222222222
0 0.16708649477023318 0.8699417009602195 0.0489969135802469 0.0925925925925927
0 0.2893823945473251 0.7356752972107911 0.04398148148148147 0.08487654320987661
0 0.3410893025548697 0.7423563481176649 0.057484567901234566 0.07818930041152275
0 0.0980372299382716 0.8719959800335314 0.06249999999999998 0.08899176954732518
0 0.10034025634430728 0.7732276901386983 0.045524691358024685 0.08590534979423874
0 0.5984214248971195 0.7737454275262917 0.06018518518518508 0.08950617283950614
0 0.5351458011831276 0.7552464372809022 0.0543981481481481 0.11059670781893005
0 0.04324309842249657 0.7902072854747751 0.047839506172839504 0.09053497942386836
0 0.8075405628429356 0.8735739597622314 0.0806327160493827 0.12654320987654316
0 0.8924109439300412 0.867403025453437 0.0717592592592592 0.12860082304526763
0 0.0015804505315500687 0.021700198140527358 0.05362654320987654 0.10288065843621401
0 0.8630920996227709 0.1153568434689834 0.07484567901234555 0.14094650205761317
0 0.9437082047325103 0.11124542752629173 0.050925925925925875 0.14506172839506173
0 0.8449642061042525 0.2593754762993446 0.08179012345679 0.1255144032921811
0 0.9356143904320987 0.26246189605243103 0.0625 0.12551440329218105
0 0.8835474001200274 0.5571883097088859 0.08603395061728397 0.09670781893004106
