0 0.5108547132201647 0.4497551821368693 0.07523148148148134 0.1800411522633745
0 0.10501811128257889 0.4014212772443225 0.11496913580246915 0.20164609053497942
0 0.27862895447530867 0.41376647995732363 0.11458333333333329 0.20113168724279837
0 0.4313743141289437 0.1395633287608596 0.06790123456790127 0.17283950617283952
0 0.42290300282921817 0.4076003086419753 0.09143518518518524 0.20833333333333334
0 0.09879731438614542 0.6688204923030027 0.045910493827160496 0.10390946502057598
0 0.15859535751028808 0.6636831275720164 0.04398148148148149 0.1111111111111111
0 0.06603143218449932 0.1421210562414266 0.08526234567901234 0.1574074074074074
0 0.3140884880829904 0.14777996875476299 0.0652006172839506 0.15792181069958847
0 0.534381162122771 0.13031550068587108 0.06442901234567897 0.18518518518518515
0 0.7002743484224966 0.17148681603414115 0.061728395061728336 0.205761316872428
0 0.04826308513374486 0.3911384506934919 0.05439814814814815 0.20730452674897115
0 0.24849912122770917 0.15035198521566834 0.06095679012345678 0.15792181069958847
0 0.001186878429355281 0.38857167352537725 0.04243827160493827 0.21296296296296297
0 0.8912792566872427 0.20336314967230606 0.10879629629629635 0.18775720164609053
0 0.7844076860425241 0.18690891251333636 0.10262345679012333 0.19495884773662553
0 0.9514188957475994 0.4636535970126505 0.04320987654320984 0.19032921810699588
0 0.8515292781207132 0.4698154816338973 0.09104938271604937 0.17849794238683128
0 0.756235264489026 0.47392975537265664 0.0898919753086419 0.17746913580246915
0 0.9259535215192044 0.7084219250114312 0.03973765432098762 0.09567901234567905
0 0.6910175004286694 0.4410355700350556 0.06520061728395063 0.2073045267489712
0 0.8256483624828533 0.7238659312604785 0.044753086419753015 0.10853909465020571
0 0.699111314729081 0.7166547591830513 0.05362654320987659 0.09825102880658435
0 0.10188051911865567 0.8467930765127266 0.041280864197530874 0.09207818930041164
0 0.16785193758573388 0.8488549763755524 0.040123456790123475 0.09670781893004127
0 0.41824283050411526 0.876631801554641 0.04745370370370365 0.09567901234567905
0 0.4645377872085048 0.6919710219478737 0.045524691358024685 0.1064814814814816
0 0.05095191400891633 0.6678002591068436 0.037422839506172846 0.11316872427983535
0 0.37309831532921817 0.8658360006096631 0.039351851851851825 0.10288065843621397
0 0.41360971793552814 0.6873371056241426 0.042438271604938335 0.10185185185185185
0 0.2909282836076818 0.6708461934156379 0.04783950617283948 0.06944444444444445
0 0.4680116169410151 0.8838444025301022 0.047839506172839524 0.1075102880658437
0 0.05519332990397805 0.8447445130315501 0.03395061728395061 0.10185185185185185
0 0.005808470507544581 0.660605281207133 0.030864197530864206 0.12037037037037036
0 0.7643151470336077 0.7084400243865264 0.05825617283950603 0.11522633744855958
0 0.8808194551611798 0.9095478966620941 0.04668209876543206 0.08950617283950624
0 0.8835179290980795 0.727959247828075 0.04359567901234571 0.08487654320987661
0 0.7619939021776405 0.894644013869837 0.048996913580246985 0.10442386831275714
0 0.941002496999314 0.9141689529035207 0.04359567901234571 0.08024691358024698
0 0.694874453446502 0.8930965172991921 0.06365740740740745 0.09979423868312752
0 0.23538532021604935 0.8555017337296142 0.06597222222222222 0.05298353909465026
0 0.6713670267489712 0.002110958695320835 0.10185185185185183 0.05761316872427984
0 0.7801651984739368 0.0005715592135345222 0.10455246913580254 0.0617283950617284
0 0.0015850051440329219 0.1169519699740893 0.06018518518518518 0.1970164609053498
0 0.5158524627057613 0.7510945358939186 0.04976851851851849 0.07098765432098762
0 0.5235687800068587 0.6826636564548086 0.05015432098765436 0.05452674897119344
