0 0.3457237547153635 0.47395880963267795 0.06442901234567901 0.20884773662551434
0 0.47073741855281204 0.8483839163237311 0.08410493827160492 0.14351851851851852
0 0.3831640089163237 0.10831047096479195 0.0895061728395062 0.308641975308642
0 0.5000471536351166 0.4956318587105624 0.06790123456790119 0.2824074074074074
0 0.5795216585219478 0.4910079446730682 0.06674382716049389 0.2885802469135803
0 0.4799985532407407 0.10675916399939034 0.08680555555555564 0.2998971193415638
0 0.4298286929869685 0.5095097927145252 0.06442901234567897 0.27057613168724276
0 0.057922882373113854 0.48483224737082764 0.07561728395061729 0.28549382716049376
0 0.2172544795953361 0.15969554945892395 0.06867283950617285 0.24897119341563784
0 0.5725914137517147 0.10522976680384087 0.08719135802469134 0.3148148148148148
0 0.045202385545267496 0.10060632906569121 0.09143518518518517 0.3215020576131688
0 0.3013535236625514 0.15661103490321598 0.060185185185185196 0.2510288065843621
0 0.2604536394032922 0.4785617664990092 0.053240740740740713 0.1800411522633745
0 0.1435667438271605 0.15352175735406187 0.06944444444444446 0.2479423868312757
0 0.1886994705932785 0.4785898681603413 0.06057098765432095 0.21039094650205767
0 0.007366147976680384 0.48942139155616526 0.05169753086419753 0.24176954732510286
0 0.6586138438786008 0.1051678478890413 0.0706018518518519 0.2479423868312757
0 0.894736743398491 0.23525329599146472 0.08757716049382715 0.1846707818930041
0 0.9117112482853224 0.5058008497180307 0.08641975308641968 0.1538065843621399
0 0.8835436492626886 0.02175497256515775 0.0806327160493827 0.16203703703703703
0 0.27706886574074074 0.841708104709648 0.09027777777777778 0.15586419753086414
0 0.18370252486282582 0.8432522671848803 0.08719135802469134 0.15689300411522636
0 0.5552316422325103 0.84375619189148 0.08912037037037032 0.14557613168724265
0 0.37737322102194787 0.8370779987806737 0.08410493827160492 0.15534979423868317
0 0.12079555684156379 0.841710486206371 0.05671296296296298 0.15843621399176952
0 0.8109900120027435 0.7207757011126352 0.047839506172839524 0.10442386831275725
0 0.003907589591906721 0.8401372694711172 0.07137345679012345 0.1260288065843621
0 0.930974579903978 0.7326336495960981 0.047839506172839365 0.13323045267489714
0 0.870791805984225 0.7177440557841793 0.05131172839506175 0.1635802469135803
0 0.8511488340192044 0.9383168533760097 0.09876543209876555 0.048868312757201694
0 0.00040803969478737993 0.11550401996646853 0.0320216049382716 0.2998971193415638
0 0.9753252529149519 0.021753543667123912 0.023919753086419842 0.16049382716049382
0 0.8245118527091906 0.4908931565310167 0.07484567901234572 0.16460905349794233
0 0.1366105109739369 0.4786193987197074 0.05246913580246915 0.24228395061728392
0 0.32177506644375853 0.47855890870294154 0.02276234567901238 0.17695473251028804
0 0.6574470593278464 0.8478709419295839 0.05709876543209873 0.1450617283950617
0 0.7924650634430728 0.9352428174058833 0.03858024691358016 0.06224279835390942
