0 0.25407130281690143 0.7436744696574509 0.15845070422535212 0.14025821596244137
0 0.7487235915492958 0.12049915232133543 0.0633802816901408 0.20950704225352113
0 0.7439434785798121 0.47783863675882454 0.1518485915492958 0.15023474178403756
0 0.17968780565336462 0.07949269692227438 0.15889084507042253 0.2887323943661972
0 0.6154052352308295 0.08066260215614675 0.1272007042253521 0.28462441314553993
0 0.33901176154147106 0.0765584246218049 0.1487676056338028 0.28873239436619713
0 0.4943606954225352 0.08353003825421665 0.11883802816901413 0.21244131455399057
0 0.00321241686228482 0.1140736393670666 0.1892605633802817 0.2417840375586855
0 0.10441730242566509 0.7741985089549642 0.14964788732394368 0.14847417840375585
0 0.607487590473396 0.496018083811511 0.13424295774647893 0.13615023474178406
0 0.08022300469483569 0.4596369109720049 0.16901408450704225 0.14025821596244142
0 0.004450924295774648 0.49545350808555033 0.07130281690140844 0.16021126760563378
0 0.8213825924295776 0.08297796035472092 0.11487676056338027 0.25
0 0.0022813967136150236 0.7695036732742132 0.11619718309859156 0.14847417840375585
0 0.42433031347809075 0.7466076551904017 0.04973591549295778 0.13908450704225342
0 0.7509331597222222 0.726655690314728 0.07614436619718326 0.14025821596244137
0 0.9137843554381847 0.7453921057207442 0.0748239436619719 0.09389671361502341
0 0.9546969752543036 0.5048306816205878 0.04533450704225351 0.14671361502347424
0 0.9357800885172143 0.07768920622500435 0.058538732394366216 0.24237089201877932
