0 0.4645401984739369 0.4544086267337296 0.0489969135802469 0.20576131687242805
0 0.4074449159807956 0.46212896281054716 0.05401234567901238 0.2103909465020576
0 0.5046716928155007 0.21724108367626888 0.06057098765432095 0.17592592592592593
0 0.7214905371227709 0.460573369151044 0.0574845679012346 0.1970164609053498
0 0.440235178755144 0.2331585314738607 0.04976851851851849 0.14454732510288062
0 0.5748842592592592 0.2064352804450541 0.055555555555555476 0.17232510288065847
0 0.2581380208333333 0.240884106843469 0.052083333333333294 0.15483539094650206
0 0.567947048611111 0.45902587258039934 0.06597222222222222 0.19238683127572015
0 0.33492262517146776 0.4636736015851242 0.06635802469135806 0.21193415637860086
0 0.1825196652091907 0.2213558337143728 0.05054012345679012 0.17541152263374485
0 0.3823669517318244 0.2275148605395519 0.05285493827160492 0.16049382716049382
0 0.03205804183813443 0.20798754000914493 0.05246913580246914 0.18209876543209877
0 0.7118489583333333 0.20643670934308794 0.0625 0.17386831275720163
0 0.3171636552640604 0.23214639536655998 0.04899691358024687 0.16255144032921806
0 0.17365022719478737 0.46057289285169944 0.05632716049382714 0.19650205761316872
0 0.030131976594650202 0.4544281550068587 0.056712962962962965 0.22685185185185186
0 0.09687607167352538 0.21672620408474316 0.05709876543209875 0.1754115226337449
0 0.2716504843964334 0.46059242112482857 0.06558641975308643 0.21759259259259264
0 0.11192210005144033 0.4641794314891023 0.05671296296296296 0.20267489711934153
0 0.7905540016289438 0.4441286579789666 0.0644290123456789 0.21450617283950613
0 0.5216311942729767 0.4513141098917848 0.03780864197530865 0.1970164609053498
0 0.0007919667352537723 0.46780073540618805 0.029320987654320983 0.22479423868312762
0 0.8924004951131688 0.20797325102880657 0.056712962962963014 0.16666666666666669
0 0.5039033028978052 0.7270647576588934 0.06520061728395063 0.2299382716049382
0 0.00040509259259259264 0.2311323540618808 0.027777777777777776 0.1784979423868313
0 0.42597120413237316 0.7296482053040695 0.06520061728395056 0.24228395061728392
0 0.6420114776234568 0.20643385154702026 0.05208333333333341 0.17078189300411523
0 0.6397124699931412 0.45439910074683737 0.07484567901234572 0.19547325102880656
0 0.9190149712791497 0.43949378905654624 0.04822530864197524 0.2088477366255144
0 0.8588321973593965 0.46827370065538787 0.05169753086419746 0.1800411522633745
0 0.7866852602023319 0.19718316567596403 0.048996913580246826 0.1800411522633745
0 0.8426263503086419 0.20797277472946196 0.04861111111111111 0.16615226337448558
0 0.9583593214163237 0.214144185337601 0.03742283950617286 0.16460905349794241
0 0.28515142746913585 0.7445516117969821 0.0625 0.22685185185185186
0 0.35344087577160493 0.7445501828989484 0.06597222222222222 0.22530864197530856
0 0.6370089056069959 0.7147028844688309 0.0706018518518519 0.2124485596707819
0 0.7172488533093279 0.71315681679622 0.06057098765432095 0.20936213991769556
0 0.138533361196845 0.7404035208047554 0.04359567901234567 0.191358024691358
0 0.060996709962277094 0.7512178974241731 0.057484567901234566 0.20421810699588486
0 0.2160863554526749 0.7373375819234872 0.053240740740740713 0.21347736625514413
0 0.016617905521262005 0.7481386221612558 0.04089506172839506 0.21193415637860094
0 0.8611338841735253 0.7213744093888127 0.032793209876543175 0.19547325102880656
0 0.8889261295438958 0.7131477671086723 0.05362654320987651 0.19958847736625523
0 0.7917124807098765 0.7147105052583448 0.06597222222222222 0.22067901234567905
0 0.9491118505658436 0.7039004153330285 0.05439814814814825 0.2124485596707819
