0 0.28249716006515774 0.1452108100899253 0.1292438271604939 0.16100823045267487
0 0.5544959383573388 0.13957999923792105 0.14081790123456794 0.190843621399177
0 0.422924704218107 0.13339715744551137 0.12268518518518524 0.18004115226337447
0 0.615046832133059 0.5016851470812377 0.11188271604938278 0.15329218106995884
0 0.35732703189300413 0.509910360463344 0.10648148148148151 0.1476337448559671
0 0.11507282021604937 0.15396566834324038 0.14930555555555555 0.1718106995884774
0 0.4804004308127572 0.5022024081694864 0.10995370370370373 0.1563786008230452
0 0.22461098251028805 0.5078384583142813 0.10648148148148151 0.13220164609053492
0 0.128914823388203 0.41224136945587564 0.08179012345679013 0.22067901234567905
0 0.7041856888717422 0.1488502133821064 0.138503086419753 0.20267489711934156
0 0.002396262002743484 0.40919972184118275 0.11728395061728394 0.26903292181069965
0 0.7346233603395061 0.4800673487273282 0.0798611111111111 0.13940329218106995
0 0.4059571652091906 0.8067182022557536 0.1338734567901234 0.14454732510288062
0 0.052935313786008235 0.7892837410455723 0.11574074074074073 0.20421810699588486
0 0.7129961848422495 0.9177707285474777 0.047839506172839684 0.08127572016460899
0 0.1779312950102881 0.009365474013107758 0.10995370370370369 0.11471193415637859
0 0.2979193458504801 0.0052497713763145866 0.11496913580246916 0.11419753086419752
0 0.434863683127572 0.0006258573388203017 0.09259259259259262 0.12037037037037039
0 0.5571783371913581 0.009370713305898492 0.11458333333333326 0.12037037037037036
0 0.6871838563100137 0.011943206066148453 0.10030864197530866 0.12088477366255146
0 0.002764113940329218 0.05530216430422191 0.0914351851851852 0.2818930041152263
