0 0.5106281787949922 0.06725623804555729 0.09330985915492959 0.3832159624413145
0 0.6114234888497653 0.06725189097548252 0.09771126760563385 0.3785211267605634
0 0.22673641676447573 0.09012671709267954 0.09198943661971835 0.36502347417840375
0 0.32443851476917057 0.11592277430012173 0.0787852112676056 0.33744131455399057
0 0.40236086658841946 0.0602205051295427 0.10387323943661965 0.39025821596244126
0 0.1237465155516432 0.07136747956877064 0.09639084507042256 0.386737089201878
0 0.0018357541079812207 0.06844733524604417 0.10827464788732395 0.40199530516431925
0 0.839858727014867 0.07427892975134759 0.10079225352112675 0.3620892018779343
0 0.5010208822378718 0.5379309033211614 0.2024647887323944 0.4019953051643193
0 0.7082364412167449 0.10066999217527386 0.07174295774647893 0.3433098591549296
0 0.8588129034624412 0.5209083202921231 0.14128521126760568 0.397887323943662
0 0.7109277190923318 0.5349613110763346 0.14436619718309857 0.36384976525821594
0 0.9467796361502349 0.09244750912884715 0.05281690140845067 0.33626760563380287
