0 0.026234839593114238 0.21373239436619718 0.38380281690140844 0.12676056338028174
0 0.4390533303990611 0.22604329681794472 0.33538732394366194 0.11267605633802813
0 0.7879994375978091 0.2272028777603895 0.21214788732394366 0.09741784037558682
0 0.0037922412949921757 0.3434560293861937 0.3904049295774648 0.1578638497652582
0 0.43600413243348984 0.343428316814467 0.3811619718309859 0.1279342723004695
0 0.8249446767410016 0.34456453225525996 0.17385563380281688 0.08744131455399064
0 0.001153841451486698 0.5071732090071293 0.3939260563380281 0.1414319248826291
0 0.42809901946400625 0.4696340853764563 0.40625 0.16255868544600938
0 0.8407796606025039 0.43967733872370024 0.15933098591549297 0.1332159624413146
0 0.8442983421361502 0.5822617805599026 0.1558098591549296 0.11032863849765262
0 0.006871087636932707 0.6562119631368457 0.3873239436619718 0.11737089201877937
0 0.4254590913536776 0.6380194748739351 0.40757042253521114 0.11737089201877937
0 0.0037873508411580595 0.8786135019996522 0.38336267605633806 0.09976525821596265
0 0.4209745451877934 0.9272898191618848 0.28785211267605637 0.06455399061032865
0 0.7822803574921753 0.9208480046948356 0.21610915492957744 0.07922535211267603
0 0.7211301227503912 0.8533265953747176 0.25836267605633795 0.043427230046948276
0 0.41086169796557126 0.8539297513475917 0.3028169014084506 0.061032863849765216
