0 0.6265815222050755 0.37161351165980794 0.055169753086419686 0.23148148148148148
0 0.5528886959876543 0.37006887288523094 0.04861111111111119 0.2299382716049382
0 0.9294471772119342 0.493979576284103 0.0706018518518519 0.16460905349794244
0 0.15051627872085047 0.3577374828532236 0.0767746913580247 0.24537037037037038
0 0.36694235468106995 0.04188004877305289 0.06365740740740738 0.23045267489711938
0 0.22535633144718795 0.35413475461057764 0.06867283950617281 0.24331275720164608
0 0.2967268411351166 0.03982434080170706 0.06442901234567901 0.23251028806584365
0 0.434457518861454 0.34897738530711786 0.06327160493827158 0.22890946502057613
0 0.24771760330932782 0.043386583600060966 0.04668209876543214 0.19084362139917696
0 0.03477500214334705 0.34795524691358026 0.07600308641975309 0.23611111111111105
0 0.3194870434670782 0.343333714372809 0.06134259259259266 0.2448559670781892
0 0.5594451946159121 0.015157274043590914 0.045524691358024685 0.2587448559670782
0 0.4356004586762689 0.010007049230300259 0.042438271604938176 0.25205761316872427
0 0.7110778892318244 0.3587491426611797 0.06327160493827166 0.2268518518518518
0 0.48344023276748965 0.03417257277853985 0.042824074074074125 0.23971193415637856
0 0.7492605452674898 0.012070854290504498 0.04629629629629635 0.2587448559670782
0 0.12119689857681755 0.057814643347050755 0.07908950617283951 0.2175925925925926
0 0.3796666023662552 0.32428316948635877 0.05324074074074064 0.22582304526748972
0 0.8017535258058984 0.4738687890565463 0.0806327160493827 0.11162551440329212
0 0.8449387538580247 0.19002152873037645 0.04513888888888889 0.2232510288065844
0 0.8148472329389573 0.0006120446578265508 0.04668209876543222 0.10545267489711933
0 0.0011892896947873798 0.3561723632068282 0.045910493827160496 0.22170781893004116
0 0.90974767446845 0.001642756439567139 0.03665123456790127 0.10751028806584362
0 0.7909371249142662 0.19826103109282123 0.06057098765432095 0.23302469135802467
0 0.09263519161522632 0.6791990550221003 0.0613425925925926 0.20164609053497937
0 0.9062963498799725 0.19054783950617282 0.0667438271604938 0.2361111111111111
0 0.6925507973251028 0.017722622313671697 0.050925925925926034 0.25154320987654316
0 0.6354531035665295 0.009491693339429964 0.052469135802469126 0.25102880658436216
0 0.8723256387174211 0.0006087105624142661 0.037808641975308574 0.10185185185185185
0 0.9514130015432098 0.0006149024538942234 0.034722222222222224 0.10853909465020577
0 0.5733340835048011 0.7635226146928822 0.0455246913580246 0.1599794238683128
0 0.5305084019204389 0.7491450426764212 0.04320987654320984 0.18775720164609058
0 0.38159186385459537 0.7064767184880353 0.047839506172839524 0.21707818930041164
0 0.18599349494170095 0.7126409846060052 0.05285493827160496 0.2078189300411523
0 0.3399219821673525 0.6900091449474166 0.04320987654320988 0.2098765432098765
0 0.6833073452503429 0.7218864311842706 0.07368827160493834 0.19290123456790137
0 0.43367198216735253 0.6925816377076666 0.04320987654320984 0.21039094650205756
0 0.6238806370027434 0.70491159884164 0.05478395061728405 0.19341563786008234
0 0.004680534122085047 0.6627657750342936 0.07330246913580246 0.23148148148148148
0 0.2415487825788752 0.719334419295839 0.052469135802469126 0.21450617283950624
0 0.3001821844993141 0.674056927297668 0.040123456790123455 0.2037037037037037
0 0.4857558513374486 0.7707309289742418 0.04398148148148143 0.1671810699588477
0 0.7816888503086419 0.725989750038104 0.07638888888888905 0.1800411522633745
0 0.9506515775034294 0.7069372999542753 0.0493827160493827 0.15895061728395057
