0 0.02738868104460094 0.2232573682837767 0.14392605633802819 0.272887323943662
0 0.21092771909233177 0.25259846113719353 0.14436619718309862 0.27112676056338025
0 0.4569508631651017 0.1927311554512259 0.12191901408450702 0.2623239436619718
0 0.36142440580985913 0.3205958746304991 0.09903169014084515 0.187206572769953
0 0.5991304161776213 0.17345787689097547 0.14216549295774633 0.3626760563380282
0 0.7492208895735525 0.1752151799687011 0.14568661971830987 0.3591549295774648
0 0.9005948014475742 0.17521952703877586 0.09595070422535217 0.3638497652582159
0 0.006743018877151799 0.6379939358372457 0.20290492957746475 0.08978873239436612
0 0.27878154342723 0.7061293688054252 0.2482394366197183 0.15492957746478875
0 0.5290978946596244 0.671595700747696 0.06998239436619724 0.25293427230046955
0 0.6251042277973395 0.6352373500260824 0.15008802816901404 0.28169014084507044
0 0.8103879352503911 0.62761802295253 0.12764084507042256 0.29225352112676056
0 0.18843132580203445 0.007690510346026778 0.07350352112676058 0.06631455399061033
0 0.26764781396713616 0.005932663884541819 0.06073943661971831 0.06924882629107983
0 0.33192182609546167 0.0018344635715527736 0.08010563380281689 0.07981220657276995
0 0.4310060886150235 0.010632933402886454 0.1558098591549296 0.07511737089201878
0 0.600453895246479 0.0006656451051990958 0.14656690140845066 0.08509389671361502
0 0.7571223347026604 0.004760041731872718 0.11531690140845068 0.07042253521126761
0 0.8926747114632239 0.00769594418362024 0.09947183098591555 0.0721830985915493
0 0.011586707746478872 0.7454084072335246 0.20598591549295772 0.11150234741784046
