0 0.4363817086762689 0.7342397309861302 0.05632716049382714 0.2011316872427983
0 0.47614776234567896 0.02227128105471727 0.09722222222222231 0.16409465020576133
0 0.7724338777434843 0.03204875400091449 0.08256172839506175 0.1682098765432099
0 0.8630969221536352 0.015109644109129705 0.08179012345679 0.20730452674897118
0 0.8391648448216734 0.4117017222984301 0.06404320987654318 0.19341563786008234
0 0.2593243634259259 0.042316338972717575 0.09375 0.14609053497942387
0 0.379304644633059 0.04128705608901082 0.08757716049382722 0.14557613168724282
0 0.41631515775034295 0.3778034979423868 0.0493827160493827 0.24999999999999994
0 0.4676225994513032 0.3829532464563329 0.04320987654320992 0.25617283950617287
0 0.6817483281893004 0.3582642699283645 0.05092592592592595 0.2587448559670783
0 0.518545310356653 0.38807536960829137 0.038580246913580314 0.23251028806584365
0 0.13468498156721534 0.2950655387898186 0.057484567901234566 0.33744855967078197
0 0.5644627700617283 0.451276958542905 0.04861111111111119 0.15689300411522641
0 0.19872444058641972 0.3335948216735254 0.05208333333333337 0.2824074074074074
0 0.32603282536008227 0.34953465554031393 0.042824074074074084 0.27520576131687247
0 0.25736507630315497 0.34952322435604327 0.05015432098765433 0.2628600823045268
0 0.7901513203017833 0.36750733500990707 0.04012345679012349 0.24125514403292175
0 0.07873906893004115 0.2971164837677184 0.050925925925925916 0.33024691358024694
0 0.3811966842421125 0.36906388126809936 0.03433641975308635 0.2556584362139918
0 0.2847420481824417 0.7140917924096936 0.028549382716049405 0.10802469135802466
0 0.6775296853566529 0.014574759945130316 0.08719135802469134 0.1851851851851852
0 0.5559673461076817 0.7243631877762536 0.03742283950617286 0.0900205761316872
0 0.6292684756515776 0.4636312109434537 0.03549382716049373 0.1661522633744856
0 0.7380752207647463 0.35209095412284713 0.05054012345679 0.25823045267489714
0 0.9259548611111111 0.43951379362901993 0.041666666666666664 0.23045267489711926
0 0.6447056648662551 0.7130486968449931 0.04282407407407405 0.0925925925925927
0 0.850722843792867 0.5083485749123609 0.04089506172839508 0.1275720164609055
0 0.2770375192901235 0.7044381572930956 0.04513888888888889 0.2376543209876543
0 0.49655751671810694 0.7203484606005183 0.04282407407407405 0.19855967078189302
0 0.22997176140260628 0.6854166666666667 0.048225308641975315 0.25
0 0.548253172153635 0.7136950350556317 0.04012345679012357 0.2350823045267489
0 0.6034213177297668 0.7136902720621856 0.03780864197530865 0.2299382716049383
0 0.32603041409465017 0.7280883249504648 0.03935185185185187 0.22427983539094645
0 0.18367198216735253 0.7090673106233806 0.04320987654320988 0.23713991769547324
0 0.37734026706104257 0.7363002019509222 0.03665123456790119 0.20421810699588477
0 0.08994689857681755 0.7876790885535742 0.07908950617283952 0.13786008230452676
0 0.6940878450788752 0.7347612787684805 0.04205246913580246 0.2088477366255144
0 0.6474022633744857 0.7357848460600518 0.037037037037036986 0.20318930041152264
0 0.8746479552469136 0.7732958009449779 0.04861111111111095 0.15946502057613163
0 0.9294249399862825 0.7635235672915714 0.038580246913580314 0.16100823045267493
0 0.7473312650034294 0.747597069806432 0.045910493827160476 0.1826131687242798
