0 0.021665627445226918 0.29350656407581294 0.14216549295774647 0.08568075117370887
0 0.16694358861502348 0.26184848287254386 0.1875 0.12030516431924883
0 0.0700991539514867 0.11276843157711704 0.16813380281690138 0.09976525821596245
0 0.5700215179968701 0.13000130412102245 0.05633802816901413 0.33098591549295775
0 0.6351672535211268 0.13293394627021388 0.06338028169014089 0.329225352112676
0 0.702051239730047 0.16164525734654844 0.038292253521126675 0.2811032863849765
0 0.74386217478482 0.15694335767692574 0.034771126760563376 0.2734741784037559
0 0.8283802205594679 0.20973091636237176 0.0506161971830985 0.24178403755868544
0 0.8948369033646324 0.2079763302034429 0.044014084507042146 0.24823943661971828
0 0.0370363238458529 0.5103514606155451 0.09286971830985917 0.40492957746478875
0 0.1299103213028169 0.5091859024517476 0.09903169014084506 0.41373239436619713
0 0.23465314456181532 0.501566575378195 0.08362676056338031 0.4242957746478874
0 0.32047755281690143 0.546694596591897 0.079225352112676 0.35974178403755863
0 0.4243498752934272 0.5584333159450531 0.0779049295774648 0.3615023474178404
0 0.5145708015453835 0.5361534950443402 0.06646126760563378 0.3838028169014084
0 0.5911601990414711 0.5378939532255259 0.07350352112676045 0.36208920187793425
0 0.6769821620696401 0.541962267431751 0.06558098591549298 0.3192488262910798
0 0.7526940287558687 0.6082349808728917 0.07658450704225335 0.2740610328638497
0 0.8521502714201877 0.5525310815510346 0.05413732394366204 0.32511737089201886
0 0.9208101036776215 0.5513628064684403 0.051056338028168904 0.33098591549295775
0 0.00222485084115806 0.572482503042949 0.03477112676056338 0.3233568075117371
0 0.9577739876760561 0.15580170839853938 0.03961267605633812 0.30809859154929575
