0 0.022045931927297667 0.1760297591830514 0.0794753086419753 0.11213991769547328
0 0.0027480388374485597 0.6981881572930956 0.06828703703703703 0.15432098765432106
0 0.06641643089849109 0.6967206790123457 0.08410493827160494 0.236111111111111
0 0.27635593492798355 0.6936509297363207 0.17476851851851855 0.2541152263374486
0 0.46385191615226345 0.7012926764212774 0.1689814814814815 0.17386831275720158
0 0.7153779792524005 0.705444577808261 0.14429012345679015 0.21347736625514402
0 0.8708389596193417 0.7054279073311996 0.11921296296296302 0.19547325102880644
0 0.8858764146090536 0.5844688309708885 0.10648148148148143 0.11522633744855969
0 0.7223143861454047 0.43942615454961137 0.13271604938271603 0.13580246913580243
0 0.6906981417181071 0.574147900472489 0.1608796296296296 0.07973251028806581
0 0.4761496377743484 0.5797972869989331 0.09992283950617285 0.0699588477366255
0 0.36927538794581616 0.43790009144947417 0.08989197530864199 0.154320987654321
0 0.26511086462620026 0.16987216125590612 0.09297839506172842 0.12860082304526743
0 0.5032008209019204 0.185297115531169 0.1647376543209876 0.12088477366255143
0 0.8129474236968448 0.005257392165828379 0.0887345679012346 0.12242798353909466
0 0.9117125878772291 0.06692624980948027 0.08834876543209873 0.0581275720164609
0 0.8982188786008231 0.19245779987806738 0.1018518518518519 0.0766460905349794
0 0.5217080868484225 0.0021485863435451915 0.1485339506172839 0.09825102880658435
0 0.6767883551954732 0.00933641975308642 0.13078703703703715 0.08333333333333333
0 0.5244207604595336 0.4862077998780674 0.16589506172839508 0.10442386831275725
