0 0.001574020490397805 0.11708342859320224 0.04436728395061729 0.33899176954732513
0 0.0756700638717421 0.12633697226032617 0.07600308641975309 0.33281893004115226
0 0.1721198774005487 0.11400415333028502 0.07484567901234568 0.34670781893004116
0 0.24811492626886147 0.1155387898186252 0.06327160493827162 0.33744855967078186
0 0.32527622385116595 0.11245094116750497 0.06442901234567901 0.33590534979423864
0 0.4317595807613169 0.11399557994208198 0.06712962962962968 0.3374485596707819
0 0.5023587534293552 0.10833809632677945 0.06327160493827166 0.338477366255144
0 0.5814453125 0.1098789247065996 0.059027777777777776 0.3359053497942387
0 0.6450901277434843 0.13247313671696387 0.040895061728395 0.2932098765432099
0 0.7268810549554184 0.15044962658131383 0.04205246913580238 0.26337448559670784
0 0.7801250107167351 0.1535346174363664 0.04668209876543222 0.2618312757201647
0 0.836841724537037 0.13813347812833413 0.052083333333333336 0.2952674897119341
0 0.9016487697187928 0.1324859967992684 0.04089506172839508 0.3070987654320988
0 0.9437114197530865 0.12786351165980794 0.05555555555555555 0.3148148148148148
0 0.014391235853909463 0.6071768785246151 0.1678240740740741 0.19547325102880656
0 0.04252829218106996 0.5483815348270081 0.12962962962962962 0.029835390946502012
0 0.20265908993484227 0.5300430574607529 0.1624228395061728 0.22427983539094656
0 0.38669999571330593 0.558860596707819 0.18132716049382713 0.236111111111111
0 0.6123716670953361 0.5511350213382106 0.14853395061728406 0.22582304526748972
0 0.7767245906207132 0.5572921429660114 0.15007716049382713 0.20884773662551429
0 0.1378324867112483 0.8735715782655084 0.1454475308641975 0.12397119341563778
0 0.27863404492455424 0.8704903978052126 0.12191358024691354 0.12962962962962962
0 0.41366919581618655 0.8596283912513336 0.12808641975308643 0.06532921810699588
0 0.4136638374485596 0.929591049382716 0.12037037037037039 0.06944444444444454
0 0.5440556948731139 0.8674044543514708 0.1068672839506173 0.13014403292181068
0 0.6609637560013718 0.864323273891175 0.1211419753086419 0.13580246913580254
0 0.8117859975137175 0.8416423754000916 0.08294753086419746 0.08487654320987661
0 0.900530746313443 0.8339977709190672 0.0976080246913581 0.16203703703703715
