0 0.6690678794992175 0.02376597548252478 0.0774647887323944 0.3151408450704225
0 0.09115041813380283 0.4374712006607547 0.059419014084507026 0.28579812206572763
0 0.4802297290688576 0.44630390366892714 0.051936619718309866 0.318075117370892
0 0.5444893754890453 0.4316483002956007 0.050616197183098656 0.33509389671361506
0 0.7760132409037558 0.05661026343244653 0.06470070422535217 0.2940140845070422
0 0.3525882726917058 0.43162384802643017 0.05105633802816898 0.30868544600938974
0 0.28436827562597805 0.4345717049208833 0.053697183098591554 0.32335680751173707
0 0.16289001369327075 0.43279701356285866 0.05457746478873238 0.30809859154929575
0 0.8653661116001564 0.026126977916884023 0.07086267605633813 0.32981220657277
0 0.8451239118740219 0.4703432011824031 0.07702464788732408 0.29460093896713613
0 0.5361288390062598 0.037278299426186746 0.053697183098591554 0.33098591549295775
0 0.6716925249413145 0.45567564336637106 0.05413732394366204 0.29870892018779344
0 0.6100721953247261 0.446311511041558 0.05325704225352115 0.3262910798122066
0 0.4723120843114241 0.036690358198574156 0.058978873239436624 0.32981220657277
0 0.41245690287558695 0.4310489480090419 0.06470070422535201 0.32159624413145543
0 0.22494437108763693 0.44569422709094075 0.04665492957746476 0.29342723004694843
0 0.6078669062989045 0.04372717788210746 0.04665492957746472 0.32394366197183094
0 0.20822207550860716 0.028463528082072684 0.051056338028169064 0.318075117370892
0 0.14572238116197184 0.020841484089723528 0.051496478873239444 0.32570422535211263
0 0.9379810983959312 0.46450128238567207 0.058978873239436624 0.32335680751173707
0 0.27556209653755864 0.03314966962267433 0.048855633802816927 0.30868544600938963
0 0.084981721928795 0.03664254042775169 0.04973591549295774 0.27816901408450706
0 0.3433483714788732 0.044281429316640586 0.055457746478873284 0.2887323943661972
0 0.41464415835289514 0.029639953921057206 0.04533450704225359 0.3210093896713615
0 0.7782105829420971 0.4967081811858808 0.05985915492957743 0.2476525821596243
0 0.9445777093114242 0.029653538515040868 0.051056338028169064 0.33568075117370894
0 0.11359057120500782 0.8305484915666841 0.049295774647887314 0.1613849765258215
0 0.4040859741784038 0.8469749826117197 0.05281690140845067 0.15551643192488251
0 0.16948509634194056 0.8399365327769084 0.044454225352112645 0.1596244131455399
0 0.2306668133802817 0.833486567553469 0.04753521126760564 0.16549295774647893
0 0.5920221415297339 0.8563559598330723 0.04709507042253528 0.14612676056338028
0 0.4599823332355243 0.8487393496783168 0.05061619718309858 0.15962441314554002
0 0.2944847906885759 0.838766627543036 0.044014084507042264 0.1637323943661971
0 0.35434363996478874 0.8469700921578857 0.043573943661971905 0.15023474178403745
0 0.6628796214788732 0.8622174404451399 0.039612676056338045 0.13849765258215985
0 0.5330408230633803 0.8569390106068511 0.043573943661971745 0.14201877934272297
0 0.7671988091744913 0.8891801425838984 0.04797535211267608 0.10328638497652576
0 0.8415795554577465 0.8821433229003651 0.043573943661971905 0.10915492957746477
0 0.9612984766236308 0.8709941749260998 0.04445422535211271 0.11032863849765262
0 0.9172834751564948 0.8627950573813249 0.043133802816901344 0.12852112676056343
