0 0.03246018732853224 0.1083242836457857 0.07600308641975309 0.323559670781893
0 0.10036383316186558 0.10523357719859776 0.07947530864197527 0.31893004115226337
0 0.17097425840192046 0.10523643499466544 0.09182098765432098 0.32201646090534986
0 0.2901628407921811 0.12783969669257733 0.05671296296296298 0.2890946502057613
0 0.3468669624485597 0.14273214830056394 0.04398148148148143 0.2618312757201647
0 0.39433754501028806 0.1489049878067368 0.06828703703703706 0.26183127572016457
0 0.465681798696845 0.13554145709495505 0.026234567901234605 0.2736625514403292
0 0.4930917245370371 0.11859282121627801 0.05208333333333325 0.30246913580246915
0 0.5644550004286694 0.11859186861758877 0.03742283950617286 0.301440329218107
0 0.6042014960562414 0.11397319387288522 0.05015432098765436 0.31327160493827166
0 0.6574336634087792 0.11140355890870295 0.03780864197530865 0.315843621399177
0 0.6960318608539094 0.11859043971955495 0.06365740740740745 0.2998971193415638
0 0.7731805662722907 0.13812347584209728 0.04668209876543206 0.2844650205761317
0 0.8256440757887518 0.13246361073007162 0.03858024691358016 0.2829218106995885
0 0.8688531485768176 0.1442839315653102 0.03742283950617286 0.2710905349794239
0 0.014404631772976679 0.5393161294010059 0.1871141975308642 0.23919753086419768
0 0.23661051097393687 0.530052583447645 0.16358024691358025 0.23456790123456794
0 0.41485580632716046 0.5572892851699437 0.17013888888888898 0.20576131687242794
0 0.6567381472908094 0.5331347165066301 0.1473765432098766 0.2299382716049383
0 0.8449939450445817 0.5135983462886755 0.12461419753086413 0.24176954732510286
0 0.0425218621399177 0.8354595336076817 0.12037037037037038 0.07407407407407407
0 0.05525307570301784 0.9095478966620941 0.11998456790123456 0.08950617283950624
0 0.0038936578360768176 0.8432470278920896 0.05131172839506173 0.1512345679012346
0 0.17099006558641977 0.8596941205608901 0.11458333333333331 0.1363168724279836
0 0.28557956104252397 0.8884778425544886 0.12345679012345682 0.11162551440329217
0 0.5942201967592593 0.8447940481633898 0.12152777777777769 0.15534979423868306
0 0.8561610510973937 0.8205656531016614 0.09413580246913587 0.09979423868312752
0 0.4749780306927298 0.9763584057308337 0.07947530864197531 0.022633744855967194
