0 0.05069383313771518 0.19913982350895496 0.11179577464788733 0.21185446009389672
0 0.06214910993740219 0.14324084941749263 0.1285211267605634 0.05223004694835678
0 0.0035547486306729266 0.14343483741957921 0.04841549295774648 0.26173708920187794
0 0.2337765307120501 0.19911917492609982 0.08890845070422533 0.18955399061032865
0 0.408504804870892 0.2214114936532777 0.0779049295774648 0.1807511737089202
0 0.48774085485133023 0.21849678316814466 0.09330985915492959 0.20187793427230047
0 0.5947213663928014 0.30112154407929054 0.13116197183098588 0.07042253521126761
0 0.7245525234741785 0.24828671100678146 0.11619718309859148 0.05105633802816895
0 0.7267587294600939 0.30112752130064335 0.1241197183098592 0.0768779342723005
0 0.8543971293035993 0.3058250739001913 0.12059859154929582 0.07981220657276995
0 0.0005110524256651017 0.514852851677969 0.10211267605633802 0.19600938967136153
0 0.10968340424491393 0.5101650799860894 0.12720070422535212 0.20363849765258216
0 0.2540208700117371 0.4995973526343245 0.08582746478873236 0.198943661971831
0 0.339881956670579 0.47733274647887325 0.13424295774647887 0.2376760563380282
0 0.6321064407276995 0.44732383498522 0.09242957746478879 0.15199530516431914
0 0.7258585803012519 0.44732220483394197 0.09551056338028177 0.1502347417840375
0 0.8248734595070423 0.49658646322378724 0.07130281690140837 0.11619718309859142
0 0.9018993300078247 0.5030358850634672 0.07306338028169014 0.10974178403755865
0 0.6092466255868544 0.12038612849939141 0.13204225352112675 0.08744131455399061
0 0.7505309198943663 0.1233133368109894 0.13072183098591555 0.07981220657276993
0 0.3499517067683881 0.29527799513128156 0.05721830985915493 0.09741784037558684
0 0.8869559370109545 0.15087267431751 0.10387323943661973 0.05516431924882628
0 0.06076450019561815 0.7841532994261868 0.03609154929577464 0.125
0 0.09467888057511738 0.8082393279429664 0.06998239436619717 0.15199530516431917
0 0.173907900528169 0.8551583420274734 0.07526408450704225 0.12030516431924894
0 0.27865469728090764 0.7754113415058249 0.06558098591549301 0.1907276995305166
0 0.3477565043035994 0.7930175186924014 0.06514084507042253 0.19131455399061015
0 0.44680806191314554 0.8487311989219265 0.09375 0.15082159624413155
0 0.5471146322378717 0.8487317423056859 0.028169014084506946 0.15140845070422543
0 0.6998957722026604 0.7735437315249521 0.10343309859154917 0.07511737089201873
0 0.6950560568270735 0.7377064858285515 0.1060739436619719 0.0328638497652583
0 0.6928538243348984 0.7071835332985567 0.10387323943661958 0.025821596244131544
0 0.6862562964593114 0.679016692749087 0.110475352112676 0.028169014084507026
0 0.8024919918818466 0.6831572769953052 0.16593309859154934 0.06338028169014091
0 0.8148144072769954 0.7512486958789776 0.16373239436619716 0.08098591549295775
0 0.5911987113654148 0.925533602851678 0.1289612676056337 0.06924882629107983
0 0.7369140625 0.9073286167623023 0.1703345070422535 0.05575117370892018
0 0.7483406078834116 0.9630624021909233 0.14568661971830987 0.0369718309859155
0 0.49078057756259785 0.46848102503912364 0.0338908450704225 0.18485915492957747
0 0.4864347980242566 0.0018078377673448097 0.11399647887323947 0.051056338028169015
0 0.36583376124804384 0.0006460832898626326 0.110475352112676 0.06396713615023474
0 0.2518326975743349 0.0006449965223439402 0.10387323943661973 0.06279342723004695
0 0.14091873288341158 0.004746457137889063 0.1060739436619718 0.055751173708920194
0 0.03396145099765258 0.0006493435924187098 0.10167253521126762 0.06748826291079812
0 0.6290049760367762 0.7113887802121371 0.06294014084507048 0.1308685446009389
