0 0.7037720228909465 0.381351928059747 0.09837962962962961 0.19341563786008228
0 0.8083194015775034 0.38958762002743486 0.09104938271604937 0.19907407407407407
0 0.7870938357338821 0.874593716659046 0.08179012345679 0.11676954732510296
0 0.8079357424554183 0.651888526901387 0.09413580246913587 0.15072016460905344
0 0.5725806970164609 0.6570158893461362 0.07175925925925929 0.13271604938271608
0 0.558308952760631 0.42655940405426 0.07600308641975317 0.12860082304526751
0 0.41323650763031544 0.43374961896052433 0.06057098765432095 0.11625514403292185
0 0.481908275462963 0.44095221764974846 0.059027777777777776 0.11728395061728403
0 0.7411889681927296 0.07681517680231671 0.0898919753086419 0.18261316872427985
0 0.13662792566872428 0.303244074836153 0.07754629629629634 0.2813786008230452
0 0.321809627914952 0.35139031778692276 0.07253086419753084 0.05709876543209873
0 0.08374458804869685 0.3971969783569578 0.03665123456790122 0.0838477366255144
0 0.30018941829561047 0.6554336229233348 0.05054012345679008 0.09053497942386836
0 0.4645613640260632 0.0747718526139308 0.07947530864197531 0.19804526748971196
0 0.3283621077674897 0.4223813062033227 0.06365740740740743 0.060699588477366194
0 0.6208046660665295 0.09531511964639537 0.06983024691358032 0.1625514403292181
0 0.06412090620713307 0.03978861835086115 0.11188271604938271 0.19393004115226337
0 0.05557859653635117 0.5900815424477975 0.03317901234567902 0.06584362139917703
0 0.5598382308813443 0.3812566681908246 0.05594135802469135 0.0905349794238683
0 0.853851862568587 0.08812299954275263 0.10223765432098762 0.17283950617283952
0 0.5833695023148149 0.8704489597622315 0.052083333333333336 0.08487654320987661
0 0.5158524627057613 0.8771466811461669 0.04976851851851849 0.09619341563786
0 0.36694824888545957 0.6590539742417315 0.07214506172839508 0.11162551440329217
0 0.6625056262860082 0.6580675582990397 0.11921296296296285 0.1574074074074074
0 0.48808406207133054 0.6570111263526902 0.06327160493827166 0.1275720164609053
0 0.27476744684499316 0.8673939757658894 0.10956790123456786 0.1188271604938272
0 0.41209008487654325 0.859128276939491 0.0763888888888889 0.08076131687242794
0 0.16595507544581617 0.6067229652491998 0.0864197530864198 0.26080246913580246
0 0.10651256001371742 0.7335938690748361 0.04475308641975308 0.05915637860082317
0 0.06946614583333334 0.786074436061576 0.03125 0.07150205761316868
0 0.06676981524348423 0.7361577884468832 0.03742283950617284 0.05041152263374487
0 0.7253426676097392 0.8843559480262155 0.048996913580246985 0.10442386831275725
0 0.6574462555727024 0.8689452827312909 0.05594135802469127 0.1275720164609054
0 0.11191567001028806 0.7994598765432099 0.04745370370370371 0.08333333333333333
0 0.9244204925411522 0.42256182365493067 0.0543981481481481 0.2556584362139918
0 0.3094701110253772 0.06708247599451303 0.08140432098765428 0.22685185185185186
