0 0.25743634259259257 0.5540942691662857 0.1527777777777778 0.08847736625514402
0 0.36655682013031554 0.3144199626581314 0.06404320987654318 0.12911522633744857
0 0.754370016718107 0.7737573350099071 0.18171296296296302 0.10236625514403291
0 0.8434164416152264 0.14211057765584514 0.07523148148148143 0.14609053497942392
0 0.6038266782407408 0.32366683813443076 0.06597222222222222 0.11574074074074074
0 0.7076112932956105 0.5145066491388508 0.0713734567901235 0.11162551440329217
0 0.4499482917524006 0.7814381382411216 0.1477623456790123 0.06430041152263376
0 0.6103866598079561 0.5443310852004268 0.06790123456790119 0.09979423868312752
0 0.4576643411351166 0.7053035932022559 0.1477623456790123 0.0612139917695473
0 0.4190082733196159 0.1194501600365798 0.038580246913580314 0.11728395061728397
0 0.36653940543552815 0.1173887364730986 0.038966049382716035 0.1131687242798354
0 0.6435458461934156 0.13486606462429507 0.039351851851851825 0.09979423868312756
0 0.32140051654663926 0.11791361835086114 0.03896604938271607 0.12448559670781895
0 0.6940918638545953 0.33651406035665293 0.04783950617283945 0.10185185185185185
0 0.695628375771605 0.1363978433165676 0.038194444444444524 0.08744855967078188
0 0.2978735318072702 0.3216120827617741 0.048996913580246944 0.11882716049382715
0 0.5227979788237311 0.34422391784788897 0.051311728395061665 0.095164609053498
0 0.4383096493484225 0.3380510783417162 0.054783950617283965 0.09516460905349794
0 0.46453028549382713 0.1446278196921201 0.034722222222222224 0.08693415637860082
0 0.27240521047668037 0.12150348651120256 0.04128086419753083 0.11265432098765431
0 0.2577412337105624 0.3221088629782045 0.036265432098765434 0.09979423868312762
0 0.839203425068587 0.35309642203932323 0.1195987654320989 0.23302469135802475
0 0.9294450338648834 0.14263260173754003 0.0675154320987654 0.15432098765432103
0 0.7508024155521261 0.3452336724584667 0.0443672839506173 0.07458847736625514
0 0.8326257608882031 0.6389508078036884 0.09220679012345667 0.06687242798353905
0 0.29715952932098766 0.7125709686023471 0.13194444444444448 0.13220164609053503
