0 0.2133961869855967 0.07331675811614083 0.06828703703703702 0.29320987654320985
0 0.571817397548011 0.10120884773662552 0.08371913580246913 0.4166666666666667
0 0.7797812714334706 0.10686061575979272 0.10725308641975302 0.40946502057613166
0 0.4372044860253772 0.10018528044505412 0.13001543209876548 0.42232510288065844
0 0.28636777692043897 0.061629801097393695 0.14737654320987656 0.44907407407407407
0 0.05023389274691358 0.0429745846669715 0.11458333333333333 0.301440329218107
0 0.00046698173868312757 0.469410627190977 0.11689814814814815 0.29681069958847733
0 0.1173453039266118 0.47400215287303765 0.08834876543209876 0.2556584362139917
0 0.6582406335733881 0.11096536351165981 0.08873456790123452 0.39814814814814814
0 0.8881539887688614 0.10993893842402072 0.05285493827160492 0.4007201646090535
0 0.9410132137345679 0.11045572321292485 0.059027777777777776 0.40329218106995884
0 0.7030076517489712 0.7152844459686023 0.10879629629629635 0.2849794238683128
0 0.5683751821844993 0.7091173220545648 0.12692901234567905 0.29115226337448563
0 0.4225541730967079 0.7127148110044201 0.14467592592592596 0.2875514403292181
0 0.2736352237654321 0.7188819349184576 0.14583333333333334 0.28137860082304517
0 0.059480559842249654 0.9218797629934461 0.0964506172839506 0.07458847736625514
0 0.822997845936214 0.7106562452370065 0.1168981481481481 0.2865226337448561
