0 0.7985087172339593 0.3205513171622327 0.13424295774647893 0.1390845070422535
0 0.06694664514866978 0.6756194574856547 0.06514084507042253 0.1619718309859155
0 0.207350352112676 0.7184614632237872 0.06338028169014089 0.1637323943661971
0 0.4974028633607198 0.5593809772213528 0.06294014084507048 0.11737089201877927
0 0.4159758900625979 0.49368316379760036 0.061619718309859114 0.1496478873239436
0 0.033938221341940536 0.3481432576943141 0.06822183098591549 0.14964788732394366
0 0.14484912949921752 0.686192618675013 0.06161971830985918 0.17253521126760568
0 0.696786054870892 0.636259998261172 0.062059859154929675 0.11854460093896722
0 0.6541376295970267 0.24721081116327598 0.1272007042253521 0.1566901408450704
0 0.3310311521909233 0.48192705616414533 0.06514084507042261 0.1291079812206573
0 0.11139261785993743 0.3856850982437837 0.05325704225352111 0.13145539906103285
0 0.6342747456964006 0.6016361284993914 0.045774647887323994 0.11913145539906099
0 0.5660623899647887 0.5898925186924013 0.059419014084507026 0.11208920187793422
0 0.7676432291666667 0.6503358111632759 0.05413732394366204 0.10915492957746488
0 0.1822662974374022 0.4244011910972005 0.06910211267605632 0.11384976525821594
0 0.8411666177621283 0.6902506085898105 0.08274647887323947 0.11854460093896711
0 0.9353310837245696 0.7049306642323074 0.04577464788732407 0.12793427230046936
0 0.41950007335680756 0.8029782863849766 0.06602112676056338 0.17429577464788729
0 0.662014622456964 0.8903581985741611 0.061619718309859114 0.10798122065727682
0 0.27953681289123633 0.7454627456094592 0.06822183098591551 0.1701877934272301
0 0.5000446253912363 0.8358144235785081 0.06426056338028177 0.14436619718309865
0 0.5792690605438184 0.8534108198574162 0.06294014084507048 0.13438967136150223
0 0.7315590155516432 0.9085305816379761 0.06470070422535201 0.08626760563380279
0 0.09337863116197183 0.1356872717788211 0.09903169014084509 0.13380281690140838
0 0.224547021713615 0.11812782559554859 0.10827464788732391 0.18368544600938969
0 0.3610026041666667 0.1216668840201704 0.1254401408450704 0.20305164319248825
0 0.5189988018388105 0.19734991740566857 0.10475352112676062 0.1801643192488263
