0 0.39882934761345856 0.16053077725612935 0.08890845070422533 0.34507042253521136
0 0.11847857981220658 0.6411618631542341 0.11619718309859153 0.3421361502347417
0 0.29276365659233183 0.14939141018953223 0.10079225352112675 0.3568075117370893
0 0.32401793573943666 0.6476096548426361 0.10695422535211263 0.3339201877934272
0 0.5044625391236307 0.15937119631368457 0.08802816901408445 0.3603286384976527
0 0.4230487089201878 0.6388133585463398 0.10563380281690142 0.34096244131455405
0 0.8033212294600939 0.17988828029907844 0.09242957746478879 0.33568075117370894
0 0.8033172559663536 0.6458425708572422 0.08670774647887325 0.32687793427230044
0 0.2337765307120501 0.6552344157537819 0.08890845070422533 0.32922535211267595
0 0.7130905223004693 0.6218163145539907 0.08978873239436622 0.3644366197183098
0 0.19636241930751172 0.12360187358720222 0.08582746478873243 0.3914319248826291
0 0.12284697769953051 0.1195004129716571 0.06866197183098594 0.3984741784037558
0 0.7210029709507043 0.1898631759693966 0.07526408450704215 0.3339201877934272
0 0.020314639573552427 0.12534830898974092 0.09815140845070422 0.37617370892018775
0 0.003135086561032864 0.6353145105199096 0.0779049295774648 0.3650234741784038
0 0.9014674418035995 0.17756205442531733 0.08494718309859148 0.35856807511737093
0 0.5290978946596244 0.6411645800730308 0.06998239436619724 0.34507042253521125
0 0.6092172828638497 0.7766154799165363 0.0897887323943663 0.22359154929577457
