0 0.20954673568244167 0.06401891860996799 0.08063271604938274 0.25154320987654316
0 0.29557211291152263 0.062480948026215524 0.06828703703703706 0.257201646090535
0 0.36500048225308646 0.10205332647462277 0.04513888888888889 0.2175925925925926
0 0.41015303497942385 0.06710914875781132 0.06481481481481484 0.25565843621399176
0 0.5193295074588478 0.1036008230452675 0.05671296296296294 0.2222222222222222
0 0.5802895126028806 0.10669152949245542 0.06134259259259262 0.22685185185185186
0 0.7392417373971193 0.11851613702179546 0.06365740740740745 0.21965020576131689
0 0.8210310570987654 0.1308532426459381 0.0625 0.21039094650205767
0 0.21724617412551442 0.4301992836457857 0.05671296296296298 0.17078189300411523
0 0.32411881644375856 0.4255810852004268 0.06442901234567901 0.18312757201646085
0 0.3943303112139917 0.42712429507697003 0.0578703703703704 0.1831275720164609
0 0.45683352623456785 0.428668933851547 0.06250000000000008 0.18467078189300407
0 0.5204898619684498 0.4271257239750038 0.060956790123456825 0.18467078189300407
0 0.593023941186557 0.4589329942082 0.06558641975308635 0.09207818930041148
0 0.6632418659979424 0.46510440481633897 0.06828703703703715 0.0905349794238683
0 0.7338370198902606 0.4512117055326932 0.0586419753086419 0.08641975308641973
0 0.19256258573388202 0.6040733119951227 0.06790123456790123 0.17695473251028804
0 0.2650856802983539 0.6040775986892243 0.05671296296296298 0.18158436213991766
0 0.3241174768518519 0.6102475803993294 0.06249999999999996 0.17849794238683123
0 0.3897014853395062 0.6133354290504496 0.059027777777777776 0.1800411522633745
0 0.45220389660493826 0.6148786389269928 0.0625 0.1800411522633744
0 0.517018711419753 0.619503981862521 0.0625 0.17541152263374477
0 0.5895503793724279 0.5542323959762232 0.06365740740740745 0.2376543209876543
0 0.6586098251028806 0.5604066643804299 0.06481481481481492 0.23919753086419757
0 0.7303626543209878 0.5485849146471575 0.05555555555555555 0.24948559670781884
0 0.7905502507716051 0.5454999237921049 0.059027777777777776 0.2510288065843621
0 0.8812256194272977 0.4713501181222375 0.07600308641975302 0.16923868312757195
0 0.8754353673696844 0.6405873723517755 0.07137345679012365 0.16769547325102888
0 0.7971506880144034 0.8869351089772901 0.11921296296296285 0.11213991769547323
