0 0.29018105924211246 0.001652282426459381 0.08294753086419758 0.11779835390946501
0 0.4727197466563786 0.000705875628715135 0.1608796296296296 0.20679012345679013
0 0.13121463477366255 0.3556846326779455 0.06018518518518518 0.25051440329218105
0 0.18214886616941017 0.365453055936595 0.07214506172839504 0.24485596707818935
0 0.33722940243484223 0.304240016765737 0.054783950617283965 0.24588477366255143
0 0.06409170310356653 0.35002572016460903 0.06983024691358025 0.24999999999999994
0 0.2508206340020576 0.35515689300411524 0.07060185185185183 0.236111111111111
0 0.09766535922496572 0.0006977785398567292 0.08256172839506172 0.19804526748971196
0 0.4514202353395062 0.3427912094192958 0.04513888888888889 0.21450617283950624
0 0.4954078789437585 0.3515465439719555 0.05401234567901238 0.22582304526748972
0 0.18062199931412895 0.0006977785398567292 0.09567901234567901 0.19804526748971196
0 0.39664083933470506 0.31143356576741354 0.05169753086419754 0.23713991769547327
0 0.012792834790809327 0.0006939681450998324 0.08834876543209878 0.1939300411522634
0 0.026654396004801097 0.3469259640298735 0.0489969135802469 0.23559670781892994
0 0.548638974622771 0.3592602118579485 0.04012345679012341 0.2232510288065843
0 0.586071459190672 0.3916333257125438 0.05401234567901238 0.18621399176954737
0 0.6389309520747598 0.42660512879134277 0.060570987654321035 0.17798353909465017
0 0.37004886831275724 0.0007049230300259107 0.09259259259259255 0.205761316872428
0 0.2446558320473251 0.7358210448102424 0.08217592592592592 0.24228395061728392
0 0.733082561728395 0.0007144490169181528 0.08333333333333318 0.2160493827160494
0 0.8407128772290808 0.008414780521262004 0.07098765432098778 0.19907407407407407
0 0.9113227666323731 0.0007482662703856119 0.08256172839506175 0.2525720164609054
0 0.6497489604766804 0.0007144490169181528 0.08294753086419754 0.2160493827160494
0 0.7666377314814814 0.5653858977290047 0.06944444444444445 0.0612139917695473
0 0.8480436599794239 0.517594497789971 0.0717592592592592 0.11316872427983535
0 0.8468894675925926 0.3869536846517299 0.07638888888888873 0.13220164609053497
0 0.6967895340363512 0.41221231519585433 0.04359567901234564 0.18930041152263374
0 0.9143944508744857 0.4086367360158512 0.06134259259259254 0.21656378600823048
0 0.768189782664609 0.45431336686480717 0.08217592592592587 0.10288065843621408
0 0.741561910579561 0.28967859320225575 0.07137345679012333 0.07510288065843619
0 0.6454866469478737 0.3431732014936747 0.0563271604938273 0.07150205761316873
0 0.49542315029149514 0.7311957018747142 0.07600308641975309 0.24691358024691354
0 0.40283136145404663 0.7384002057613168 0.07716049382716048 0.25
0 0.6489671746399178 0.7969931222374639 0.06828703703703698 0.19701646090534974
0 0.09032653892318243 0.6854190481633897 0.07021604938271603 0.2525720164609054
0 0.1678816765260631 0.7229671543971955 0.08294753086419757 0.24897119341563778
0 0.5671869641632373 0.7502300525834477 0.08256172839506166 0.24845679012345673
0 0.32914014274691356 0.712680517451608 0.07291666666666671 0.25051440329218105
0 0.8109857253086421 0.7342492569730225 0.041666666666666664 0.21141975308641978
0 0.03977623456790124 0.6519566377076665 0.05555555555555555 0.22427983539094645
0 0.7187909915123457 0.7913442120103643 0.059027777777777776 0.20730452674897112
0 0.7770335005144033 0.7599670400853529 0.03935185185185175 0.2088477366255144
0 0.8708255637002744 0.8154278120713306 0.09992283950617285 0.10648148148148148
0 0.7214798203875171 0.6703670362749582 0.04205246913580238 0.1075102880658436
