0 0.4626702489241001 0.39743522865588593 0.11839788732394373 0.14553990610328646
0 0.34690648229655713 0.3827785385150409 0.10871478873239436 0.16138497652582157
0 0.06038365610328639 0.06415243001217179 0.1214788732394366 0.20011737089201878
0 0.6321302816901408 0.06589451834463574 0.12676056338028177 0.18016431924882625
0 0.6101152924491393 0.588193901060685 0.11531690140845074 0.17899061032863847
0 0.2835161140453834 0.5834871109372283 0.09419014084507044 0.1660798122065728
0 0.17876901163928013 0.5782157450878108 0.10343309859154932 0.17723004694835684
0 0.20827862138106415 0.06591245000869415 0.13248239436619724 0.19953051643192485
0 0.7320306386932708 0.3387916231959659 0.11003521126760553 0.1907276995305165
0 0.38122982687793433 0.5840707050947661 0.0977112676056337 0.16255868544600946
0 0.7628521126760563 0.06765182142236131 0.12676056338028177 0.17664319248826293
0 0.8653908695226917 0.3845309511389324 0.1065140845070423 0.1525821596244131
0 0.3460408719679186 0.04422002695183446 0.12984154929577463 0.22241784037558684
0 0.5947204494327074 0.39918329420970267 0.12984154929577466 0.1320422535211267
0 0.23905913781298901 0.43847809076682315 0.09022887323943662 0.10563380281690139
0 0.7355425958528949 0.5987464136671883 0.09683098591549313 0.16725352112676065
0 0.48116655663145536 0.05123565466875326 0.13336267605633803 0.19366197183098596
0 0.10395576584507042 0.3299915232133542 0.1188380281690141 0.1936619718309859
0 0.009312341060250392 0.5723308989740915 0.09991197183098591 0.15962441314554002
0 0.9058752689749608 0.07119468353329855 0.09419014084507041 0.20011737089201884
0 0.6197993080007824 0.8481198921926622 0.11663732394366204 0.12441314553990614
0 0.5009621967918623 0.8188141192836027 0.11795774647887325 0.1643192488262911
0 0.07400112480438184 0.802340353851504 0.08274647887323945 0.11913145539906109
0 0.005764011150234742 0.8122978612415231 0.06073943661971831 0.0985915492957748
0 0.8345840669014084 0.6497619979134064 0.11091549295774648 0.1232394366197184
0 0.3799265209311424 0.8129510085202574 0.12235915492957743 0.1701877934272299
