0 0.18677394118655688 0.055242150586800785 0.06558641975308646 0.21707818930041153
0 0.8719535000857337 0.02996494436823655 0.0574845679012346 0.13991769547325103
0 0.9309917266803841 0.03304993522328913 0.07253086419753095 0.13837448559670784
0 0.528605109739369 0.044971231519585424 0.08024691358024691 0.23559670781893005
0 0.3565337255658436 0.040343030787989634 0.07523148148148151 0.23713991769547324
0 0.4383262602880658 0.03623447264136565 0.07870370370370365 0.24434156378600821
0 0.25854659636488336 0.03879410531931108 0.08487654320987659 0.2309670781893004
0 0.06601187414266119 0.10765746456332877 0.05709876543209877 0.1589506172839506
0 0.501202953532236 0.5669100556317633 0.06558641975308643 0.04063786008230455
0 0.24308475865912207 0.3725080018289895 0.0420524691358025 0.08641975308641979
0 0.29285166966735254 0.3740531169029111 0.03973765432098762 0.08847736625514407
0 0.5031464334705075 0.3745251295534217 0.08641975308641968 0.042695473251028786
0 0.4992889446159122 0.4115664532845603 0.08719135802469143 0.047325102880658464
0 0.4961947552297668 0.6204065691205609 0.07600308641975309 0.03909465020576127
0 0.5799246077674898 0.41161265432098765 0.09143518518518508 0.09722222222222222
0 0.14238870670438958 0.10096784026825179 0.03973765432098766 0.15637860082304528
0 0.06447696973593964 0.3884173525377229 0.06905864197530866 0.046296296296296294
0 0.661310978223594 0.6301926154549611 0.0655864197530865 0.0524691358024691
0 0.2041452331961591 0.5612844840725498 0.08024691358024695 0.07613168724279841
0 0.5000538515946502 0.4635145176040238 0.07754629629629627 0.04012345679012349
0 0.00042518647119341564 0.6106805365035818 0.05671296296296296 0.09053497942386836
0 0.5899388610253772 0.6353390298734949 0.06751543209876548 0.0550411522633745
0 0.3407110018004115 0.6718573769242494 0.06828703703703706 0.05041152263374487
0 0.8603941615226337 0.22965630239292795 0.07870370370370365 0.2510288065843621
0 0.8187068651406035 0.04434537418076513 0.048996913580246985 0.11522633744855969
0 0.6802463777434843 0.40390660722450844 0.11033950617283952 0.10802469135802475
0 0.8978178047839507 0.548910703398872 0.0798611111111111 0.045781893004115344
0 0.42520174254115223 0.6944835009907026 0.06828703703703706 0.042181069958847725
0 0.5158872920953361 0.7906878715134888 0.09992283950617278 0.05401234567901238
0 0.5841520919067216 0.6939729080932785 0.06790123456790119 0.046296296296296294
0 0.20570157107338818 0.7917466849565614 0.09915123456790127 0.08641975308641979
0 0.7419383359053497 0.6518385154702027 0.057870370370370315 0.09670781893004117
0 0.42752647033607677 0.7901668000304831 0.08256172839506175 0.04681069958847746
0 0.5158824695644719 0.8540047248894986 0.09297839506172834 0.10288065843621386
0 0.6208226165980796 0.7927731100442007 0.09567901234567913 0.08384773662551429
0 0.5065988297325102 0.7006491960067063 0.057870370370370315 0.034465020576131745
0 0.318352409122085 0.8807274996189605 0.09413580246913583 0.07458847736625523
0 0.5000476894718793 0.6646438233500992 0.06867283950617285 0.037551440329218096
0 0.3195066015089163 0.841599984758421 0.08950617283950622 0.03909465020576127
0 0.8187358003257887 0.8117912665752173 0.09066358024691365 0.06790123456790116
0 0.6609275870198903 0.6898691129401006 0.06905864197530857 0.058641975308642014
0 0.8198932077331961 0.8930827046181985 0.09066358024691365 0.0848765432098765
0 0.8908757716049382 0.6718745237006554 0.08333333333333333 0.06893004115226338
0 0.8063786008230452 0.6605652720621856 0.07407407407407413 0.07716049382716042
0 0.6208204732510287 0.8910141365645481 0.09259259259259262 0.07304526748971196
0 0.7188140324931414 0.8925616331351928 0.09220679012345682 0.07767489711934158
0 0.7859141911008231 0.2229423868312757 0.04976851851851841 0.2222222222222222
0 0.19562864368998628 0.35141032235939645 0.03858024691358024 0.0787037037037037
0 0.001576431755829904 0.413632163542143 0.047839506172839504 0.05606995884773661
0 0.060617605452674896 0.43779625819234874 0.06712962962962965 0.04218106995884778
0 0.11656968021262003 0.5571621132449323 0.08256172839506175 0.06841563786008223
0 0.36385647076474625 0.571033855357415 0.06442901234567905 0.04989711934156381
0 0.4259717399691358 0.6255477442463039 0.06597222222222222 0.03600823045267492
0 0.4271291473765432 0.6692582114007012 0.06597222222222222 0.02109053497942381
0 0.5895503793724279 0.5617550678250267 0.06365740740740745 0.028806584362139894
0 0.8982025355795611 0.6281159503124524 0.07831790123456793 0.03189300411522635
0 0.8935830868484224 0.5967302049992378 0.09297839506172857 0.02417695473251037
0 0.008555437671467762 0.855527930193568 0.09760802469135801 0.08127572016460921
0 0.14009050282921812 0.8066377076665142 0.06365740740740738 0.05761316872427979
0 0.20608871313443072 0.8838153482700808 0.1010802469135802 0.07613168724279841
0 0.30948591820987653 0.7917085810089926 0.10416666666666667 0.04526748971193418
0 0.4148046339163237 0.8838139193720469 0.09645061728395063 0.07458847736625514
0 0.7222806284293553 0.800985939643347 0.08410493827160492 0.06481481481481481
0 0.030141353737997253 0.5345140794086266 0.07021604938271606 0.05298353909465026
0 0.002729820387517147 0.058320473251028807 0.04205246913580247 0.20833333333333334
