0 0.755458569101509 0.43483319996951686 0.08256172839506158 0.17541152263374488
0 0.569140625 0.6982400739216582 0.11805555555555555 0.21039094650205756
0 0.21382137345679011 0.12311194939795764 0.125 0.1831275720164609
0 0.545199706361454 0.41839325179088555 0.0875771604938273 0.1980452674897119
0 0.6451279042352538 0.4317401120256058 0.09529320987654318 0.16820987654320985
0 0.4533795224622771 0.42712429507697003 0.08873456790123468 0.1831275720164609
0 0.020188721707818928 0.4122318434689834 0.1828703703703704 0.21039094650205767
0 0.25472340106310015 0.37725384849870447 0.13503086419753083 0.2119341563786008
0 0.33652852794924554 0.13544429202865418 0.1566358024691358 0.16872427983539098
0 0.43102789566186556 0.7033793438500229 0.12461419753086421 0.20524691358024688
0 0.39127577374828537 0.04275262917238226 0.10378086419753087 0.061728395061728385
0 0.035999389146090535 0.22899186480719405 0.17245370370370372 0.08899176954732513
0 0.2573988340192044 0.0504605814662399 0.09876543209876548 0.052983539094650214
0 0.004687232081618656 0.7238459266880048 0.08294753086419752 0.08693415637860084
0 0.8607743377057613 0.4122275567748819 0.0706018518518519 0.20576131687242794
0 0.9016723465363511 0.1457304526748971 0.07484567901234572 0.16666666666666669
0 0.09617037465706445 0.6843483272367017 0.15200617283950618 0.20730452674897132
0 0.25937044538751713 0.6987354252400547 0.16010802469135804 0.1898148148148149
0 0.6895211762688613 0.7069739750038104 0.1327160493827161 0.1985596707818929
0 0.8823956189986281 0.6858424782807498 0.09413580246913587 0.15432098765432095
0 0.5271221814986282 0.029400529644871207 0.16705246913580254 0.08590534979423868
0 0.7519951881858711 0.04750180993750953 0.09529320987654318 0.19084362139917696
0 0.10385347007887517 0.1579861111111111 0.10455246913580246 0.06944444444444445
0 0.015489433299039781 0.045937642889803385 0.08256172839506172 0.1682098765432099
