0 0.2481489519032922 0.006797744246303917 0.11226851851851853 0.11934156378600823
0 0.21298734353566529 0.005258821063862216 0.035108024691358014 0.12397119341563788
0 0.36161104681069955 0.00833238073464411 0.16435185185185192 0.11008230452674898
0 0.5193474579903978 0.05049154092363969 0.08256172839506166 0.08641975308641975
0 0.6042202503429355 0.05665437814357567 0.07716049382716048 0.07561728395061727
0 0.6871471514917695 0.05203332190214906 0.04745370370370373 0.08487654320987653
0 0.7596860532407408 0.05820139841487578 0.059027777777777776 0.07973251028806587
0 0.88469784164952 0.05817520195092212 0.07600308641975302 0.05144032921810699
0 0.8835388267318243 0.10960267108672458 0.07368827160493825 0.03755144032921811
0 0.35350624785665297 0.19712982014936747 0.16010802469135801 0.12242798353909466
0 0.5170422882373114 0.19558565767413505 0.09645061728395071 0.12139917695473251
0 0.20148828660836762 0.263940329218107 0.14313271604938274 0.05555555555555555
0 0.6169635202331962 0.198670172229843 0.09413580246913572 0.11934156378600826
0 0.7338694380144034 0.18934565996037192 0.10532407407407397 0.04886831275720164
0 0.7358035408093279 0.24385383325712542 0.11265432098765445 0.028806584362139946
0 0.736955321930727 0.2788303993293705 0.10455246913580254 0.025720164609053544
0 0.7269212427126202 0.30919114845297974 0.09992283950617285 0.037551440329218096
0 0.8496409893689988 0.19407150205761314 0.14969135802469127 0.15277777777777782
0 0.21616780264060356 0.3911565500685871 0.17052469135802467 0.2268518518518518
0 0.3886008766289437 0.391119875019052 0.14081790123456794 0.18724279835390947
0 0.5352135845336077 0.39268975765889347 0.15200617283950618 0.21604938271604932
0 0.6906659915123458 0.39112416171315345 0.11458333333333341 0.1918724279835391
0 0.8110875342935528 0.39422439414723365 0.18827160493827158 0.20679012345679015
0 0.24818190586419753 0.6663427831123304 0.15972222222222227 0.20576131687242794
0 0.5170728309327846 0.6694263450693492 0.14043209876543222 0.20267489711934147
0 0.7918035729595336 0.6709947988111569 0.19714506172839508 0.2299382716049382
0 0.007387045610425239 0.8555865150129552 0.08179012345679011 0.14454732510288074
0 0.4090216156550069 0.6724008344764517 0.10223765432098762 0.08179012345679015
