0 0.7980881382042253 0.6257846461484959 0.1624119718309861 0.21361502347417838
0 0.1395631602112676 0.33516725352112675 0.05545774647887326 0.07922535211267609
0 0.2702953834115806 0.3269588984524431 0.07042253521126764 0.08744131455399058
0 0.19590699579420973 0.3287221787515215 0.06382042253521128 0.0903755868544601
0 0.40544857687793423 0.2771066988349852 0.11355633802816899 0.12030516431924883
0 0.0753035137910798 0.33399463136845764 0.05677816901408451 0.08039906103286383
0 0.6955093407668232 0.1268795644235785 0.12499999999999992 0.12852112676056335
0 0.18886321400625983 0.23305783776734482 0.061619718309859156 0.08274647887323944
0 0.2575233519170579 0.229545405146931 0.058978873239436624 0.09213615023474173
0 0.3473084164710485 0.3222629760041732 0.053697183098591554 0.08626760563380279
0 0.6721916568857591 0.7191037428273344 0.1390845070422535 0.22359154929577457
0 0.5397052890258215 0.24544590071291947 0.13336267605633803 0.15199530516431922
0 0.12548354362284822 0.2406896626673622 0.0625 0.08568075117370892
0 0.5537833773474178 0.511911515388628 0.12411971830985927 0.18838028169014082
0 0.0040486844679186226 0.5095803990610329 0.12588028169014087 0.20598591549295775
0 0.6792329934467919 0.25365860285167796 0.13776408450704214 0.14847417840375585
0 0.8205166764475742 0.2689026908363763 0.13556338028169013 0.13321596244131456
0 0.8288726281298905 0.12981546687532605 0.12588028169014082 0.13028169014084506
0 0.8130345877347417 0.8516203703703704 0.13600352112676053 0.10211267605633802
0 0.3222289465962442 0.2383433315945053 0.06602112676056338 0.08685446009389666
0 0.006207819835680751 0.33868511997913403 0.06602112676056339 0.07570422535211271
0 0.3966665444053208 0.14566325421665796 0.14348591549295786 0.13321596244131456
0 0.5665514353482003 0.13624206659711355 0.12984154929577474 0.09917840375586856
0 0.5537818490805946 0.7031076117197009 0.12191901408450719 0.06044600938967135
