0 0.9168592282863849 0.5401582333507216 0.06602112676056338 0.272300469483568
0 0.45206010367762123 0.508463202051817 0.051056338028169064 0.26701877934272295
0 0.11667889280125196 0.47914004086245865 0.05985915492957747 0.28814553990610325
0 0.2504804870892019 0.5131542340462529 0.05809859154929574 0.26291079812206575
0 0.1853356685250391 0.5020099765258216 0.05237676056338031 0.26936619718309857
0 0.039653022300469486 0.4679974134933055 0.05809859154929577 0.2963615023474178
0 0.31958840717918624 0.479151451921405 0.06646126760563378 0.3004694835680751
0 0.5792675322769953 0.061350743348982786 0.06073943661971839 0.34330985915492956
0 0.6435290126173709 0.05315760302556077 0.0620598591549296 0.3679577464788732
0 0.509282692683881 0.037893953225526 0.05721830985915493 0.3620892018779343
0 0.17301753227699532 0.03609426621457138 0.06073943661971829 0.31983568075117375
0 0.5911449163732395 0.504972504781777 0.05149647887323938 0.29988262910798114
0 0.7936167351330204 0.5084843940184315 0.06161971830985904 0.28990610328638505
0 0.7386049369131455 0.0519594418362024 0.06998239436619716 0.3415492957746479
0 0.0902722760172144 0.04371848374195793 0.0625 0.31455399061032857
0 0.3723964446400626 0.03201236741436272 0.053697183098591554 0.34800469483568075
0 0.4397404391627543 0.04724776125891149 0.05721830985915493 0.3233568075117371
0 0.023371173219874804 0.03904701356285863 0.06294014084507042 0.33978873239436624
0 0.6483681166862284 0.5020284515736394 0.0585387323943663 0.28931924882629106
0 0.5180824530516432 0.5395485567727352 0.05281690140845059 0.2476525821596244
0 0.39836261492566505 0.5061157842114415 0.050616197183098656 0.26701877934272295
0 0.23419221928794992 0.01675958528951487 0.05369718309859151 0.35387323943661975
0 0.3098933881064162 0.02967092679533994 0.04929577464788737 0.3544600938967136
0 0.00047101183489827857 0.4662346765779865 0.04445422535211268 0.2940140845070422
0 0.8561145955594679 0.5114420318205529 0.058538732394366064 0.3151408450704226
0 0.7267131871087635 0.5067390453834115 0.058538732394366216 0.3063380281690142
0 0.8138674931533646 0.039063858459398366 0.06778169014084515 0.35798122065727705
0 0.8913295310054773 0.04433087723874109 0.06382042253521121 0.3421361502347418
0 0.9634967356220656 0.09066303686315422 0.04093309859154933 0.3104460093896714
0 0.2451914612676056 0.8915346244131455 0.04753521126760568 0.11091549295774639
0 0.1426282521517997 0.8762856459746131 0.032570422535211245 0.1208920187793427
0 0.5493281739045384 0.8844988914971309 0.04665492957746472 0.11795774647887314
0 0.48418671752738657 0.8938804121022432 0.04577464788732392 0.10915492957746477
0 0.36754817097026604 0.8915319074943489 0.04401408450704222 0.10798122065727703
0 0.4199282937206573 0.8962256564075812 0.04885563380281689 0.10680751173708929
0 0.6118232834507042 0.8968119674839159 0.03961267605633796 0.10622065727699542
0 0.6694823454616587 0.8903592853416797 0.04049295774647885 0.10915492957746477
0 0.18093487138106415 0.9003303773256823 0.05325704225352115 0.10328638497652597
0 0.2988852821791862 0.8745261693618502 0.04269366197183098 0.12206572769953043
0 0.7289132800273865 0.9014991957920363 0.057658450704225414 0.09800469483568072
0 0.8534703883020345 0.9173366588419406 0.05369718309859148 0.08978873239436601
0 0.7896502714201877 0.9038438967136151 0.05413732394366204 0.09507042253521127
0 0.059457220755086075 0.8669073856720572 0.05501760563380282 0.1332159624413145
