0 0.004765464248971193 0.012439509983234261 0.19560185185185183 0.10133744855967078
0 0.212394172239369 0.01090487349489407 0.2920524691358025 0.11059670781893004
0 0.5329386895576133 0.0037175163846974546 0.20949074074074073 0.12602880658436214
0 0.7605265132030179 0.009892737387593355 0.15817901234567905 0.1286008230452675
0 0.9386957197359397 0.018645214144185338 0.055169753086419686 0.1368312757201646
0 0.8230353545096023 0.26712629553421735 0.17091049382716048 0.16306584362139914
0 0.6166379993998629 0.24502267184880352 0.18094135802469127 0.18004115226337444
0 0.4345328039266118 0.2475832571254382 0.17168209876543214 0.16769547325102885
0 0.2397009495027435 0.24501266956256668 0.16936728395061731 0.169238683127572
0 0.024049961419753085 0.24244160570035056 0.1875 0.17026748971193412
0 0.005460712448559671 0.5037365683584819 0.08564814814814815 0.14660493827160498
0 0.11775334362139918 0.5155640336838896 0.12037037037037038 0.1424897119341564
0 0.26475989154663926 0.5119698788294468 0.14313271604938274 0.14969135802469133
0 0.41715401020233195 0.5315024386526443 0.14621913580246912 0.1337448559670782
0 0.5780296210562414 0.5356024234110655 0.14043209876543222 0.11728395061728392
0 0.7331254286694103 0.5453717992684042 0.14506172839506173 0.11265432098765428
0 0.9279026277434842 0.529437680993751 0.06867283950617285 0.12602880658436202
0 0.001989026063100137 0.7264779568663314 0.08641975308641976 0.15174897119341565
0 0.12314814814814816 0.7424382716049382 0.1111111111111111 0.16666666666666677
0 0.25471375600137175 0.7547710905349795 0.12114197530864194 0.1527777777777778
0 0.39321577074759945 0.7583709609815577 0.11959876543209881 0.15174897119341577
0 0.5274798525377229 0.7789361377838744 0.12654320987654324 0.1399176954732511
0 0.6578843021262003 0.7681570073159579 0.13117283950617278 0.1651234567901235
0 0.7936856995884773 0.7691643804298126 0.1296296296296295 0.14197530864197536
0 0.9352296596364883 0.8046358215211096 0.06404320987654318 0.11779835390946508
