0 0.616257396811424 0.0009194053208137715 0.08670774647887325 0.35915492957746475
0 0.7166012568466353 0.000915058250739002 0.0748239436619719 0.3544600938967136
0 0.08588125978090767 0.003260302556077204 0.07746478873239436 0.352112676056338
0 0.4287518950508607 0.008534385324291429 0.0787852112676056 0.34389671361502344
0 0.16598078051643192 0.0020865936358894104 0.06866197183098591 0.35211267605633795
0 0.3156173586658842 0.0009139714832203095 0.05237676056338031 0.35328638497652576
0 0.5048999290884194 0.0009275560772039645 0.08406690140845068 0.3679577464788732
0 0.021612138106416275 0.000915058250739002 0.06514084507042253 0.3544600938967136
0 0.07048488849765258 0.5477688662841245 0.08978873239436622 0.2523474178403757
0 0.23684529049295777 0.0020893105546861417 0.07130281690140841 0.35504694835680745
0 0.36888357052034426 0.00501434533124674 0.06558098591549298 0.34507042253521125
0 0.5506525699334899 0.59873663275952 0.05237676056338019 0.15669014084507055
0 0.2729383680555556 0.6896767953399409 0.07350352112676058 0.13262910798122063
0 0.1703919698748044 0.5290074552251783 0.08274647887323941 0.27171361502347413
0 0.48067812255477305 0.6227770170405147 0.06382042253521121 0.13438967136150234
0 0.35570807658450704 0.5118924969570509 0.10695422535211263 0.1678403755868544
0 0.2681044600938967 0.5224254477482178 0.08450704225352111 0.13497652582159622
0 0.36318833137715184 0.6914368153364633 0.10387323943661973 0.13204225352112675
0 0.9221467258411582 0.0026739914797426537 0.07438380281690134 0.35269953051643194
0 0.06257243984741784 0.7277707137889062 0.10431338028169015 0.07687793427230044
0 0.00048354362284820033 0.5178762389149713 0.0625 0.2922535211267606
0 0.6185216769366197 0.4157939923491567 0.17825704225352107 0.3251173708920188
0 0.8011944933489827 0.41702747348287256 0.19894366197183094 0.3896713615023475
0 0.3371995427425665 0.8833240958094244 0.07438380281690138 0.11678403755868551
0 0.4177492908841941 0.8880145844201008 0.08010563380281689 0.11208920187793422
0 0.5031427278951487 0.8897735176491045 0.08890845070422526 0.11032863849765262
0 0.6149274990219092 0.8997408059467918 0.07306338028169014 0.10035211267605641
0 0.7051667644757433 0.9073606764041036 0.08802816901408445 0.09037558685445998
0 0.7931937108763693 0.9102944053208137 0.08626760563380284 0.08978873239436622
0 0.8926713492762128 0.9120527951660581 0.0946302816901408 0.08744131455399064
0 0.14887427865805947 0.8757020518170753 0.1536091549295775 0.12441314553990614
