0 0.6136113556338028 0.19613599808728918 0.07922535211267616 0.13673708920187796
0 0.8424793989632238 0.10761443661971831 0.07174295774647876 0.23767605633802816
0 0.9181768999413145 0.10702649539210572 0.0620598591549296 0.23650234741784035
0 0.6761620940923317 0.5070993088158582 0.1522887323943663 0.06161971830985909
0 0.6783692170383412 0.5798763258563728 0.16153169014084506 0.06924882629107972
0 0.46132140062597815 0.1679914362719527 0.07746478873239432 0.16314553990610328
0 0.451181044600939 0.7583420274734828 0.05281690140845067 0.13615023474178417
0 0.7012229191118936 0.7231666231959659 0.11311619718309866 0.17488262910798127
0 0.2804051741001565 0.754824704399235 0.051056338028169064 0.14025821596244137
0 0.0951171875 0.19554697009215788 0.06734154929577464 0.13438967136150237
0 0.8354227797339594 0.7219809598330725 0.051056338028168904 0.1619718309859155
0 0.8385609228286384 0.4977112676056338 0.13336267605633811 0.0633802816901408
0 0.2355178379303599 0.19554697009215788 0.061179577464788755 0.13438967136150237
0 0.17125696889671363 0.19555077377847327 0.06073943661971829 0.13849765258215968
0 0.34509884829812204 0.7542383933229004 0.04093309859154929 0.14084507042253522
0 0.026895356514084506 0.7131895539906103 0.06734154929577464 0.1742957746478874
0 0.7680852039319248 0.20141823161189357 0.05677816901408461 0.13732394366197181
0 0.5308933025234742 0.5464397496087637 0.12015845070422526 0.08450704225352118
0 0.0005364216549295775 0.4396409320118241 0.13864436619718312 0.09389671361502352
0 0.8508870060641627 0.5687282646496261 0.13644366197183094 0.07159624413145552
0 0.5440556533646321 0.19613436793601113 0.0598591549295775 0.13497652582159625
0 0.39660541373239433 0.19730699008868022 0.05545774647887324 0.13380281690140847
0 0.9542571400625977 0.7261123065553817 0.04577464788732407 0.18720657276995295
0 0.6981031152190924 0.1979003651538863 0.05721830985915501 0.14084507042253516
0 0.22274672339593116 0.7565907016171101 0.05105633802816898 0.14612676056338028
0 0.16245048415492958 0.7513024908711529 0.05545774647887324 0.1390845070422536
0 0.39308031347809075 0.7636280646844027 0.04973591549295778 0.14084507042253522
0 0.09423507188967135 0.7219825899843506 0.06470070422535211 0.1637323943661971
0 0.5770640771713615 0.7665623369848722 0.05677816901408453 0.14084507042253522
0 0.3050625366784037 0.1937880368631542 0.06470070422535214 0.13615023474178406
0 0.0013751344874804383 0.20777636498000346 0.07878521126760564 0.0322769953051643
0 0.006214238556338028 0.24474384889584422 0.07526408450704225 0.027582159624413103
0 0.006206902875586854 0.2787797774300122 0.06470070422535212 0.02582159624413144
0 0.006210876369327074 0.30635976351938793 0.0704225352112676 0.023474178403755906
0 0.00624724911971831 0.5393996696226744 0.1227992957746479 0.08685446009389666
0 0.17879590913536778 0.5071340853764563 0.14216549295774644 0.09917840375586845
0 0.2781986624608764 0.42673230742479573 0.042693661971830936 0.09624413145539905
0 0.33991649550078246 0.4144425969396627 0.18397887323943665 0.1332159624413145
0 0.3399067145931142 0.5458632194400974 0.16989436619718307 0.09565727699530513
0 0.5410119571596244 0.4472629760041732 0.11355633802816899 0.08626760563380284
0 0.6836417375782473 0.45016573204660054 0.14832746478873243 0.052230046948356854
0 0.8425124095266041 0.4472330898974092 0.11927816901408445 0.05399061032863841
0 0.5145640771713615 0.7219825899843506 0.05677816901408453 0.1637323943661971
0 0.6395567414906104 0.7824025169535733 0.046214788732394235 0.13556338028169018
0 0.9119935323748044 0.7283977786471918 0.03125 0.12030516431924873
