0 0.7165093985768176 0.4955423144337754 0.1068672839506173 0.18569958847736626
0 0.8696713713134431 0.49246875476299345 0.10455246913580254 0.19958847736625504
0 0.8731545781893004 0.2198478699893309 0.12037037037037047 0.21347736625514402
0 0.729247845936214 0.21675573464410913 0.1168981481481481 0.20730452674897118
0 0.5976961698388203 0.3740359701265051 0.12692901234567913 0.06995884773662556
0 0.5726262431412894 0.20796848803536044 0.1373456790123457 0.161522633744856
0 0.26515265989368997 0.21831323350099072 0.15316358024691365 0.22273662551440326
0 0.276327535579561 0.5105024005486969 0.13387345679012344 0.2314814814814816
0 0.4387581447187928 0.5074088363054413 0.14506172839506173 0.2237654320987654
0 0.5772446201989025 0.4878305517451607 0.12114197530864207 0.190329218106996
0 0.17637013460219478 0.21259144947416553 0.08410493827160494 0.15432098765432098
0 0.05640914351851852 0.22442701188843164 0.11805555555555555 0.15895061728395063
0 0.1324199995713306 0.0037265660722450846 0.12924382716049382 0.13580246913580246
0 0.2628158757716049 0.006820130315500685 0.12152777777777773 0.14351851851851852
0 0.387475083590535 0.006820130315500685 0.18634259259259253 0.14351851851851852
0 0.5849727259087791 0.002183356195701875 0.1385030864197531 0.1358024691358025
0 0.7235009966563786 0.0021890717878372203 0.1747685185185184 0.14197530864197533
0 0.902844757373114 0.0053093087943910985 0.09645061728395063 0.1784979423868313
0 0.06065377443415637 0.5089015584514556 0.11921296296296294 0.16923868312757206
0 0.18100297925240053 0.502723479652492 0.08873456790123456 0.1635802469135803
0 0.04829871827846365 0.7465068206066149 0.10570987654320987 0.1162551440329218
0 0.15941143689986284 0.7449736130163085 0.10802469135802469 0.12705761316872424
0 0.2708845057441701 0.7464958657216888 0.0736882716049383 0.10442386831275725
0 0.35462346750685875 0.7418605204999238 0.10223765432098762 0.09825102880658423
0 0.462638513803155 0.7706332876085964 0.08834876543209881 0.06172839506172825
0 0.5568254886831275 0.7495556127114769 0.16203703703703706 0.07561728395061725
0 0.7328049982853224 0.7310513831732968 0.23919753086419762 0.09104938271604932
0 0.0008155435528120714 0.497098384392623 0.06327160493827161 0.19958847736625523
0 0.012041055812757202 0.0021824035970126505 0.11689814814814814 0.13477366255144033
