0 0.5096694423010975 0.5583366674287457 0.035108024691358014 0.22582304526748972
0 0.7010322895233196 0.2285674820911446 0.04205246913580246 0.18621399176954734
0 0.6308127572016461 0.5043543286084439 0.037037037037036986 0.25823045267489714
0 0.31638937114197535 0.5341740016765738 0.045138888888888846 0.2412551440329218
0 0.1342860510973937 0.5022352728242646 0.03858024691358024 0.19187242798353904
0 0.7218707133058986 0.4997218411827466 0.0493827160493827 0.2551440329218107
0 0.05713305898491083 0.5033312376162171 0.04938271604938273 0.26440329218106995
0 0.22572043252743484 0.23269747370827618 0.03742283950617286 0.2021604938271605
0 0.5447790745027434 0.5490840763603109 0.03742283950617286 0.23302469135802475
0 0.46568903249314125 0.544463496418229 0.03665123456790119 0.24279835390946508
0 0.6763390560699588 0.5064214677640604 0.03935185185185175 0.26851851851851843
0 0.5436203275034294 0.25683822969059594 0.03549382716049381 0.16306584362139914
0 0.37695660793895747 0.5434361187319006 0.0397376543209877 0.24434156378600824
0 0.2284298911179698 0.5249014060356653 0.05015432098765436 0.22685185185185186
0 0.17749565972222225 0.24297791876238378 0.03819444444444443 0.1939300411522634
0 0.27201726466049386 0.251697054564853 0.038194444444444406 0.16615226337448555
0 0.01391755615569273 0.5233910608139003 0.04128086419753086 0.26234567901234573
0 0.424406292866941 0.5480628905654625 0.033950617283950636 0.2412551440329218
0 0.13891192986968448 0.23319996951684197 0.03317901234567901 0.18930041152263374
0 0.5849046746399177 0.5177288142051516 0.0405092592592592 0.258230452674897
0 0.6215524262688614 0.2964187052278616 0.03549382716049381 0.13220164609053497
0 0.49269627700617286 0.25169943606157597 0.03819444444444445 0.16872427983539096
0 0.5829716435185184 0.2887093240359701 0.03472222222222238 0.13940329218106995
0 0.09801927940672153 0.2269566377076665 0.03665123456790121 0.1131687242798354
0 0.3140681262860082 0.27326103109282124 0.03587962962962964 0.12191358024691354
0 0.8912296917866941 0.24708695320835236 0.03742283950617286 0.18724279835390953
0 0.8538055126886145 0.24091030330742266 0.03549382716049397 0.1831275720164609
0 0.7450084126371743 0.23525281969212009 0.03433641975308635 0.18415637860082304
0 0.6547357253086419 0.27432317863130623 0.041666666666666664 0.1579218106995884
0 0.7839833033264747 0.2450136221612559 0.04706790123456778 0.17026748971193417
0 0.9610545803326476 0.5403173106233805 0.02970679012345667 0.20936213991769556
0 0.2419324417009602 0.8514670019814053 0.04938271604938274 0.1399176954732511
0 0.07372336891289437 0.8843649977137632 0.050540123456790126 0.11419753086419746
0 0.4398483046124829 0.8509635535741503 0.04822530864197524 0.15174897119341565
0 0.3958628043552812 0.8555908017070568 0.04243827160493825 0.14917695473251036
0 0.30172459062071333 0.8581561499771377 0.038966049382716035 0.14197530864197525
0 0.7731752079046639 0.8386140641670476 0.03896604938271619 0.1476337448559671
0 0.02279101294581619 0.8612463801249809 0.04128086419753087 0.14609053497942392
0 0.1952452524862826 0.8612325674439871 0.04205246913580246 0.13117283950617292
0 0.626186610510974 0.8411760783417161 0.04205246913580238 0.13683127572016465
0 0.3507193608539094 0.8617417314433775 0.03587962962962964 0.12551440329218105
0 0.5004211676954733 0.8530092592592593 0.05092592592592595 0.1388888888888889
0 0.8160019611625515 0.8679140946502057 0.042824074074074125 0.125
0 0.5725608710562414 0.8478547477518671 0.04320987654320984 0.1275720164609053
0 0.1400712127057613 0.8710090877914952 0.03587962962962962 0.13425925925925916
0 0.6373713991769547 0.6662508573388204 0.037037037037036986 0.10648148148148137
0 0.2805054548182442 0.643641880048773 0.038966049382716035 0.13323045267489714
0 0.8507180212620028 0.8560937738149672 0.033950617283950636 0.13683127572016454
0 0.2334375535836763 0.6611053955189758 0.038966049382716035 0.1049382716049382
0 0.7261113254458161 0.8355324074074074 0.044753086419753174 0.1527777777777778
0 0.8974019954561042 0.8437423792104863 0.03665123456790127 0.13065843621399165
0 0.958748606824417 0.8206304298125287 0.04243827160493825 0.16975308641975312
0 0.6759570044581619 0.8380996608748665 0.0447530864197531 0.1476337448559671
0 0.9352082261659809 0.2563381153787533 0.03317901234567905 0.17849794238683128
0 0.9251754865397804 0.5439238492607835 0.030478395061728412 0.21553497942386826
0 0.8885239840534979 0.5490574035970126 0.0300925925925927 0.20421810699588486
0 0.8580375514403292 0.555223574912361 0.018518518518518413 0.19701646090534983
0 0.8306428969478739 0.5536770309404053 0.014660493827160476 0.19341563786008234
0 0.7939991640946503 0.547514670019814 0.025462962962962857 0.20473251028806594
