0 0.17595566486625516 0.7764127038561195 0.04282407407407407 0.1923868312757201
0 0.920166216563786 0.5597965249199817 0.03935185185185175 0.13580246913580254
0 0.8206331983024692 0.5665075826855662 0.04513888888888873 0.16152263374485598
0 0.793239615483539 0.30985796753543665 0.042824074074074125 0.20216049382716053
0 0.5748922968106996 0.3062685756744398 0.06712962962962953 0.21450617283950624
0 0.06023019547325102 0.2033798201493675 0.06481481481481483 0.20576131687242794
0 0.31407669967421126 0.15658674363664077 0.048225308641975356 0.2247942386831276
0 0.7361625514403293 0.5721545877152873 0.07407407407407413 0.14917695473251036
0 0.11924538108710563 0.18590058680079255 0.046682098765432084 0.21707818930041153
0 0.24965036651234568 0.4904163808870599 0.052083333333333336 0.205246913580247
0 0.16399632415980797 0.17715382563633592 0.04359567901234569 0.21502057613168726
0 0.03978695130315501 0.46420610425240055 0.07098765432098766 0.23148148148148154
0 0.2222650891632373 0.17048182441700963 0.06172839506172837 0.23148148148148145
0 0.5814402220507544 0.021272957628410305 0.05169753086419754 0.19701646090534983
0 0.36037379972565164 0.1540266346593507 0.0493827160493827 0.2376543209876543
0 0.5162323709705076 0.029511031092821213 0.041280864197530874 0.2052469135802469
0 0.6774964634773663 0.02128105471726871 0.039351851851851825 0.205761316872428
0 0.00041956018518518525 0.20698016689529036 0.04861111111111111 0.2052469135802469
0 0.32102167995541836 0.4852813976527968 0.048996913580246985 0.2150205761316872
0 0.6146361132544581 0.5752481519585428 0.07600308641975309 0.15689300411522636
0 0.8599700467249657 0.6199502743484225 0.02353395061728397 0.10185185185185175
0 0.15591027949245542 0.4580170705685109 0.06635802469135804 0.21399176954732507
0 0.27664689429012346 0.15145414189910078 0.03819444444444448 0.23713991769547324
0 0.40090154535322353 0.47034988949855205 0.07600308641975309 0.20010288065843623
0 0.5162637174211249 0.5695882868465173 0.08641975308641968 0.15534979423868306
0 0.513534968707133 0.31962543819539707 0.045910493827160476 0.19547325102880656
0 0.4024297518004115 0.16585362368541381 0.0543981481481481 0.23302469135802467
0 0.7237906164266118 0.023858786770309406 0.0362654320987654 0.21193415637860086
0 0.4541130829903978 0.05930593659503125 0.03395061728395055 0.16152263374485598
0 0.4645377872085048 0.32169591144642584 0.045524691358024685 0.2093621399176955
0 0.48806370027434837 0.0367012459990855 0.033950617283950636 0.19290123456790126
0 0.6423825445816187 0.014590477823502514 0.03086419753086405 0.2021604938271605
0 0.11731395747599452 0.45388517375400095 0.04320987654320986 0.1959876543209876
0 0.8703939471879287 0.37152253848498706 0.033950617283950636 0.13323045267489714
0 0.6497213648834019 0.31038284941319916 0.04320987654320984 0.21347736625514402
0 0.9074291087962963 0.36740540695016005 0.03125 0.13117283950617287
0 0.6940910600994513 0.3139803383630544 0.04668209876543199 0.20987654320987656
0 0.9479394397290809 0.373047648986435 0.032793209876543175 0.11368312757201646
0 0.744629308127572 0.30832714144185336 0.04398148148148143 0.21553497942386832
0 0.8584509495027435 0.12304669638774575 0.05825617283950619 0.11265432098765434
0 0.9294375321502057 0.12148967383020882 0.056712962962963014 0.09773662551440328
0 0.8815792716906722 0.5665009144947416 0.029706790123456825 0.15432098765432095
0 0.6948556991598078 0.5644533036122542 0.036651234567901425 0.16512345679012339
0 0.7909202460562414 0.06958304755372657 0.0362654320987654 0.14969135802469136
0 0.4140035579561042 0.7943906226185034 0.05401234567901238 0.16409465020576128
0 0.5042866941015091 0.8000466773357721 0.061728395061728336 0.1615226337448561
0 0.08992653677983536 0.7748671124828531 0.04976851851851853 0.18981481481481471
0 0.22186428326474625 0.8735739597622314 0.04012345679012349 0.12654320987654316
0 0.26622969178669414 0.829376238378296 0.03742283950617282 0.17078189300411523
0 0.7415375300068588 0.7764031778692273 0.0362654320987654 0.18209876543209874
0 0.061756258573388206 0.7609748894985522 0.040123456790123455 0.1862139917695472
0 0.9633742176783264 0.5603280749885687 0.03665123456790127 0.15432098765432095
0 0.12928240740740737 0.7877276710867246 0.05555555555555555 0.19032921810699588
0 0.0008050947359396433 0.810360939643347 0.04822530864197531 0.18981481481481483
0 0.8449395576131687 0.7825745884773663 0.04629629629629619 0.18055555555555555
0 0.8935471857853222 0.7769090077732054 0.04128086419753095 0.17283950617283958
0 0.8051960090877915 0.7743231786313062 0.037808641975308574 0.15792181069958858
0 0.9332843042695474 0.77331151882335 0.0405092592592592 0.1764403292181071
0 0.7018049661351167 0.7897738530711782 0.04359567901234555 0.17798353909465017
0 0.3048185120884774 0.823710657674135 0.04976851851851849 0.16306584362139914
0 0.35343417781207137 0.7794895976223137 0.05632716049382714 0.18209876543209882
0 0.37890383873456784 0.0016170362749580857 0.06597222222222222 0.07973251028806584
0 0.22341847779492455 0.0016222755677488187 0.05594135802469139 0.08539094650205761
