0 0.0038936578360768176 0.002652511050144795 0.05131172839506173 0.08693415637860082
0 0.06601884002057613 0.0036846517299192194 0.06712962962962964 0.09053497942386832
0 0.14124978566529492 0.0005948978814205152 0.06635802469135806 0.08693415637860082
0 0.2168579603909465 0.0011116826703246457 0.053240740740740713 0.08950617283950618
0 0.27551225994513034 0.002643461362597165 0.07098765432098762 0.0771604938271605
0 0.3538293574245542 0.0005920400853528426 0.06983024691358024 0.08384773662551441
0 0.4290562842935528 0.0005901348879743942 0.06327160493827158 0.08179012345679013
0 0.5054558899176954 0.0052173830208809635 0.07870370370370373 0.07921810699588477
0 0.5960956254286693 0.00727451989026063 0.0443672839506173 0.0787037037037037
0 0.651269129372428 0.005220717116293247 0.04976851851851849 0.08281893004115226
0 0.7145426097393691 0.003678936137783874 0.05246913580246905 0.08436213991769548
0 0.7735843192729767 0.0062499999999999995 0.0725308641975308 0.08333333333333331
0 0.8488056198559671 0.0052245275110501446 0.057870370370370315 0.08693415637860082
0 0.0004104509602194788 0.181241426611797 0.035493827160493825 0.18518518518518515
0 0.044000771604938274 0.18535379515317787 0.027777777777777773 0.18209876543209877
0 0.07796907150205762 0.18021595412284716 0.05324074074074074 0.18878600823045263
0 0.13122776277434842 0.14475165752171926 0.07908950617283951 0.22067901234567897
0 0.25005787037037036 0.1375585848193873 0.08333333333333333 0.2299382716049383
0 0.3379988640260631 0.1411451188843164 0.0516975308641975 0.21450617283950618
0 0.4051397462277092 0.15708590534979422 0.06790123456790119 0.20833333333333331
0 0.5447983646262002 0.18639546181984454 0.06520061728395063 0.19598765432098764
0 0.804825210048011 0.19255782274043592 0.05941358024691349 0.1846707818930041
0 0.8673297646604938 0.1987239940557842 0.06597222222222222 0.17746913580246915
0 0.9444819530178327 0.18999295076969974 0.05401234567901238 0.19238683127572015
0 0.9352267125342936 0.44359377381496723 0.059799382716049364 0.1923868312757202
0 0.8746492948388204 0.44256020423715897 0.05054012345679 0.18724279835390947
0 0.8056008337620029 0.4302269090077732 0.06520061728395063 0.20061728395061726
0 0.735768711419753 0.4338210638622161 0.0625 0.19341563786008237
0 0.6447321887860082 0.4338243979576284 0.08101851851851849 0.1970164609053498
0 0.5841400355795611 0.4374176002133821 0.05054012345679016 0.18878600823045263
0 0.510846407750343 0.43021928821825944 0.06327160493827151 0.1923868312757202
0 0.42520468964334707 0.43123904511507394 0.07253086419753087 0.1826131687242799
0 0.3187282986111111 0.4127429126657522 0.0798611111111111 0.20679012345679015
0 0.22035456318587107 0.41531397652796836 0.08834876543209873 0.20576131687242794
0 0.16978309327846366 0.42661703627495806 0.04320987654320988 0.19084362139917693
0 0.12310153034979425 0.4266137021795458 0.04398148148148147 0.18724279835390953
0 0.08528672625171468 0.4327741579027587 0.03510802469135801 0.17386831275720163
0 0.018562457133058985 0.418904797286999 0.06327160493827161 0.19495884773662556
0 0.015473090277777778 0.6565305403139765 0.059027777777777776 0.16409465020576147
0 0.07719612697187928 0.6616788599298887 0.05131172839506171 0.168724279835391
0 0.13315168467078192 0.6699040733119951 0.07175925925925924 0.16306584362139925
0 0.2141699352709191 0.6714491883859167 0.07137345679012341 0.1651234567901235
0 0.2901700745884774 0.6750466773357721 0.06712962962962964 0.16152263374485598
0 0.3611512988683127 0.6796834514555707 0.057870370370370315 0.16923868312757206
0 0.42366201560356653 0.6796882144490168 0.07330246913580246 0.17438271604938285
0 0.5054414223251028 0.6899586572168876 0.0578703703703704 0.15534979423868317
0 0.5675545481824417 0.6920234148757811 0.05632716049382714 0.16306584362139925
0 0.6412433556241427 0.6812242798353909 0.05709876543209881 0.16666666666666666
0 0.7218736604080934 0.6837972488949855 0.05362654320987635 0.1676954732510288
0 0.7809043852880659 0.6873923563481177 0.057870370370370315 0.16152263374485598
0 0.916708194015775 0.6848160531931108 0.059799382716049364 0.15689300411522636
0 0.06599660279492456 0.8879639155616522 0.035108024691358035 0.11213991769547323
0 0.11576940800754457 0.8930969935985368 0.041280864197530874 0.10030864197530867
0 0.16978711205418381 0.8977247180307879 0.0489969135802469 0.09825102880658455
0 0.23074283050411523 0.9038885078494131 0.04745370370370369 0.08847736625514413
0 0.2866833847736626 0.9038956523395824 0.04629629629629627 0.0961934156378601
0 0.3391656485768175 0.9038870789513793 0.06520061728395067 0.08693415637860084
0 0.4116970486111111 0.9064600480109738 0.06597222222222222 0.08796296296296306
0 0.5069956168552813 0.9136550259106844 0.07368827160493825 0.08076131687242805
0 0.5860760138031549 0.9198221498247218 0.060570987654321035 0.07458847736625523
0 0.6532051075960219 0.9249661827465325 0.05979938271604929 0.07458847736625503
0 0.7184100115740741 0.9198154816338971 0.06597222222222222 0.0673868312757202
0 0.7963383594821674 0.9249537989635727 0.06057098765432095 0.0612139917695473
0 0.8634720078875172 0.928552240512117 0.0663580246913581 0.058641975308642014
0 0.9359873328189301 0.9311209228776101 0.04398148148148143 0.0550411522633745
0 0.022017532578875173 0.8879496265813138 0.03858024691358024 0.09670781893004127
