0 0.24256895539906104 0.608343657624761 0.07394366197183101 0.3914319248826291
0 0.4952204983372457 0.6171198487219615 0.08934859154929582 0.3626760563380282
0 0.41643620402973386 0.6165460354720917 0.0906690140845071 0.3767605633802818
0 0.13079396517996872 0.14939847417840374 0.10387323943661969 0.36443661971830993
0 0.6787595363849764 0.14120316031994437 0.08978873239436622 0.38673708920187794
0 0.2544628447769953 0.15701997478699356 0.08846830985915485 0.3562206572769953
0 0.4142299980438185 0.17639323595896364 0.08274647887323938 0.36384976525821594
0 0.13211041422143976 0.6065852677795165 0.09815140845070426 0.3937793427230048
0 0.6017134927621284 0.12653668927143105 0.058978873239436624 0.3920187793427229
0 0.5123872139084508 0.11306892279603548 0.09110915492957734 0.4242957746478873
0 0.3235640404929578 0.6136210006955313 0.08714788732394368 0.38673708920187794
0 0.5858940972222222 0.6229873065553817 0.09595070422535217 0.36150234741784026
0 0.35963236013302036 0.1740273430707703 0.053697183098591554 0.34389671361502344
0 0.8909113972026604 0.17111697965571207 0.0955105633802816 0.36971830985915494
0 0.7267822647691705 0.6985600330377326 0.15801056338028177 0.2194835680751174
0 0.7773367199726136 0.14766725352112675 0.06910211267605636 0.3961267605633803
0 0.8521337661384976 0.15411232829073207 0.030369718309859194 0.38497652582159614
