0 0.6312130159428795 0.3106030472961224 0.07350352112676062 0.16960093896713613
0 0.7064780174100156 0.308839766997044 0.0748239436619719 0.1666666666666666
0 0.6959403120109546 0.626914884367936 0.11179577464788745 0.16666666666666666
0 0.40104747408059466 0.5876005259954791 0.11399647887323947 0.17194835680751172
0 0.2681194371087637 0.612247326551904 0.10607394366197179 0.17077464788732397
0 0.5577321131651017 0.5717858850634673 0.10607394366197183 0.20481220657277
0 0.41864149305555554 0.30297067901234565 0.09727112676056346 0.16607981220657284
0 0.8807832673122066 0.030109980872891674 0.08846830985915485 0.1948356807511737
0 0.2773608665884194 0.30705475134759175 0.10387323943661977 0.1402582159624413
0 0.8350092307316117 0.6262921665797252 0.08934859154929582 0.12793427230046955
0 0.037463932902973396 0.3105910928534168 0.07482394366197184 0.15669014084507046
0 0.1761150234741784 0.31469527038775863 0.08450704225352114 0.15258215962441316
0 0.4093722491197183 0.054130259954790476 0.059419014084507026 0.15082159624413144
0 0.6946156103286385 0.01246413667188315 0.10563380281690134 0.15140845070422537
0 0.15143718212050075 0.04767649104503564 0.04137323943661973 0.15258215962441316
0 0.4908187842331769 0.029495957224830466 0.08890845070422533 0.16549295774647887
0 0.6338391896517998 0.028326051990958095 0.05237676056338019 0.16960093896713616
0 0.20733384683098588 0.04532907320466006 0.039612676056338045 0.15258215962441316
0 0.13783774696791862 0.5664351851851852 0.10607394366197184 0.13028169014084504
0 0.10609870158450704 0.05001956181533647 0.03565140845070424 0.147887323943662
0 0.8900228628716745 0.32820107372630847 0.08362676056338027 0.16138497652582168
0 0.8187114876760564 0.3363969309685272 0.07130281690140837 0.1396713615023475
0 0.8099248704029733 0.8545894192314379 0.0946302816901408 0.1396713615023475
0 0.6791950924295775 0.8721847287428274 0.08318661971830986 0.12852112676056354
0 0.5669649843505478 0.8663232481307598 0.09154929577464783 0.13615023474178395
0 0.41026628521126757 0.8569254260128675 0.07922535211267609 0.12734741784037537
0 0.006673941216744914 0.8539933272474353 0.10343309859154931 0.12969483568075107
0 0.13035351868153364 0.8844967179620935 0.10343309859154928 0.11561032863849766
0 0.25316045579029733 0.8803903668927144 0.1144366197183099 0.11737089201877916
0 0.5335054161776213 0.40324400104329683 0.07878521126760568 0.0809859154929577
0 0.928745781983568 0.9032586724047992 0.06998239436619731 0.09683098591549298
