0 0.3054968701095462 0.273636106764041 0.05633802816901405 0.17488262910798122
0 0.42037454763302035 0.505457203095114 0.05765845070422534 0.18955399061032865
0 0.57977063771518 0.6526299773952356 0.15140845070422543 0.05164319248826288
0 0.29097283352895154 0.5095483394192314 0.05721830985915493 0.17136150234741795
0 0.2038246405516432 0.5154163406364112 0.056778169014084494 0.17077464788732385
0 0.6079466818270736 0.3187777125717267 0.16153169014084515 0.125
0 0.4406482296557121 0.2671845113893236 0.0968309859154929 0.17899061032863847
0 0.8570336952269172 0.2518072943835854 0.11443661971830986 0.05046948356807514
0 0.0005431460289514867 0.3240588593288124 0.1483274647887324 0.12441314553990608
0 0.5784373777386542 0.5429235133020345 0.13292253521126757 0.08978873239436612
0 0.3649314725156495 0.2578046209354895 0.0787852112676056 0.18955399061032865
0 0.49387592918622847 0.5118946704920883 0.05457746478873244 0.1701877934272301
0 0.0005296972809076682 0.6139231220657277 0.1289612676056338 0.07922535211267592
0 0.16774470608372458 0.2683571335419927 0.07350352112676056 0.17781690140845066
0 0.0005434516823161189 0.2137150060858981 0.1487676056338028 0.10798122065727696
0 0.366228359741784 0.5242110067814292 0.04489436619718311 0.1619718309859155
0 0.627281396713615 0.19194487915145192 0.11619718309859156 0.046948356807511735
0 0.009339849863067294 0.5094690053903669 0.13952464788732397 0.08568075117370892
0 0.6052994180359937 0.2553295079116675 0.15228873239436613 0.05164319248826298
0 0.9067417962636933 0.5000456442357851 0.0743838028169015 0.0492957746478874
0 0.21132904196009386 0.1632351982263954 0.08846830985915494 0.09683098591549298
0 0.5405342209507041 0.2742213310728569 0.059419014084507026 0.17312206572769956
0 0.8565959996087638 0.4043823900191271 0.11795774647887325 0.04284037558685451
0 0.8548329910015652 0.3621196313684576 0.1144366197183097 0.032863849765258246
0 0.40012898571987476 0.7601607329160146 0.058978873239436624 0.198943661971831
0 0.6017535333528952 0.8973455703355938 0.11663732394366196 0.04870892018779342
0 0.2478442268192488 0.8140557077030083 0.06470070422535214 0.09565727699530513
0 0.5872408059467918 0.7711745783342028 0.13380281690140852 0.05164319248826298
0 0.033535064553990614 0.8463196617979482 0.1214788732394366 0.08157276995305172
0 0.5911944322183099 0.8333833246391932 0.1227992957746479 0.05399061032863857
0 0.24475896175665102 0.28360502521300646 0.05853873239436618 0.1666666666666666
0 0.44195795432316126 0.12337310902451748 0.0814260563380281 0.14436619718309857
0 0.8667027337636933 0.30404277516953576 0.09419014084507041 0.05633802816901405
0 0.9023565874413146 0.616287384802643 0.09771126760563378 0.09741784037558684
0 0.9379795701291079 0.8229340549469658 0.05677816901408445 0.17723004694835676
0 0.0018470632824726136 0.789360002608242 0.12455985915492959 0.04401408450704225
0 0.13738262910798124 0.7482910580768561 0.08450704225352114 0.05575117370892018
0 0.32182059370109545 0.17847819944357501 0.11179577464788733 0.08039906103286383
0 0.897516566412363 0.5622495000869413 0.09991197183098595 0.04636150234741794
0 0.0027184810250391236 0.738303664580073 0.11179577464788733 0.04401408450704225
0 0.5299800102699531 0.15855286037210922 0.07262323943661982 0.11032863849765256
0 0.05776084458137715 0.16376825769431405 0.14744718309859153 0.03873239436619719
