0 0.14576975743348983 0.3564521387584768 0.11971830985915495 0.2499999999999999
0 0.5868104460093897 0.32640410363415057 0.14788732394366202 0.12206572769953049
0 0.7637464544209703 0.3353563510693792 0.14700704225352107 0.2834507042253521
0 0.14665523523082943 0.7284776560598157 0.1272007042253521 0.20657276995305163
0 0.5943237113654146 0.4379776343244653 0.19234154929577474 0.198943661971831
0 0.2650778804773083 0.3230324074074074 0.16285211267605632 0.283450704225352
0 0.2619611331181534 0.7225775952008346 0.11135563380281689 0.17253521126760568
0 0.6686647227112676 0.7143779342723005 0.1307218309859154 0.19014084507042261
0 0.24001124804381846 0.00604677447400452 0.19366197183098596 0.19248826291079812
0 0.8420982492175273 0.7231780342549121 0.15669014084507055 0.18720657276995306
0 0.44815538194444443 0.3680599026256303 0.13248239436619724 0.11032863849765262
0 0.60177034428795 0.0006868370718135976 0.1408450704225352 0.107981220657277
0 0.37420835778560246 0.7243593505477307 0.12764084507042264 0.19542253521126768
0 0.6061255990805947 0.7190146278908016 0.07438380281690134 0.12734741784037548
0 0.5040318735328638 0.7319553121196315 0.10167253521126757 0.1596244131455398
0 0.0022862871674491398 0.7208501782298731 0.12323943661971833 0.20833333333333334
0 0.0872298024256651 0.0054930664232307426 0.11795774647887325 0.22828638497652584
0 0.4508057022691706 0.013000999826117196 0.14612676056338028 0.09741784037558684
0 0.8161449163732395 0.007255803338549817 0.17825704225352107 0.2306338028169014
