0 0.6417907619327073 0.2167916449313163 0.09419014084507048 0.261737089201878
0 0.5203109717331768 0.20563706311945748 0.09286971830985927 0.25704225352112675
0 0.3882684125586855 0.18511291514519215 0.09242957746478872 0.27406103286384975
0 0.6083437255477309 0.6065070205181706 0.09947183098591539 0.30927230046948373
0 0.2685549931533646 0.18101036776212834 0.09947183098591551 0.27992957746478875
0 0.3750770246478873 0.6399343592418709 0.11091549295774648 0.28403755868544606
0 0.49698900870500784 0.6516464527908191 0.10079225352112675 0.25704225352112675
0 0.7747151310641627 0.6546013736741436 0.09683098591549298 0.27934272300469476
0 0.7474178403755869 0.21267062250043473 0.08450704225352124 0.24765258215962435
0 0.8887103873239437 0.6399474004520953 0.09507042253521121 0.29812206572769967
0 0.014669833235524258 0.6310060206920536 0.20906690140845072 0.14847417840375585
0 0.283951975743349 0.6492908841940532 0.08802816901408445 0.2482394366197184
0 0.7073427107785601 0.6170475786819685 0.05237676056338035 0.28462441314553993
0 0.08502145686619718 0.10124380542514345 0.10695422535211267 0.32922535211267606
0 0.3420251980633803 0.004155798991479743 0.051496478873239465 0.05164319248826291
0 0.9617407570422535 0.23788254216657972 0.04753521126760552 0.22300469483568078
0 0.6624458993544601 0.0006390193009911321 0.04885563380281697 0.056338028169014086
0 0.29140930653364633 0.0059185359067988165 0.051936619718309866 0.0539906103286385
0 0.604784697769953 0.0035727482177012695 0.04489436619718303 0.055751173708920194
0 0.5022346317488263 0.0012204399234915667 0.04885563380281689 0.05046948356807512
0 0.8477821791862284 0.22674480525126064 0.10211267605633813 0.23650234741784038
0 0.031377763106416275 0.7894436837071814 0.18397887323943662 0.13438967136150234
