0 0.6439627271947873 0.36227566300868774 0.08410493827160508 0.14660493827160492
0 0.7346129115226337 0.3694692120103643 0.06481481481481476 0.13786008230452676
0 0.6381866748113855 0.16992836457857033 0.09992283950617285 0.18930041152263374
0 0.8063799404149521 0.34272833790580703 0.07600308641975302 0.14660493827160498
0 0.9016763653120713 0.3514889117512574 0.0806327160493827 0.16358024691358022
0 0.8357065543552812 0.17144918838591677 0.08410493827160492 0.16512345679012344
0 0.46455600565843624 0.27741197988111566 0.0717592592592592 0.16049382716049387
0 0.3627221043381344 0.30622809023014785 0.0976080246913581 0.17078189300411523
0 0.2867072295096022 0.28203732281664384 0.0806327160493827 0.15586419753086417
0 0.16749882115912207 0.29542895518975765 0.08719135802469137 0.17438271604938269
0 0.07221739969135803 0.34530225956409083 0.10416666666666667 0.14866255144032917
0 0.14937575017146776 0.10973031931108063 0.10108024691358024 0.17541152263374488
0 0.3750616212277092 0.11229852537722908 0.0887345679012346 0.17129629629629628
0 0.29442247513717423 0.10201188843164151 0.07947530864197531 0.17283950617283952
0 0.00043724279835390947 0.3483858215211096 0.07407407407407407 0.1455761316872427
0 0.012035429526748971 0.10512736244474927 0.1087962962962963 0.2042181069958848
0 0.0278661908436214 0.548449169333943 0.1273148148148148 0.10288065843621397
0 0.15597779492455416 0.540745503734187 0.16358024691358022 0.1162551440329218
0 0.31950043938614536 0.5422872847126963 0.08063271604938274 0.11471193415637862
0 0.4059263545953361 0.5361215896966925 0.08950617283950611 0.1224279835390946
0 0.49660734953703706 0.5330394566377077 0.11458333333333341 0.12705761316872433
0 0.6136180234053498 0.5556522443225118 0.2766203703703704 0.10442386831275725
0 0.3738969800240055 0.7145790466392318 0.07831790123456786 0.0787037037037037
0 0.3264210390946502 0.7130358367626884 0.04629629629629627 0.0787037037037038
0 0.13590079518175582 0.716122256515775 0.1415895061728395 0.0787037037037037
0 0.001584201388888889 0.7130458390489254 0.05902777777777777 0.08950617283950624
0 0.06292840149176955 0.7099579903978053 0.06134259259259259 0.08796296296296285
0 0.45690425668724277 0.7130329789666208 0.16435185185185192 0.07561728395061736
0 0.6281493805727023 0.7068687128486512 0.09066358024691357 0.0848765432098765
0 0.7338900677297668 0.7114883401920439 0.1350308641975308 0.07407407407407407
0 0.7519603587962963 0.14572330818472792 0.04513888888888889 0.15895061728395066
0 0.5409499849965707 0.271237711476909 0.07908950617283952 0.15895061728395063
0 0.6678878386488339 0.003678936137783874 0.09182098765432103 0.08436213991769548
0 0.7678106781550069 0.008321425849718032 0.09182098765432095 0.09825102880658436
0 0.5644809885116597 0.0021290580704160953 0.07484567901234579 0.07716049382716049
0 0.8766069744513031 0.0006177602499618961 0.0918209876543211 0.11162551440329219
0 0.91980827760631 0.6950374371284865 0.0794753086419754 0.0848765432098765
