0 0.061232761150234745 0.1257716049382716 0.07658450704225352 0.19953051643192485
0 0.27294906592331775 0.6039753955833769 0.08890845070422529 0.11032863849765251
0 0.4578002738654148 0.11693346809250565 0.07746478873239432 0.16138497652582162
0 0.5480358714788731 0.13042351330203442 0.08714788732394373 0.15316901408450706
0 0.8825450533059468 0.11929066684054948 0.09022887323943662 0.17194835680751172
0 0.6497123801838811 0.1280733785428621 0.0928697183098592 0.1502347417840376
0 0.35525876613849766 0.12339973482872545 0.09375 0.17312206572769953
0 0.14883821156103286 0.1234192966440619 0.10167253521126762 0.19424882629107978
0 0.8429122041275431 0.623353547209181 0.06117957746478864 0.1232394366197184
0 0.14838125978090766 0.36986665362545645 0.07746478873239436 0.16021126760563378
0 0.8099315947769952 0.5159015823335072 0.10431338028169014 0.061032863849765216
0 0.39573888644366195 0.3798388323769779 0.07526408450704222 0.1555164319248826
0 0.47848658793036 0.37984970005216484 0.07702464788732391 0.16725352112676053
0 0.28129431973787167 0.12749141453660234 0.06382042253521125 0.1555164319248826
0 0.5700221293035994 0.3857220483394192 0.05721830985915493 0.1713615023474179
0 0.16643803794992176 0.6063228134237523 0.09330985915492962 0.11032863849765262
0 0.9142043231611894 0.6245332333507216 0.04577464788732392 0.12969483568075116
0 0.7689923831181532 0.11810554686141539 0.09551056338028177 0.15962441314553985
0 0.9626179821987481 0.6233508302903843 0.0431338028169015 0.12030516431924883
0 0.7562206572769954 0.6151354112328291 0.08450704225352107 0.1208920187793427
0 0.9172984521713616 0.7947014649626151 0.06470070422535201 0.1085680751173709
0 0.8565538194444444 0.8815260389497479 0.05721830985915485 0.07629107981220658
0 0.4040853628716745 0.8246462571726656 0.051936619718309866 0.125
0 0.6056778169014083 0.8205149104503565 0.06338028169014089 0.09976525821596233
0 0.6774330007824726 0.8128988436793603 0.0809859154929577 0.11384976525821584
0 0.546250855829421 0.8070178012519562 0.051936619718309866 0.1003521126760563
0 0.7628093212050078 0.81700465136498 0.06514084507042242 0.11150234741784036
0 0.48067812255477305 0.8422002695183447 0.06382042253521121 0.06924882629107983
0 0.32619602161580596 0.8170089984350548 0.07438380281690142 0.11619718309859153
0 0.3631626564945227 0.5946101764910451 0.06690140845070426 0.13673708920187783
0 0.47623239436619713 0.6514084507042254 0.0 0.0
0 0.4467891114045383 0.6022365675534689 0.06646126760563378 0.13380281690140847
0 0.5202880477308294 0.6034108198574162 0.0598591549295775 0.13438967136150223
0 0.5937930971244132 0.6397621065901582 0.0620598591549296 0.09800469483568072
0 0.6646637201682316 0.6473895844201009 0.0735035211267607 0.096244131455399
0 0.4683639598004695 0.776464419231438 0.0779049295774648 0.06044600938967135
0 0.8939908548513301 0.3522550426012867 0.09330985915492959 0.153755868544601
