0 0.2676572892214397 0.18689575725960705 0.07438380281690142 0.29812206572769945
0 0.7465146346830986 0.2039221439749609 0.051496478873239306 0.30633802816901406
0 0.3530440018583725 0.17516410189532255 0.07350352112676058 0.3039906103286385
0 0.6030397227112676 0.1822177664753956 0.06734154929577467 0.3163145539906103
0 0.90760465571205 0.2531766214571379 0.04929577464788745 0.2617370892018779
0 0.44458993544600944 0.17635193879325334 0.06866197183098587 0.3192488262910798
0 0.5145802767996871 0.1822177664753956 0.08010563380281689 0.3163145539906103
0 0.0004893510367762129 0.14936478438532427 0.07086267605633803 0.3280516431924883
0 0.7086557976330203 0.20741392801251957 0.041813380281690134 0.27464788732394363
0 0.06298507188967137 0.1511030690314728 0.06470070422535211 0.30399061032863844
0 0.6663967747456965 0.20448400278212486 0.0338908450704225 0.27934272300469487
0 0.9485417277973397 0.25727916884020174 0.05501760563380284 0.255868544600939
0 0.829270894464006 0.21272930794644412 0.06558098591549313 0.3110328638497652
0 0.9243373435054774 0.6275859633107286 0.05985915492957743 0.25762910798122063
0 0.8530406396713616 0.6070759433142063 0.0686619718309858 0.28990610328638483
0 0.6862287876564945 0.5555071944009736 0.07086267605633804 0.3703051643192489
0 0.6140472173317684 0.5555001304121022 0.07306338028169021 0.3626760563380283
0 0.23111551251956183 0.5724547904712224 0.0598591549295775 0.2934272300469484
0 0.3002050934076682 0.5659939575725961 0.041813380281690134 0.2875586854460095
0 0.32839366930751174 0.5929936098069901 0.06998239436619716 0.29225352112676056
0 0.39177547926447576 0.5795252999478352 0.07218309859154926 0.323943661971831
0 0.469241184956964 0.5889030168666318 0.07350352112676062 0.3110328638497652
0 0.5449282937206573 0.5677795166058076 0.04885563380281689 0.3145539906103286
0 0.18448045041079808 0.25541862284820027 0.08846830985915498 0.14788732394366202
0 0.1299213248239437 0.3328578725439054 0.11487676056338027 0.12030516431924877
0 0.7223142238849766 0.00185782907320466 0.0620598591549296 0.10504694835680752
0 0.6386929650821597 0.001855112154407929 0.06998239436619716 0.10211267605633803
0 0.507093603286385 0.0006797730829420971 0.07394366197183101 0.10035211267605634
0 0.1536473616001565 0.0006645583376804035 0.0550176056338028 0.08392018779342723
0 0.2148333577856025 0.0006699921752738655 0.06426056338028169 0.08978873239436619
0 0.34291923415492953 0.0006672752564771345 0.07130281690140852 0.08685446009389672
0 0.08014934223395932 0.0006585811163275952 0.06294014084507041 0.07746478873239437
0 0.02908230633802817 0.003007085724221874 0.047535211267605626 0.07863849765258216
