0 0.5907915810837245 0.5783890845070423 0.17649647887323947 0.3644366197183098
0 0.39450282423708916 0.573122609111459 0.19674295774647893 0.3808685446009389
0 0.21139200655320814 0.5637372848200314 0.179137323943662 0.38556338028169007
0 0.060910602503912364 0.09071357155277342 0.24647887323943662 0.3650234741784038
0 0.6326217723004695 0.0983475699878282 0.20070422535211271 0.37030516431924876
0 0.3077752102895149 0.09129227525647712 0.16813380281690138 0.3562206572769953
0 0.8425390013693271 0.05204203616762302 0.1575704225352112 0.43075117370892024
0 0.04764555213223787 0.5584463571552772 0.15889084507042253 0.3755868544600939
0 0.42883014231220656 0.11651723613284647 0.19146126760563378 0.3456572769953052
0 0.7932731807511737 0.5860312336984872 0.20070422535211271 0.3785211267605633
