0 0.4987523229655712 0.6380124108850634 0.10475352112676053 0.10974178403755865
0 0.3763870549687012 0.6239523561119805 0.0959507042253521 0.13615023474178395
0 0.44327654293818464 0.21427632150930276 0.07878521126760568 0.0803990610328638
0 0.44635844581377154 0.34629140584246215 0.08010563380281689 0.05105633802816901
0 0.19459849374021906 0.15675262997739522 0.08098591549295774 0.06748826291079811
0 0.3702058269757433 0.36509791775343414 0.06822183098591555 0.08039906103286387
0 0.5330747505868546 0.3298698052512607 0.09242957746478864 0.06220657276995307
0 0.37023119620500783 0.7541628629803513 0.10475352112676062 0.05927230046948361
0 0.7813047119522691 0.19018377238741088 0.07878521126760568 0.046361502347417864
0 0.5352730095852896 0.1843174013215093 0.08890845070422533 0.04870892018779345
0 0.7830683318661973 0.13443205529473135 0.0831866197183097 0.04577464788732394
0 0.28438203002738655 0.21719863936706657 0.07350352112676058 0.06748826291079808
0 0.4991900185837245 0.7559201660580769 0.10123239436619724 0.055751173708920077
0 0.665553477112676 0.11683457224830465 0.08714788732394373 0.054577464788732384
0 0.18580240121283254 0.7395056294557468 0.09066901408450706 0.07453051643192486
0 0.5379150772691705 0.11977971222396107 0.09066901408450702 0.06631455399061031
0 0.7258591916079812 0.36508052947313513 0.09639084507042257 0.0616197183098592
0 0.3644864412167449 0.21837397843853243 0.07174295774647885 0.0692488262910798
0 0.5313099080594679 0.062256020692053556 0.08626760563380284 0.05340375586854461
0 0.6668702318075117 0.17669644409667884 0.08186619718309866 0.05751173708920187
0 0.6303370133998436 0.3609682011824031 0.07966549295774633 0.05692488262910797
0 0.6158230633802817 0.6685185185185185 0.09507042253521121 0.09859154929577459
0 0.1294420603482003 0.11390247348287255 0.058538732394366216 0.05692488262910797
0 0.1761254156885759 0.6303784124500088 0.09947183098591549 0.1044600938967135
0 0.7874575141823161 0.24711028516779693 0.06558098591549298 0.0481220657276995
0 0.7826333871283255 0.06870435576421494 0.09066901408450702 0.04577464788732394
0 0.8600883949530517 0.3920497522170057 0.07658450704225352 0.03345070422535212
0 0.8746121258802818 0.23244816118935835 0.0752640845070423 0.05809859154929579
0 0.8640499682120499 0.3327997304816554 0.07702464788732408 0.05751173708920184
0 0.9058642654538341 0.7700236915319075 0.07834507042253512 0.07629107981220647
0 0.6048311570813772 0.7729307946444097 0.11179577464788722 0.04694835680751181
0 0.38385783450704225 0.818712506520605 0.07922535211267609 0.05457746478873244
0 0.5013849153951487 0.8163607416101548 0.09286971830985911 0.04988262910798116
0 0.10260324970657275 0.7330556642323074 0.07262323943661972 0.08039906103286387
0 0.007980609350547731 0.6110165623369849 0.08362676056338028 0.10915492957746477
0 0.7126519097222223 0.6685337332637803 0.0919894366197184 0.11502347417840379
0 0.027784807805164322 0.06459583115979829 0.08054577464788731 0.04518779342723005
0 0.024710546263693272 0.11272496087636934 0.09022887323943662 0.052816901408450696
0 0.03218774452269171 0.16847776473656756 0.08274647887323944 0.054577464788732384
0 0.04538952464788732 0.22893029473135107 0.07922535211267606 0.06161971830985914
0 0.11801276408450705 0.17023506781429318 0.07922535211267605 0.05105633802816898
0 0.1290065043035994 0.22718222917753436 0.06514084507042253 0.07511737089201875
0 0.19943729215571204 0.22131096765779865 0.07702464788732395 0.07218309859154932
0 0.279977565043036 0.1567461093722831 0.06910211267605632 0.06044600938967135
0 0.27645429870892024 0.09101406277169188 0.06602112676056338 0.05575117370892021
0 0.3424861233372457 0.08633172491740566 0.08142605633802814 0.06924882629107983
0 0.3570052694640063 0.1438499826117197 0.07350352112676053 0.0762910798122066
0 0.4362345950704225 0.0792916449313163 0.079225352112676 0.0715962441314554
0 0.439313441412363 0.1467842549121892 0.07614436619718302 0.07629107981220655
0 0.5383497163536776 0.2347890584246218 0.08274647887323947 0.05105633802816901
0 0.6659936179577464 0.23303447226569293 0.08714788732394373 0.05751173708920187
0 0.8829735793231611 0.08925893322900365 0.07350352112676053 0.06161971830985917
0 0.8838495818661973 0.1596830985915493 0.06734154929577459 0.06338028169014083
0 0.00047895882237871675 0.3768083811511041 0.055897887323943664 0.05164319248826298
0 0.0026851648082942096 0.43724732655190407 0.06382042253521127 0.04401408450704225
0 0.0035709482589984355 0.487139193183794 0.07174295774647886 0.05399061032863857
0 0.05770491001564945 0.37856568422882975 0.06690140845070422 0.04812206572769955
0 0.06518516480829421 0.42845103025560777 0.06382042253521128 0.05105633802816895
0 0.07839489192097028 0.4783472439575726 0.07174295774647886 0.0657276995305164
0 0.13033365121283255 0.37270148669796554 0.07482394366197183 0.052816901408450724
0 0.15013754401408452 0.43138530255607715 0.07130281690140844 0.05105633802816911
0 0.1510211878912363 0.48537373934967826 0.07614436619718311 0.04870892018779353
0 0.21176031885759 0.35041623195965915 0.07570422535211271 0.06924882629107983
0 0.22143761003521126 0.4237594548774126 0.06734154929577467 0.05457746478873244
0 0.23155290248435056 0.47833909320118245 0.055897887323943685 0.05692488262910792
0 0.2865836512128325 0.35921904886106765 0.07482394366197183 0.06924882629107983
0 0.28658579078638496 0.4266991610154756 0.0779049295774648 0.0604460093896713
0 0.2918622848200313 0.48421470179099285 0.07042253521126764 0.06455399061032865
0 0.36800726232394365 0.444297730829421 0.07130281690140844 0.052816901408450724
0 0.3636058538732394 0.4941792731698836 0.07130281690140844 0.05164319248826288
0 0.4472326144366197 0.3991072204833942 0.07130281690140844 0.04988262910798121
0 0.4516340228873239 0.4501581246739697 0.07130281690140852 0.044014084507042354
0 0.45163646811424096 0.4929995870283429 0.07482394366197183 0.04518779342722999
0 0.5352693417449139 0.3991083072509129 0.08362676056338035 0.05105633802816895
0 0.5383466598200313 0.450155407755173 0.07834507042253527 0.041079812206572794
0 0.5383451315532081 0.4971091984002783 0.07614436619718311 0.04694835680751171
0 0.6263809419014085 0.41963897583029036 0.08714788732394357 0.041079812206572794
0 0.6263769684076682 0.4648267692575204 0.0814260563380281 0.04107981220657285
0 0.6307716524843505 0.5059027777777778 0.07174295774647893 0.0369718309859155
0 0.7210188649256652 0.42257596504955663 0.09815140845070418 0.04401408450704225
0 0.7179277924491394 0.4677610415579899 0.08362676056338011 0.041079812206572794
0 0.7223261443661971 0.5135329725265171 0.07922535211267592 0.03814553990610323
0 0.8499654611697967 0.4255129542688228 0.07702464788732391 0.04694835680751176
0 0.8521591353677621 0.46952160493827166 0.06690140845070434 0.04107981220657269
0 0.8486358690336462 0.5117767562163101 0.06382042253521136 0.042840375586854405
0 0.9410608616979655 0.37094364023648063 0.05721830985915485 0.05575117370892018
0 0.9423788390062597 0.42668014258389847 0.05369718309859163 0.03990610328638495
0 0.9366618984741785 0.4695199747869936 0.06073943661971823 0.03931924882629108
0 0.9313792913732395 0.5076709485306903 0.059419014084507026 0.045187793427230095
0 0.9036718138693272 0.6497592809946096 0.09022887323943662 0.12030516431924894
0 0.8807744033646323 0.834558663710659 0.07570422535211255 0.055751173708920285
0 0.7209934956964007 0.7905472961224135 0.06161971830985904 0.058685446009389526
0 0.5999847173317684 0.8198710006955312 0.10475352112676062 0.03814553990610323
0 0.6145029464984351 0.8627015953747174 0.0955105633802816 0.02758215962441326
0 0.2698699139280125 0.6485692705616415 0.0915492957746479 0.10269953051643188
0 0.27866050469483566 0.7483073595896366 0.07394366197183101 0.07335680751173712
0 0.2808642654538341 0.819886215440793 0.07834507042253525 0.054577464788732336
0 0.19283670774647887 0.8216342809946097 0.07922535211267605 0.04107981220657269
0 0.07841170285602506 0.6526582333507217 0.0959507042253521 0.08215962441314549
0 0.11359760123239437 0.8011063293340288 0.059419014084507046 0.053990610328638465
0 0.020300579518779345 0.7189630064336637 0.07790492957746478 0.0715962441314554
0 0.033505721830985914 0.7923062293514173 0.07922535211267606 0.05692488262910781
