0 0.5054856288580247 0.799500361987502 0.12152777777777778 0.12705761316872433
0 0.4896621013374486 0.5767889803383629 0.11342592592592596 0.15432098765432106
0 0.3739221643518519 0.5875747789971041 0.11458333333333333 0.1363168724279835
0 0.19683588391632378 0.7722650891632373 0.11033950617283944 0.1574074074074073
0 0.2990582668895748 0.7691729538180155 0.08834876543209877 0.1512345679012346
0 0.39085112311385456 0.7691405654625819 0.047839506172839524 0.1162551440329218
0 0.44525248628257885 0.7737549535131839 0.052469135802469126 0.09979423868312762
0 0.17870156035665297 0.33351385078494133 0.10802469135802473 0.1949588477366256
0 0.2901746292009602 0.33660169943606155 0.0736882716049383 0.19650205761316872
0 0.003932238082990398 0.5181736777930194 0.1068672839506173 0.18312757201646096
0 0.2674430941358025 0.06090296829751562 0.11805555555555555 0.21965020576131689
0 0.3885764960562414 0.04292266803840879 0.10570987654320985 0.24537037037037038
0 0.5000795717592593 0.04601004039018442 0.11458333333333333 0.24639917695473249
0 0.622337159207819 0.06862568587105623 0.0543981481481481 0.2268518518518519
0 0.6860119813100137 0.07477328151196462 0.07947530864197531 0.19958847736625518
0 0.7677940672153636 0.07787113244932176 0.0679012345679011 0.21193415637860083
0 0.8449508101851853 0.08815776939490931 0.0625 0.21039094650205756
0 0.1763685270919067 0.05370656149977138 0.08179012345679014 0.22530864197530862
0 0.00512661822702332 0.06715153939948179 0.16010802469135804 0.301440329218107
0 0.06989481524348423 0.7598874980948026 0.09297839506172842 0.12294238683127577
0 0.1856915509259259 0.5844869303459838 0.17361111111111116 0.13477366255144033
0 0.376196791409465 0.3365807422648986 0.05671296296296294 0.17386831275720163
0 0.4398721493484225 0.3412313290656912 0.08256172839506175 0.1965020576131687
0 0.5247741448045267 0.3381420515165371 0.11921296296296294 0.19341563786008223
0 0.6497733410493827 0.353037837219936 0.11805555555555564 0.169753086419753
0 0.7789919838820303 0.363827446273434 0.08179012345679 0.15586419753086422
0 0.8688767253943758 0.3607238797439415 0.0713734567901235 0.1373456790123457
0 0.9402408050411524 0.35763936518823347 0.057870370370370315 0.13940329218106995
0 0.912097586591221 0.14573188157293093 0.08719135802469127 0.16820987654320987
0 0.8889448838305899 0.5618812871513489 0.0806327160493827 0.16512345679012339
0 0.7608766825274349 0.7902496761164456 0.1068672839506173 0.1363168724279837
0 0.869670567558299 0.769189624295077 0.10339506172839508 0.16923868312757195
0 0.6351356202846365 0.5844364426154549 0.1508487654320988 0.08024691358024698
