0 0.04890178746087637 0.46447085289514867 0.06646126760563381 0.2904929577464789
0 0.16288909673317684 0.08594103199443574 0.05325704225352113 0.28110328638497656
0 0.6320841280320814 0.10763943227264823 0.06029929577464791 0.2646713615023474
0 0.6140337685837245 0.4727139845244306 0.05369718309859163 0.31983568075117375
0 0.36183428697183095 0.10469103199443575 0.05545774647887324 0.24941314553990607
0 0.2812875953638498 0.4574470744218397 0.054137323943662 0.3104460093896713
0 0.6804910626956181 0.4779755694661798 0.04797535211267608 0.29812206572769967
0 0.48023064602895155 0.47446694053208144 0.05325704225352108 0.3116197183098592
0 0.7817292644757433 0.17504890453834115 0.05633802816901405 0.17957746478873238
0 0.04756485964397496 0.1023381803164667 0.04269366197183099 0.24354460093896715
0 0.28481605780516434 0.08770594244479221 0.06470070422535214 0.28579812206572774
0 0.7108687279929577 0.16217342636063295 0.05941901408450694 0.2177230046948357
0 0.34994712196791866 0.45920492088332465 0.05061619718309858 0.3075117370892018
0 0.21306882091158058 0.4662379368805425 0.05853873239436618 0.2975352112676056
0 0.5444881528755868 0.4668400060858981 0.04885563380281697 0.31396713615023475
0 0.23638956132629108 0.0876869240132151 0.048855633802816927 0.26525821596244137
0 0.09290395148669796 0.10469374891323248 0.049295774647887314 0.25234741784037557
0 0.5620965375586855 0.08652190923317683 0.05281690140845067 0.2746478873239437
0 0.49343456572769956 0.08241175447748218 0.05281690140845075 0.27230046948356806
0 0.16508674442488264 0.4632846461484959 0.04885563380281689 0.2769953051643193
0 0.4199301276408451 0.4697742783863676 0.051496478873239465 0.3139671361502348
0 0.4392911287167449 0.12403060337332637 0.04401408450704222 0.22065727699530518
0 0.0022337147887323944 0.45626901843157713 0.04753521126760564 0.3057511737089202
0 0.00046642703442879505 0.10352764736567555 0.037852112676056336 0.2605633802816901
0 0.7421132262323945 0.44923763258563726 0.051496478873239465 0.3174882629107981
0 0.9009945960485133 0.05134324465310381 0.03785211267605636 0.3098591549295775
0 0.9564584555946791 0.08126630151278039 0.04665492957746488 0.3028169014084507
0 0.06693411336071987 0.8252776691010258 0.04709507042253522 0.17312206572769945
0 0.17961597711267605 0.8557614980003477 0.05545774647887324 0.1379107981220659
0 0.4890319346635368 0.8499070813771519 0.051056338028169064 0.15316901408450703
0 0.43489033157276985 0.8581061989219266 0.04489436619718311 0.1349765258215963
0 0.3644711585485133 0.8639671361502348 0.04973591549295778 0.1267605633802816
0 0.30197299246870113 0.8510769866110243 0.05237676056338027 0.14906103286384972
0 0.2385881259780907 0.8469717223091636 0.04577464788732395 0.15199530516431928
0 0.7042580570226916 0.8786325204312293 0.047095070422535204 0.12030516431924894
0 0.6325190727699531 0.8669187967310034 0.05281690140845075 0.14553990610328618
0 0.006186118446791862 0.8276267170926795 0.034771126760563376 0.17488262910798105
0 0.5660519977503912 0.87922209181012 0.04445422535211263 0.12323943661971817
0 0.9700881504303598 0.49910124326204136 0.02552816901408461 0.2969483568075118
