0 0.494271369170096 0.19097317482091145 0.084104938271605 0.13991769547325103
0 0.7384945130315501 0.18940710257582685 0.09876543209876555 0.11522633744855969
0 0.2492768882887517 0.1776053574150282 0.06983024691358028 0.14711934156378598
0 0.8484224965706447 0.17604642966011277 0.06172839506172825 0.13014403292181068
0 0.3951147762345679 0.18481033760097548 0.0763888888888889 0.1507201646090535
0 0.9132421339163238 0.5844254877305288 0.06867283950617285 0.06841563786008233
0 0.49348100994513033 0.4322621361073007 0.05709876543209881 0.17644032921810698
0 0.15515287422839505 0.6591287532388356 0.08680555555555555 0.1923868312757201
0 0.07450729809670781 0.6632439795762841 0.06828703703703703 0.1923868312757201
0 0.9460251628943758 0.20896490626428896 0.05401234567901238 0.12654320987654322
0 0.3310562950102881 0.2634464067977442 0.05439814814814813 0.07767489711934158
0 0.05292272162208505 0.37932098765432093 0.09760802469135801 0.22222222222222227
0 0.6709571116255144 0.2150886869379668 0.06712962962962968 0.07355967078189302
0 0.37431037808641976 0.4045062680993751 0.11805555555555555 0.20010288065843615
0 0.0004388503086419753 0.29016965782655085 0.07638888888888888 0.04989711934156376
0 0.00043965406378600826 0.2238159198292943 0.0775462962962963 0.05452674897119341
0 0.798300593707133 0.5438471650663009 0.10841049382716048 0.13271604938271608
0 0.47689927340534977 0.74187766727633 0.06828703703703698 0.11676954732510275
0 0.8484409829389575 0.4321411560737692 0.08834876543209873 0.04578189300411524
0 0.35267061042524006 0.10759078265508307 0.06790123456790123 0.08693415637860082
0 0.6995196223422496 0.573611111111111 0.08603395061728397 0.055555555555555663
0 0.3137048289609053 0.17600546791647614 0.06828703703703706 0.08590534979423868
0 0.7102961033950618 0.9249652301478434 0.04861111111111111 0.0735596707818929
0 0.3465242948388203 0.6581185223289132 0.10609567901234568 0.2124485596707819
0 0.6875656400034293 0.6322473708276178 0.09452160493827158 0.049382716049382644
0 0.748523769718793 0.8004615340649291 0.09645061728395063 0.05401234567901227
0 0.2600932891803841 0.9290504496265813 0.08989197530864199 0.04115226337448561
0 0.14282032321673524 0.4897624218869075 0.10570987654320987 0.05452674897119344
0 0.23811112182784638 0.6807451226947112 0.10223765432098766 0.20473251028806583
0 0.00041741683813443077 0.8467392546867855 0.04552469135802469 0.033950617283950685
0 0.3881898898319616 0.9321368693796678 0.10455246913580246 0.04115226337448551
0 0.01199497385116598 0.9177712048468223 0.05054012345679012 0.08179012345678995
0 0.00041741683813443077 0.44203389346136257 0.04552469135802469 0.17438271604938269
0 0.08105227623456791 0.9229109510745312 0.0486111111111111 0.07716049382716053
0 0.005436063957475994 0.6847908093278464 0.05015432098765433 0.12962962962962962
0 0.8642497749485596 0.8050787799115988 0.0752314814814816 0.040637860082304446
0 0.8538515946502058 0.9450093354671544 0.1018518518518519 0.054526748971193334
0 0.25432500643004113 0.40091258954427683 0.11689814814814817 0.20781893004115218
0 0.6153870884773662 0.1703751333638165 0.04629629629629627 0.11625514403292182
0 0.7612356931584361 0.4234072549916171 0.06828703703703698 0.05761316872427989
0 0.09539126800411522 0.23260983462886756 0.1412037037037037 0.10751028806584362
0 0.760081500771605 0.9131420515165372 0.07291666666666667 0.08230452674897122
0 0.5023523233882029 0.9393537570492303 0.05401234567901238 0.05761316872427989
0 0.9487233689128943 0.3869212962962963 0.05054012345679016 0.09722222222222228
