0 0.3924211248285322 0.15143890032007315 0.08641975308641976 0.22067901234567897
0 0.48733121141975316 0.17096955494589242 0.09027777777777769 0.20267489711934153
0 0.584935217335391 0.45284493598536807 0.08449074074074071 0.18364197530864196
0 0.682152617026749 0.4662084666971499 0.07754629629629627 0.17181069958847736
0 0.1165870949074074 0.43068796677335774 0.1076388888888889 0.14300411522633735
0 0.3075402949245542 0.17658655311690288 0.08024691358024687 0.15792181069958852
0 0.5945762602880659 0.13604157140679773 0.07870370370370365 0.25823045267489714
0 0.6879420653292181 0.1771290580704161 0.08101851851851849 0.18827160493827155
0 0.25239277906378604 0.4415190138698369 0.11226851851851849 0.17386831275720163
0 0.18717260373799727 0.15291971498247217 0.08410493827160492 0.15329218106995884
0 0.4012868119855968 0.45951693720469444 0.07523148148148143 0.16718106995884768
0 0.0668041087962963 0.16370741883859172 0.08680555555555554 0.13734567901234565
0 0.011246945730452675 0.41113397347965247 0.08449074074074073 0.1358024691358025
0 0.5231880679869685 0.4409560280445054 0.057484567901234525 0.12139917695473249
0 0.8534215856481481 0.13340906492912666 0.03819444444444445 0.19290123456790123
0 0.8700402949245541 0.42047467992684046 0.08024691358024698 0.2237654320987654
0 0.7805282278806586 0.44718697607072094 0.0717592592592592 0.18415637860082312
0 0.7820727773491083 0.141151787075141 0.07368827160493825 0.22170781893004116
0 0.876212330675583 0.12314481405273586 0.07908950617283952 0.21862139917695475
0 0.4391018840020577 0.7537584781283341 0.08449074074074063 0.17026748971193406
0 0.621955911351166 0.7574026444139613 0.06095679012345675 0.21707818930041142
0 0.31256992669753086 0.7727828265508306 0.10069444444444445 0.16100823045267504
0 0.689102151920439 0.7594431108062796 0.08487654320987659 0.1985596707818929
0 0.15979268475651576 0.7691438995579941 0.1014660493827161 0.11985596707818931
0 0.0251529813957476 0.7619351089772901 0.1091820987654321 0.11213991769547323
0 0.5440208654835391 0.7841459000152416 0.05671296296296294 0.21090534979423872
0 0.8561548889746228 0.7414170858100899 0.08526234567901222 0.17489711934156382
0 0.9556613833161864 0.436397367017223 0.04128086419753079 0.1980452674897119
0 0.9691556284293551 0.12165209190672155 0.028549382716049523 0.27314814814814814
0 0.0011906292866941015 0.12257754153330286 0.047839506172839504 0.16152263374485593
0 0.7847482103052127 0.7460448102423411 0.03742283950617286 0.17283950617283958
