0 0.01893111282578875 0.25006287151348877 0.038580246913580245 0.06790123456790127
0 0.056365740740740744 0.2382358824874257 0.05555555555555555 0.07253086419753085
0 0.13120659722222222 0.23360768175582988 0.04861111111111109 0.0740740740740741
0 0.18329877186213994 0.21974689452827312 0.06134259259259258 0.1044238683127572
0 0.25466901363168726 0.21664951989026063 0.05671296296296298 0.09259259259259262
0 0.31833365483539094 0.2228094993141289 0.06712962962962964 0.0787037037037037
0 0.40590492112482857 0.21972450845907637 0.058641975308641986 0.08024691358024688
0 0.4680226015946502 0.21407131153787534 0.06365740740740738 0.08590534979423865
0 0.5486593364197532 0.21818844307270235 0.06944444444444436 0.08796296296296294
0 0.616950124314129 0.2032745579942082 0.07484567901234572 0.09207818930041153
0 0.6971948945473251 0.20635811995122694 0.0717592592592592 0.08899176954732513
0 0.7836119684499313 0.20173277701569883 0.06790123456790127 0.09362139917695476
0 0.956046917866941 0.19864635726261243 0.04089506172839508 0.09362139917695471
0 0.0007975930212620028 0.3894814052735863 0.03742283950617284 0.0843621399176955
0 0.060600994513031546 0.39411389269928365 0.04320987654320989 0.08744855967078191
0 0.10613506301440329 0.39256496723060513 0.05671296296296298 0.08127572016460904
0 0.19446989669067216 0.39976708962048474 0.03665123456790123 0.08179012345679011
0 0.2288264103223594 0.3848617779301936 0.06558641975308643 0.09516460905349794
0 0.3160132137345679 0.3925635383325713 0.059027777777777776 0.07973251028806581
0 0.3908645190329218 0.39822673754000915 0.06712962962962968 0.0848765432098765
0 0.46378574031207137 0.39411532159731744 0.07368827160493825 0.08899176954732509
0 0.5417173032407407 0.39668495656149977 0.07291666666666667 0.08641975308641973
0 0.6211893968621399 0.39411532159731744 0.06828703703703698 0.08899176954732509
0 0.6971978416495199 0.3951474622770919 0.07600308641975302 0.09259259259259259
0 0.781306798696845 0.3879481976832799 0.08179012345679015 0.09516460905349794
0 0.9209547003600823 0.39977709190672156 0.06365740740740745 0.09259259259259264
0 0.0007887517146776406 0.5494584476451762 0.024691358024691353 0.08179012345679015
0 0.03128616898148148 0.5571830704160952 0.052083333333333336 0.09104938271604932
0 0.08916216563786007 0.5633401920438956 0.060185185185185196 0.07407407407407418
0 0.17748655049725653 0.5679669638774577 0.025077160493827164 0.07098765432098772
0 0.2014363104423868 0.5664418533760097 0.06828703703703702 0.09053497942386836
0 0.29209185313786007 0.5648986434994665 0.05671296296296298 0.09053497942386825
0 0.359227109053498 0.571065767413504 0.06481481481481476 0.08436213991769545
0 0.4340757351680384 0.5726175506782504 0.06905864197530866 0.09362139917695471
0 0.5123914930555555 0.5726075483920134 0.06597222222222222 0.08281893004115216
0 0.5837673611111112 0.579809670781893 0.06944444444444445 0.08333333333333333
0 0.6586138438786008 0.579818244170096 0.0706018518518519 0.09259259259259259
0 0.7357767489711934 0.5828960905349795 0.07407407407407413 0.08333333333333333
0 0.8052051183127572 0.5602680612711477 0.050925925925925875 0.08950617283950614
0 0.9209608624828531 0.5782707475994513 0.07253086419753095 0.08796296296296297
0 0.023179762517146773 0.7037808641975309 0.04552469135802469 0.08333333333333344
0 0.014299071930727021 0.8144028158817254 0.03510802469135803 0.11059670781893005
0 0.0710230195473251 0.7027572969059594 0.05092592592592592 0.08899176954732509
0 0.04942290380658436 0.8174920934308795 0.05787037037037038 0.1136831275720164
0 0.12310420953360768 0.7068729995427526 0.047839506172839504 0.08950617283950614
0 0.12310715663580248 0.8252038561194939 0.052083333333333336 0.10905349794238678
0 0.17866592721193417 0.7146114349946654 0.05671296296296294 0.11368312757201651
0 0.1763425390089163 0.8282940862673372 0.04436728395061728 0.11316872427983535
0 0.221875 0.8370351318396586 0.05555555555555552 0.10905349794238678
0 0.2739599408436214 0.7238787913427831 0.057870370370370315 0.1224279835390947
0 0.27742894804526746 0.8478361720774272 0.053240740740740755 0.1075102880658437
0 0.33529235253772294 0.7285069920743789 0.04320987654320984 0.12088477366255153
0 0.33066995670438953 0.8509211629324799 0.05362654320987651 0.10596707818930032
0 0.37735902134773663 0.7208023738759335 0.06365740740740738 0.13323045267489725
0 0.3842986432613168 0.8555588896509677 0.056712962962963014 0.11471193415637873
0 0.445255701303155 0.8596745922877611 0.05709876543209873 0.11522633744855969
0 0.4444790059156378 0.7176907102575827 0.04976851851851849 0.10596707818930032
0 0.5023525913065843 0.7434218297515623 0.054398148148148175 0.11779835390946497
0 0.5054352602023319 0.8596774500838288 0.048996913580246985 0.11831275720164604
0 0.5590693051268861 0.8581399557994209 0.059799382716049364 0.12448559670781884
0 0.6188579711076817 0.7449693263222069 0.0443672839506173 0.1224279835390946
0 0.6234867969821672 0.8673987387593354 0.04320987654320992 0.12397119341563799
0 0.6701790766460904 0.7495975270538028 0.05787037037037056 0.12088477366255143
0 0.6690232767489712 0.8735687204694407 0.06018518518518516 0.12088477366255143
0 0.7292084619341564 0.8674015965554032 0.06018518518518524 0.12705761316872433
0 0.7403911072530863 0.7567839315653101 0.052083333333333336 0.10442386831275725
0 0.7971064814814816 0.7598817825026672 0.05555555555555555 0.11676954732510286
0 0.7936329196673526 0.8781940634049689 0.05362654320987651 0.1162551440329218
0 0.9402421446330589 0.8612392356348118 0.059799382716049364 0.13837448559670773
0 0.9062711655521262 0.7598832114007011 0.030478395061728412 0.11831275720164613
0 0.9062714334705076 0.8781993026977595 0.030864197530864286 0.12191358024691354
