0 0.2716689707647462 0.1380186899862826 0.09220679012345682 0.1712962962962963
0 0.3774016203703704 0.13544476832799876 0.12499999999999992 0.16923868312757204
0 0.5205271026234567 0.15193091754305746 0.11458333333333341 0.19650205761316875
0 0.14475469393004115 0.14576379362901995 0.11342592592592593 0.2026748971193416
0 0.049452106910150895 0.1380453627495809 0.09992283950617284 0.20010288065843618
0 0.5023951903292181 0.475462962962963 0.1157407407407408 0.16666666666666657
0 0.38200901277434846 0.4590087258039933 0.09297839506172842 0.17386831275720163
0 0.27398592892661183 0.45591849565615 0.09529320987654318 0.16975308641975306
0 0.15400913065843622 0.46671191510440485 0.10648148148148148 0.1599794238683127
0 0.07682666752400548 0.4512941053193111 0.07484567901234569 0.17541152263374482
0 0.0015866126543209876 0.4394909312604786 0.0625 0.20576131687242794
0 0.3785461676954733 0.7542885992988875 0.10648148148148151 0.18724279835390942
0 0.5147328317901234 0.7543028882792258 0.10416666666666667 0.20267489711934147
0 0.28439938057270236 0.7357186404511508 0.09066358024691357 0.13168724279835387
0 0.16982167352537722 0.7403692272519433 0.09876543209876544 0.15432098765432106
0 0.0710562414266118 0.7285279492455418 0.09876543209876544 0.14351851851851852
0 0.0015874164094650206 0.7146519204389574 0.0636574074074074 0.1574074074074074
0 0.8870046189128944 0.19563185871056243 0.06442901234567905 0.17129629629629628
0 0.809848143861454 0.13961238759335468 0.07021604938271603 0.22582304526748967
0 0.6428114819101509 0.15657197835695777 0.09297839506172834 0.20884773662551437
0 0.9309879758230453 0.4863311614083219 0.06712962962962953 0.2376543209876543
0 0.9448672196502056 0.7872289856729159 0.0532407407407408 0.20730452674897112
0 0.7007474922839506 0.49832247370827626 0.1875 0.41049382716049376
0 0.6918748392489712 0.9141741921963115 0.18865740740740738 0.08590534979423874
0 0.6292917845507545 0.48165533074226485 0.06905864197530866 0.18775720164609058
0 0.630444637345679 0.7553516994360615 0.0625 0.22427983539094656
