0 0.21665658010563377 0.0007438923665449488 0.15448943661971834 0.16960093896713618
0 0.4265796165884195 0.02127021387584768 0.11971830985915494 0.15492957746478875
0 0.6589480022496087 0.003098917579551382 0.08230633802816899 0.1778169014084507
0 0.7447714935446009 0.0007520431229351418 0.07658450704225367 0.1784037558685446
0 0.8283912240805948 0.001927382194400974 0.06646126760563378 0.18016431924882628
0 0.9106929773082942 0.001927382194400974 0.059859154929577586 0.18016431924882628
0 0.21577629841549292 0.2559620066075465 0.1544894366197183 0.10093896713615022
0 0.18718303746087636 0.35807739958268126 0.1773767605633803 0.10387323943661973
0 0.3711344018974961 0.2619169492262215 0.1377640845070423 0.1942488262910798
0 0.516823466842723 0.3510307989914797 0.14128521126760576 0.0991784037558685
0 0.6659887275039124 0.27716810119979135 0.08010563380281698 0.18661971830985916
0 0.7469621112089202 0.29065760302556076 0.0620598591549296 0.17781690140845066
0 0.8046395124217527 0.23964962615197358 0.08934859154929566 0.23004694835680753
0 0.894846989925665 0.2425800947661276 0.058538732394366216 0.22593896713615022
0 0.2179935079225352 0.5407141149365329 0.17825704225352118 0.23884976525821594
0 0.3949310446009389 0.5389513780212136 0.17957746478873235 0.23650234741784035
0 0.21667247408059467 0.8340739653973221 0.1773767605633803 0.1660798122065728
0 0.39275632091158064 0.838178142931664 0.2169894366197184 0.1619718309859155
0 0.6070847393388106 0.8352465875499914 0.1879401408450705 0.16490610328638494
0 0.8372285798122066 0.8340734220135628 0.11619718309859163 0.16549295774647893
0 0.793160700312989 0.8352465875499914 0.03873239436619732 0.16490610328638494
