0 0.7421205619131456 0.2479710050426013 0.0620598591549296 0.34389671361502344
0 0.4758304601917058 0.28489012780386014 0.05501760563380284 0.28697183098591555
0 0.16420615708137715 0.6780467527386542 0.04841549295774649 0.24823943661971828
0 0.14923892312206574 0.26083126847504784 0.04489436619718311 0.2893192488262911
0 0.21042675322769952 0.27021278908015994 0.05677816901408453 0.2805164319248827
0 0.5427327856025039 0.2661243696748391 0.05633802816901413 0.30164319248826293
0 0.40585142801251956 0.23855362110937225 0.05985915492957743 0.3139671361502347
0 0.3380614852308294 0.6804082985567727 0.04797535211267605 0.2634976525821596
0 0.6074350180946791 0.2602721265866806 0.05853873239436614 0.31924882629107976
0 0.6822607956768387 0.24678425491218922 0.06117957746478879 0.32981220657276994
0 0.27732357687793424 0.6968195748565468 0.05017605633802818 0.24119718309859164
0 0.5797009487480438 0.6580784863501999 0.05105633802816898 0.2318075117370892
0 0.7958033793035995 0.6909798295948529 0.04137323943661957 0.2723004694835681
0 0.9516193515258216 0.31070846374543554 0.050176056338028255 0.2834507042253522
0 0.10654312157668232 0.6821471265866806 0.041813380281690155 0.2400234741784037
0 0.2755654587245696 0.2637595635541645 0.053697183098591554 0.2828638497652582
0 0.6404400797143974 0.7038509607024865 0.050616197183098656 0.2294600938967136
0 0.3486233372456964 0.26846309337506524 0.04577464788732395 0.29225352112676056
0 0.02467661874021909 0.6786346939662667 0.04137323943661972 0.24941314553990612
0 0.585429809761346 0.009532581290210397 0.06117957746478871 0.15434272300469484
0 0.5141245476330204 0.014803403755868545 0.05765845070422534 0.1426056338028169
0 0.41950129597026603 0.0007248739349678317 0.06778169014084506 0.14906103286384975
0 0.8754899623435054 0.0007297643888019475 0.07174295774647893 0.15434272300469482
0 0.27600315434272304 0.0013079247087463052 0.05017605633802818 0.14495305164319247
0 0.09289508753912362 0.3382243305512085 0.03653169014084507 0.21185446009389677
0 0.20029831768388107 0.0007205268648930621 0.04929577464788729 0.1443661971830986
0 0.6668589226330204 0.007170492088332465 0.06558098591549298 0.13849765258215962
0 0.12327428110328638 0.0013019474873934968 0.05017605633802816 0.13849765258215962
0 0.9538249462050078 0.00952225699878282 0.05721830985915485 0.1431924882629108
0 0.35566497946009384 0.006574400104329681 0.04489436619718311 0.12852112676056338
0 0.8195810714984351 0.27727243088158576 0.05589788732394364 0.29929577464788737
0 0.8825178501564945 0.2936989219266215 0.051056338028169064 0.2934272300469484
0 0.8090198307902974 0.014213288993218573 0.058978873239436624 0.1390845070422535
0 0.7381528755868546 0.003664580073030778 0.05281690140845067 0.15492957746478875
0 0.39968426007433483 0.7144257520431229 0.05237676056338027 0.2417840375586856
0 0.7047067561619719 0.7050469483568076 0.059419014084507026 0.2535211267605633
0 0.21702886590375586 0.7126635585115633 0.056778169014084494 0.24002347417840378
0 0.4635010147691706 0.7150185837245697 0.047095070422535204 0.24823943661971828
0 0.5286427767996871 0.7155782689966962 0.04841549295774649 0.21889671361502352
0 0.8605156983568073 0.716792731698835 0.058098591549295975 0.26291079812206586
0 0.921253301056338 0.7255694661797948 0.05545774647887324 0.23474178403755855
0 0.0070608983763693275 0.36167786037210914 0.026848591549295777 0.18955399061032865
