0 0.28047516872065725 0.5619354242740392 0.1518485915492958 0.34096244131455405
0 0.29588560005868547 0.11067749087115285 0.15977112676056335 0.3767605633802817
0 0.12774140502738654 0.5595744218396801 0.14480633802816903 0.32629107981220645
0 0.43804864778951486 0.5701454094940012 0.15625 0.33450704225352107
0 0.13391193515258215 0.10539091027647365 0.15713028169014087 0.3714788732394366
0 0.460061497456964 0.10832626934446185 0.16461267605633803 0.37265258215962443
0 0.6467221733176839 0.2203220092157886 0.22359154929577466 0.27171361502347413
0 0.72717747456964 0.7160792688228134 0.09330985915492959 0.12617370892018784
0 0.011961744424882627 0.20389225786819684 0.11223591549295775 0.2740610328638497
0 0.004479044405320814 0.5589935446009389 0.11179577464788733 0.33274647887323944
0 0.9151099740805948 0.7160749217527386 0.0823063380281689 0.12147887323943668
0 0.7720638937793426 0.5963191184141888 0.08186619718309866 0.08098591549295775
0 0.8266428868348983 0.7137296774474005 0.08406690140845068 0.12382629107981226
0 0.627263057511737 0.7219456398887151 0.08978873239436615 0.12382629107981215
