0 0.6162894375857338 0.6421543971955493 0.23456790123456786 0.19341563786008234
0 0.24816100823045267 0.6103237882944673 0.12962962962962965 0.26080246913580246
0 0.2342989111796982 0.3031826322206981 0.16820987654320987 0.21502057613168724
0 0.42833906678669414 0.6153892318244171 0.14158950617283936 0.17592592592592593
0 0.36241373028120716 0.020260345221764973 0.20910493827160484 0.21450617283950615
0 0.41139081790123455 0.30778701798506325 0.18055555555555564 0.18775720164609053
0 0.5714889296124829 0.001117874561804603 0.16628086419753088 0.09619341563786007
0 0.6713975694444444 0.3242707857033989 0.14583333333333343 0.2124485596707819
0 0.022423964763374486 0.05520357033988721 0.06828703703703702 0.17541152263374488
0 0.09147751628943761 0.5191467573540619 0.06095679012345678 0.12294238683127566
0 0.6108464077503429 0.118939090839811 0.17438271604938269 0.1208847736625514
0 0.004680534122085047 0.5145366559975613 0.07330246913580246 0.14403292181069957
0 0.6026537315672154 0.3200841144642585 0.04359567901234571 0.13528806584362144
0 0.054050925925925926 0.2655997561347356 0.05555555555555555 0.1810699588477366
0 0.11427013674554182 0.011394985520499924 0.10455246913580248 0.08436213991769546
0 0.793733656978738 0.01564643347050754 0.19868827160493827 0.23148148148148145
0 0.8179583011831275 0.3216344688309709 0.08217592592592587 0.14300411522633746
0 0.09842597950960222 0.6699169333942996 0.06674382716049383 0.17695473251028804
0 0.03437875085733882 0.6837810547172688 0.0609567901234568 0.15020576131687238
0 0.11191968878600823 0.26664761469288223 0.053240740740740755 0.20164609053497942
0 0.1289177704903978 0.11535970126505106 0.08603395061728397 0.14403292181069957
0 0.2253678519375857 0.05674963801249809 0.08526234567901234 0.17849794238683128
0 0.8642918381344307 0.7464463305898491 0.13580246913580254 0.05092592592592592
