0 0.08808226965962442 0.19445639888715008 0.07790492957746478 0.22417840375586856
0 0.19415376809467919 0.14755585985046077 0.07438380281690138 0.27582159624413144
0 0.2909881161971831 0.15693955399061035 0.079225352112676 0.26936619718309857
0 0.4005697378716745 0.12234828725439055 0.0598591549295775 0.3051643192488263
0 0.46175237187010953 0.12351982263954095 0.0642605633802816 0.30281690140845074
0 0.5282166960093897 0.12997033124673973 0.06866197183098595 0.29753521126760557
0 0.6003961267605634 0.12353232046600593 0.0633802816901408 0.31631455399061037
0 0.6637754914906103 0.14170089984350545 0.0620598591549296 0.29049295774647893
0 0.7280305531103287 0.15812032689966962 0.05413732394366188 0.2769953051643192
0 0.7821669600938967 0.1645724656581464 0.05281690140845067 0.2734741784037559
0 0.8825279367175273 0.17512606503216832 0.06558098591549298 0.2629107981220657
0 0.9480994473787168 0.24727330029560077 0.051936619718309866 0.2241784037558685
0 0.114056692586072 0.5783662623891498 0.08670774647887322 0.33978873239436624
0 0.23374046361502346 0.5724352286558859 0.036971830985915506 0.2723004694835681
0 0.27205869767214397 0.5724781559728743 0.07438380281690146 0.31866197183098594
0 0.34996760074334904 0.5725031516258042 0.08010563380281689 0.34565727699530524
0 0.43447617126369326 0.5795540992870806 0.08230633802816899 0.35504694835680756
0 0.523823234546166 0.5766100460789428 0.08010563380281689 0.3444835680751174
0 0.6083238580790298 0.5766035254738306 0.07086267605633804 0.3374413145539905
0 0.6805124584311424 0.5859855894627021 0.07878521126760568 0.329225352112676
0 0.7663955521322379 0.6516383020344289 0.15889084507042242 0.24823943661971817
0 0.9331426056338028 0.6428566770996348 0.0633802816901408 0.27112676056338025
