0 0.5853145897633746 0.7655573654930651 0.07523148148148151 0.13528806584362138
0 0.27552672753772295 0.25476918533760096 0.09182098765432099 0.1507201646090535
0 0.7592922132201647 0.5355957552202408 0.04745370370370349 0.110082304526749
0 0.14822262945816184 0.28561004420057917 0.10725308641975313 0.12551440329218105
0 0.026686010373799727 0.28408017070568503 0.09452160493827158 0.13991769547325106
0 0.28937650034293555 0.5067701188843163 0.03549382716049381 0.08950617283950624
0 0.574488007973251 0.5114449969516842 0.040509259259259287 0.13837448559670784
0 0.5027367862654322 0.5083542905044962 0.05208333333333325 0.1337448559670782
0 0.33914716220850477 0.5021600175278159 0.03858024691358028 0.11059670781892995
0 0.37893250600137174 0.24605385992988874 0.10725308641975309 0.18261316872427985
0 0.6728705847050754 0.5119251066910532 0.044753086419753015 0.10133744855967068
0 0.4413904428155007 0.5206842516384699 0.04668209876543206 0.11676954732510286
0 0.38158838091563785 0.5160541457094955 0.04282407407407405 0.1162551440329219
0 0.6216078853737997 0.2481038523090992 0.11535493827160492 0.17438271604938274
0 0.5023919753086419 0.29641060813900316 0.11111111111111119 0.12345679012345677
0 0.8680906528635117 0.24398957857033987 0.05054012345679016 0.17541152263374488
0 0.8206407000171468 0.5443401348879744 0.05594135802469127 0.10956790123456783
0 0.8889250578703703 0.5515384468830972 0.052083333333333336 0.10596707818930032
0 0.7126784336419753 0.006205227861606462 0.14583333333333334 0.03497942386831276
0 0.21222270447530864 0.7511240664532846 0.04513888888888889 0.10288065843621408
0 0.27626055598422494 0.749054545800945 0.03742283950617282 0.0900205761316872
0 0.3213975694444444 0.7465006287151348 0.03472222222222226 0.10956790123456793
0 0.07603979123799727 0.7706713915561653 0.05285493827160492 0.10288065843621397
0 0.5011884859396434 0.7506015660722452 0.044753086419753015 0.09413580246913587
0 0.5621399176954733 0.7413699321749733 0.037037037037036986 0.12397119341563788
0 0.15281126757544583 0.7454746799268405 0.0482253086419753 0.11265432098765439
0 0.8495815114883403 0.8066810509068739 0.06404320987654302 0.10442386831275725
0 0.7485417202503429 0.33033931565310165 0.12229938271604937 0.09979423868312756
0 0.920955236196845 0.2532616979119037 0.06442901234567905 0.18930041152263372
0 0.3727585948216735 0.7676340306355739 0.10570987654320992 0.15586419753086422
