0 0.7025644317292645 0.4404201443227265 0.14348591549295778 0.30164319248826293
0 0.5612749413145539 0.4404190575552078 0.1373239436619719 0.30046948356807507
0 0.8478102992957746 0.43924317509998256 0.14260563380281688 0.2981220657276995
0 0.32711695520344286 0.12639051904016693 0.1329225352112676 0.23415492957746478
0 0.7593407668231612 0.01557772561293688 0.14084507042253513 0.34507042253521125
0 0.8491022960680752 0.8223477438706313 0.10167253521126757 0.17781690140845072
0 0.5995775870500782 0.009716245000869414 0.1522887323943663 0.3526995305164319
0 0.7144430384389671 0.8299697878629804 0.13600352112676053 0.17018779342723
0 0.2659364607785602 0.4451263910624239 0.13160211267605634 0.3139671361502348
0 0.4032735475352113 0.4404348156842289 0.15052816901408445 0.31748826291079807
0 0.19858788145539907 0.0390290818988002 0.12147887323943662 0.3204225352112677
0 0.1290520466549296 0.4410249304468788 0.1307218309859155 0.3210093896713615
0 0.46487553794992176 0.10235176491045035 0.125 0.25821596244131456
0 0.11844526359546166 0.05310326464962615 0.06822183098591549 0.3092723004694835
0 0.903236257824726 0.017921883150756393 0.09683098591549298 0.34154929577464793
0 0.44372646469092336 0.8416916623195966 0.0928697183098592 0.153755868544601
0 0.319626002543036 0.8440412536950096 0.12059859154929582 0.15610328638497648
0 0.20693833137715179 0.8510737263084681 0.10387323943661973 0.1455399061032863
0 0.3280745671948357 0.011235002608242044 0.24427816901408445 0.09154929577464788
0 0.5722821302816902 0.8411064380107807 0.14260563380281696 0.1555164319248826
