0 0.652352002640845 0.5816928577638671 0.09110915492957743 0.12969483568075127
0 0.2183746576682316 0.36574726134585284 0.09330985915492956 0.14788732394366202
0 0.3446950802034429 0.354617675186924 0.09330985915492952 0.17018779342723
0 0.10394384536384976 0.3774946748391584 0.10167253521126762 0.15903755868544603
0 0.8041978433098592 0.42377956007650847 0.08714788732394364 0.07629107981220658
0 0.4107284330985915 0.6069297730829422 0.11091549295774648 0.13204225352112675
0 0.8574830056729265 0.6198199226221526 0.12764084507042256 0.10974178403755874
0 0.7500553232589984 0.5764100808555034 0.07966549295774648 0.12852112676056343
0 0.8002365757042252 0.33457170492088334 0.08714788732394381 0.06983568075117369
0 0.8077324188184665 0.14151180229525298 0.10651408450704215 0.08626760563380284
0 0.9080631357589986 0.4314092114414884 0.07570422535211255 0.07687793427230044
0 0.6831618617957745 0.35224526169361847 0.09110915492957751 0.1431924882629108
0 0.49830545774647883 0.06755020865936359 0.09507042253521128 0.06690140845070422
0 0.3733149330007825 0.14737762997739523 0.1087147887323944 0.08333333333333333
0 0.46263723836071985 0.3082050947661276 0.07086267605633804 0.11502347417840374
0 0.1386908255086072 0.1385775299947835 0.06690140845070425 0.08626760563380281
0 0.6836160626956183 0.051721439749608765 0.11135563380281689 0.08450704225352113
0 0.8028991221635368 0.059336419753086414 0.11839788732394364 0.06924882629107981
0 0.37815250880281687 0.06285591636237177 0.10299295774647885 0.06748826291079812
0 0.4978643999413146 0.15734165797252653 0.09375 0.06983568075117372
0 0.5590357247652582 0.301141105894627 0.08186619718309866 0.09154929577464788
0 0.25580344043427233 0.6385949182750826 0.1175176056338028 0.10504694835680747
0 0.0528624437597809 0.14562087028342896 0.06558098591549297 0.08744131455399064
0 0.5326303305946792 0.5969396626673622 0.08626760563380284 0.11737089201877927
0 0.6932948821400626 0.14444172752564774 0.10519366197183101 0.08157276995305164
0 0.9353445324726134 0.07224341418883673 0.06514084507042273 0.06514084507042255
0 0.6153486893583725 0.053476569292296994 0.04577464788732392 0.07863849765258216
0 0.9137886345852895 0.3304724178403756 0.0809859154929577 0.07922535211267598
0 0.9414970290492958 0.14443412015301688 0.051496478873239465 0.07335680751173707
0 0.34337557462832546 0.8398794774821771 0.09463028169014084 0.09800469483568082
0 0.23290572427621284 0.8486567553468961 0.10255281690140848 0.07042253521126766
0 0.5660782839397496 0.8639578986263259 0.08230633802816899 0.1167840375586854
0 0.6717194224374021 0.865133781081551 0.09286971830985935 0.11913145539906088
0 0.7844034257629108 0.8270023691531908 0.10431338028169014 0.13438967136150246
0 0.45780913781298904 0.8334148408972353 0.09022887323943654 0.0880281690140845
0 0.4701312475547731 0.9378445053034256 0.08758802816901405 0.05516431924882631
0 0.11758912852112675 0.8363442227438707 0.10299295774647886 0.08274647887323935
0 0.23422614681142412 0.9319808511563207 0.10255281690140844 0.06044600938967124
0 0.13034312646713617 0.9372609111458875 0.08846830985915494 0.05868544600938974
0 0.34645961707746487 0.936671339766997 0.09903169014084506 0.05575117370892018
0 0.0005012715179968702 0.3065494044513997 0.0880281690140845 0.22828638497652587
0 0.6105141700899843 0.15501543209876542 0.055897887323943726 0.0927230046948357
0 0.10352723982785603 0.6198400278212484 0.13556338028169013 0.13145539906103287
0 0.0005116637323943663 0.619848721961398 0.10299295774647886 0.14084507042253522
0 0.016351232394366196 0.876284015823335 0.09507042253521128 0.11913145539906109
