0 0.24299839837636933 0.2090679881759694 0.05853873239436618 0.15962441314553988
0 0.6932805164319249 0.4984089723526343 0.08450704225352115 0.18309859154929586
0 0.4217044454225352 0.5077894061902278 0.07130281690140844 0.17312206572769967
0 0.6026053892801252 0.5136449095809424 0.07570422535211263 0.15903755868544595
0 0.7966891627543035 0.21432359589636588 0.04929577464788745 0.13145539906103285
0 0.27733702562597806 0.504262845592071 0.06954225352112675 0.16725352112676053
0 0.7460686864241003 0.20787254390540777 0.043133802816901344 0.1361502347417841
0 0.8517217454029733 0.20906038080333855 0.07086267605633813 0.15140845070422534
0 0.5339266065140844 0.49310880716397143 0.05149647887323954 0.16314553990610323
0 0.1329717454029734 0.5148082942097026 0.07086267605633804 0.147887323943662
0 0.06342399012128326 0.5083583289862632 0.06294014084507044 0.153755868544601
0 0.31078283939749607 0.21258042079638326 0.0625 0.15023474178403756
0 0.38692659428794995 0.2137552164840897 0.061619718309859114 0.15140845070422534
0 0.6175585631846635 0.21550708572422186 0.05897887323943654 0.14201877934272303
0 0.7949472442292645 0.4550148887150061 0.07614436619718311 0.21889671361502347
0 0.36623049931533647 0.49254477482177006 0.04797535211267608 0.18779342723004694
0 0.4820006846635368 0.16450454268822814 0.06690140845070418 0.20011737089201878
0 0.06649122163536776 0.1896996174578334 0.04313380281690142 0.15727699530516429
0 0.1826987969483568 0.23838680229525303 0.05809859154929578 0.1338028169014084
0 0.22142263302034426 0.5153918883672405 0.04577464788732395 0.14436619718309857
0 0.687526591842723 0.2143192488262911 0.03829225352112676 0.1267605633802817
0 0.0053131724374021905 0.49899310989393136 0.04533450704225352 0.1801643192488263
0 0.01059883607198748 0.1955627282211789 0.05105633802816901 0.15140845070422534
0 0.12458675665101722 0.19729557902973394 0.03873239436619718 0.12147887323943668
0 0.20999150283646323 0.0006363023821944011 0.06382042253521125 0.05340375586854461
0 0.9313817366001564 0.21082637802121368 0.06294014084507041 0.1572769953051643
0 0.8966176398669796 0.4456355416449313 0.07306338028169014 0.23004694835680753
0 0.09821406739045382 0.7947927534341853 0.09022887323943662 0.2071596244131457
0 0.3953088321596244 0.8030027386541471 0.08978873239436615 0.20070422535211271
0 0.19548183196400626 0.7912542383933229 0.08538732394366196 0.1883802816901409
0 0.5000678550469484 0.8235203660233004 0.09771126760563378 0.17664319248826288
0 0.6140689187206573 0.8411096983133368 0.10431338028169021 0.15903755868544603
0 0.31695459213615024 0.7800877021387586 0.07658450704225352 0.17077464788732385
0 0.020732162069640063 0.8211680577290906 0.06558098591549295 0.17136150234741773
0 0.8416220412754303 0.8504966527560426 0.1047535211267607 0.15610328638497636
