0 0.4668879672496571 0.38597679469593055 0.09645061728395056 0.18827160493827158
0 0.5170101380315499 0.8586534064929126 0.05015432098765445 0.12345679012345671
0 0.4521977344821674 0.8452879705837525 0.05362654320987659 0.13323045267489714
0 0.2920958719135802 0.6559666018899558 0.0625 0.11059670781893005
0 0.10884666495198901 0.0819739750038104 0.07253086419753085 0.198559670781893
0 0.38199534893689985 0.07272662322816645 0.07330246913580246 0.21141975308641972
0 0.30251146690672154 0.08607586495960981 0.060956790123456825 0.184156378600823
0 0.19488704561042525 0.067065329218107 0.08179012345679013 0.20833333333333334
0 0.022810838906035667 0.07169495884773662 0.06983024691358024 0.20833333333333334
0 0.6261863425925926 0.672404168571864 0.04166666666666659 0.08539094650205767
0 0.43791071887860084 0.6477094764517604 0.0358796296296296 0.08179012345679015
0 0.18830161179698218 0.6621199131229997 0.04320987654320984 0.08950617283950603
0 0.7126093106995884 0.6677678707514099 0.04629629629629635 0.07818930041152254
0 0.48652397333676267 0.6543905273586343 0.038966049382716035 0.07510288065843608
0 0.0717873906893004 0.4908212353299802 0.04050925925925926 0.08693415637860084
0 0.672134880829904 0.07322102194787379 0.09645061728395048 0.1898148148148148
0 0.16862836505486967 0.4887569539704314 0.047067901234567895 0.07973251028806581
0 0.12117037465706447 0.49184289742417314 0.04089506172839508 0.07921810699588476
0 0.669392736196845 0.6682789399481786 0.03665123456790119 0.07458847736625514
0 0.39277692043895746 0.6512974394147234 0.04320987654320984 0.06790123456790116
0 0.35846702460562413 0.3530864197530864 0.08140432098765436 0.2222222222222222
0 0.15627196930727025 0.6528558908702942 0.03163580246913579 0.08436213991769545
0 0.07563630615569274 0.3868989102270995 0.027391975308641982 0.07304526748971191
0 0.10920701517489712 0.6677559632677946 0.03587962962962962 0.06532921810699588
0 0.2423461076817558 0.39465782655083065 0.08950617283950615 0.11934156378600826
0 0.026259216392318246 0.486711724584667 0.035493827160493825 0.09310699588477366
0 0.48771353094993136 0.08760097546105776 0.08526234567901238 0.1646090534979424
0 0.03551526063100137 0.3848331999695169 0.030864197530864203 0.0643004115226337
0 0.1211639446159122 0.38689081313824114 0.03163580246913583 0.06430041152263376
0 0.053268604252400556 0.6842130582228318 0.04012345679012344 0.06121399176954741
0 0.351489358281893 0.6543995770461821 0.03356481481481484 0.0848765432098764
0 0.8071625300068587 0.3839058451455571 0.0918209876543211 0.17386831275720158
0 0.6752320173182441 0.37621075293400397 0.11188271604938285 0.19650205761316872
0 0.7897944530178326 0.09225584895595183 0.08179012345679015 0.19187242798353904
0 0.784364015346365 0.6960524310318549 0.03973765432098762 0.0699588477366255
0 0.5775781785836762 0.6749804717268709 0.045910493827160476 0.0900205761316872
0 0.23189970207475996 0.6749747561347357 0.046682098765432105 0.0838477366255144
0 0.5301231352880659 0.6744498742569731 0.04398148148148151 0.0725308641975308
0 0.2697053969478738 0.8591363740283494 0.042438271604938294 0.08950617283950603
0 0.34454839677640603 0.860175659198293 0.038580246913580196 0.10082304526748974
0 0.5721737289951989 0.9121065767413504 0.041280864197530874 0.07510288065843608
0 0.8356746720679011 0.6893713801249809 0.03819444444444445 0.07664609053497937
0 0.22649150162894377 0.8683846784026825 0.03665123456790123 0.07767489711934149
0 0.2785713520233196 0.6765222527053804 0.031635802469135756 0.08847736625514392
0 0.6323556991598078 0.9136450236244474 0.03665123456790135 0.0699588477366255
0 0.17518405992798355 0.833393823350099 0.04282407407407405 0.06532921810699588
0 0.06600088948902606 0.8395604709647919 0.041280864197530874 0.058641975308642014
0 0.4286527992112482 0.8761102537722908 0.03780864197530865 0.08796296296296297
0 0.7720231588648833 0.8956485291876238 0.04668209876543222 0.07818930041152264
0 0.7261115933641975 0.8987301859472642 0.04513888888888905 0.07304526748971185
0 0.1346756044238683 0.9007944673068129 0.04398148148148151 0.08024691358024688
