0 0.8319805115414711 0.5459289688749782 0.16461267605633798 0.16666666666666666
0 0.2399186350743349 0.0024816336289340984 0.06029929577464791 0.14495305164319247
0 0.18093395442097027 0.007170492088332465 0.051936619718309866 0.13849765258215962
0 0.8482550249413146 0.33411634933055123 0.14920774647887325 0.21185446009389672
0 0.6119430995696401 0.6633112719527038 0.21214788732394357 0.17899061032863856
0 0.4243382604655712 0.0007243305512084856 0.06117957746478879 0.14847417840375585
0 0.4877142630086072 0.0007161797948182925 0.05501760563380284 0.1396713615023474
0 0.11359576731220658 0.0024843505477308296 0.05677816901408451 0.147887323943662
0 0.6163524550078247 0.41923741523213354 0.22359154929577474 0.24119718309859153
0 0.5471415297339594 0.002483263780212137 0.06690140845070411 0.14671361502347416
0 0.054619339299687 0.007178099460963311 0.0602992957746479 0.1467136150234742
0 0.36843731660798124 0.0007297643888019475 0.05677816901408453 0.15434272300469482
0 0.30725926741001564 0.002483263780212137 0.058978873239436624 0.14671361502347416
0 0.8284618300078249 0.7208132281342375 0.16813380281690135 0.16842723004694837
0 0.6070991050469483 0.8363876934446184 0.20862676056338034 0.12969483568075116
0 0.817024586756651 0.8885753564597462 0.17737676056338028 0.0839201877934272
0 0.617646285700313 0.002483263780212137 0.18529929577464782 0.14671361502347416
0 0.8077813233568076 0.005415905929403581 0.17693661971830987 0.1449530516431925
0 0.3804415468505477 0.4098564380107807 0.23019366197183094 0.25058685446009393
0 0.3931986013302034 0.6568705442531734 0.22007042253521136 0.1948356807511738
0 0.394072464299687 0.8516317814293166 0.21082746478873243 0.11443661971830991
0 0.14981202318075118 0.4304675273865415 0.23635563380281688 0.3274647887323943
0 0.1704848884976526 0.7607492175273864 0.2165492957746479 0.20070422535211282
