0 0.4010135465571205 0.7507004216657972 0.06514084507042249 0.12265258215962442
0 0.5361407594874804 0.09345385585115633 0.07086267605633796 0.1555164319248826
0 0.8393904660602505 0.33697889497478695 0.06029929577464783 0.13438967136150234
0 0.8165000855829421 0.5400343418535907 0.05589788732394364 0.13849765258215965
0 0.2623575655320814 0.7401652973395931 0.04841549295774649 0.15316901408450692
0 0.2359527826682316 0.3111681664058425 0.05369718309859151 0.14612676056338028
0 0.19501571058294212 0.07175654234046254 0.04797535211267605 0.17312206572769956
0 0.07618226721439748 0.5212414145366023 0.05457746478873242 0.12382629107981226
0 0.5863015331572771 0.5312228308120326 0.04885563380281689 0.1291079812206573
0 0.17434223395931142 0.5535200399930447 0.06690140845070425 0.12558685446009388
0 0.1285593334311424 0.07935848113371588 0.0550176056338028 0.1437793427230047
0 0.6496784526604068 0.5312206572769952 0.04401408450704222 0.12676056338028172
0 0.4252173195422535 0.31117360024343593 0.059419014084507026 0.15199530516431922
0 0.17917400234741782 0.3158624587028343 0.05281690140845071 0.14553990610328635
0 0.24872328589593112 0.08053490697270038 0.06294014084507041 0.1467136150234742
0 0.37503576144366196 0.5441374326204139 0.051496478873239465 0.1332159624413145
0 0.25531500635759 0.542382846461485 0.04797535211267605 0.13967136150234738
0 0.7240695911580596 0.09813836724047993 0.05457746478873228 0.14436619718309857
0 0.31693533597417844 0.5353378760215615 0.04885563380281689 0.13673708920187794
0 0.33146090082159624 0.07293079464440966 0.05017605633802818 0.17370892018779344
0 0.49828131113067287 0.31820878977569117 0.06029929577464791 0.14436619718309865
0 0.44018394219483575 0.535936684924361 0.062059859154929516 0.1496478873239436
0 0.4115640893974961 0.07584550512954268 0.046654929577464796 0.15258215962441316
0 0.5101663365610329 0.553517323074248 0.062059859154929516 0.12265258215962442
0 0.5898232712245697 0.3211180664232307 0.04973591549295778 0.11737089201877937
0 0.6444129621478873 0.7823655668579378 0.06734154929577459 0.09565727699530513
0 0.0017923513302034431 0.525372217875152 0.045774647887323945 0.14847417840375596
0 0.7135068221830985 0.5464707224830464 0.05545774647887324 0.11795774647887325
0 0.6752041764475742 0.08814771344114067 0.04049295774647892 0.12910798122065728
0 0.36402643290297343 0.32288895409494 0.04313380281690142 0.12852112676056338
0 0.07000990316901409 0.32579279690488616 0.03961267605633803 0.09565727699530513
0 0.4775852161580595 0.08288558511563206 0.046654929577464796 0.15023474178403756
0 0.9155250513497654 0.3434255998956703 0.04621478873239432 0.125
0 0.883403327953834 0.550009237523909 0.058538732394366216 0.13673708920187783
0 0.7641245476330203 0.3105910928534168 0.057658450704225414 0.15669014084507046
0 0.9590934932511737 0.3610236263258564 0.03829225352112676 0.1167840375586854
0 0.9362119767214399 0.7424931533646323 0.04665492957746472 0.13204225352112675
0 0.7619152851134585 0.5359198400278212 0.04533450704225351 0.13145539906103287
0 0.736381308685446 0.30940271257172663 0.03697183098591555 0.14084507042253516
0 0.32089904880672926 0.7682968179447052 0.05237676056338031 0.11267605633802831
0 0.19281653462441314 0.7630238219440099 0.05017605633802818 0.12206572769953043
0 0.8816320667057904 0.7460208007303077 0.043133802816901344 0.1390845070422535
0 0.7588336878912364 0.7688733481133717 0.04445422535211255 0.10152582159624404
0 0.5801374217527386 0.7946764693096853 0.045774647887323994 0.08157276995305161
0 0.3820749584311424 0.944302621283255 0.04709507042253528 0.05809859154929577
0 0.19639145637715177 0.941367262215267 0.12764084507042256 0.05692488262910781
0 0.44984931289123625 0.936092092679534 0.03653169014084507 0.06396713615023478
0 0.5770579641040688 0.9366740566857936 0.047975352112676006 0.05868544600938974
0 0.8125330105633802 0.7671220222569988 0.04753521126760568 0.11150234741784036
