0 0.15130878129286693 0.5309866064624295 0.1068672839506173 0.13220164609053492
0 0.4020718128429355 0.21559499314128944 0.09452160493827158 0.06481481481481481
0 0.45878129286694097 0.6265946502057612 0.08950617283950611 0.055555555555555663
0 0.1779114690500686 0.15553269318701415 0.08140432098765428 0.19753086419753085
0 0.3989891439471879 0.28092802164304226 0.09992283950617285 0.06893004115226334
0 0.24813796724965706 0.4018661408321902 0.09645061728395063 0.12654320987654333
0 0.015129350994513029 0.5325326741350404 0.11959876543209876 0.1352880658436215
0 0.6061441722393691 0.29635440481633896 0.06983024691358024 0.06275720164609053
0 0.13047812714334706 0.3997994779759183 0.11072530864197531 0.1167695473251029
0 0.3893459576474622 0.15335219478737996 0.1026234567901235 0.06481481481481484
0 0.39011541923868315 0.08545667581161409 0.09953703703703706 0.07098765432098765
0 0.5725839120370371 0.455825140984606 0.07638888888888896 0.06893004115226334
0 0.6620718664266119 0.41522395595183664 0.05015432098765436 0.10853909465020571
0 0.12580214763374487 0.17607738911751256 0.04398148148148149 0.16358024691358025
0 0.262402745627572 0.5350994513031551 0.08217592592592596 0.12962962962962962
0 0.31525420096021944 0.29634630772748055 0.07716049382716052 0.05401234567901233
0 0.33029299554183816 0.23204541990550223 0.06635802469135797 0.05349794238683124
0 0.6057607810356652 0.2366731443377534 0.07330246913580254 0.05144032921810701
0 0.6535823366769548 0.6260750076207895 0.04745370370370373 0.04989711934156381
0 0.7531480409807957 0.0005772748056698674 0.08873456790123445 0.06790123456790123
0 0.7195612568587105 0.6363583104709647 0.05709876543209873 0.04475308641975312
0 0.5081607938957476 0.29275120027434837 0.08487654320987659 0.06018518518518518
0 0.06909373928326475 0.1791609510745313 0.050540123456790126 0.16049382716049387
0 0.5756708676268861 0.12606548163389728 0.07716049382716048 0.03960905349794238
0 0.7485001929012346 0.4661055860387136 0.0625 0.06069958847736624
0 0.6902300883058985 0.30714591906721533 0.04243827160493825 0.05092592592592592
0 0.7276499807098765 0.30817805974698975 0.03819444444444445 0.05452674897119344
0 0.9332966285150892 0.642530673677793 0.05825617283950619 0.044238683127572065
0 0.8464929483882031 0.0005891822892851699 0.060956790123456825 0.08076131687242799
0 0.8495809756515776 0.6245351318396586 0.06327160493827143 0.053497942386831324
0 0.9359900120027435 0.5880029721079103 0.047839506172839524 0.043209876543210055
0 0.6563116212277093 0.0005763222069806432 0.0887345679012346 0.06687242798353908
0 0.9213517554012346 0.0005929926840420668 0.0798611111111111 0.08487654320987655
0 0.836471193415638 0.46816272290809324 0.07407407407407397 0.06018518518518529
0 0.43870482896090535 0.8184785093735711 0.06828703703703706 0.06790123456790116
0 0.13739202889231825 0.7639655730833714 0.0667438271604938 0.08281893004115216
0 0.1219543038408779 0.8781707247370828 0.058641975308641986 0.09104938271604941
0 0.05251012731481481 0.8735434766041763 0.05902777777777777 0.09362139917695482
0 0.3515335648148148 0.6332747485139459 0.09722222222222222 0.04783950617283957
0 0.21570483967764062 0.7613940329218107 0.059413580246913573 0.08333333333333344
0 0.5135606888717421 0.7639393766194178 0.08294753086419754 0.05452674897119344
0 0.43253627614883405 0.7500495351318396 0.07445987654320985 0.05349794238683122
0 0.6539625128600823 0.7619193910989179 0.039351851851851825 0.09516460905349788
0 0.28938909250685874 0.7624390336838897 0.05362654320987651 0.10082304526748963
0 0.2708711098251029 0.8791819082456943 0.05439814814814813 0.07201646090534973
0 0.0667901770404664 0.7665394947416553 0.06674382716049383 0.0848765432098765
0 0.6053514017489712 0.8287580018289895 0.0393518518518519 0.058641975308642014
0 0.562938850308642 0.6332771300106691 0.07638888888888896 0.05041152263374497
0 0.6169217249657065 0.7644671162932479 0.033950617283950636 0.06893004115226338
0 0.5235840513545953 0.8230943263222069 0.07214506172839508 0.05298353909465016
0 0.7091298546810699 0.7629401005944215 0.035879629629629685 0.08641975308641979
0 0.7689343278463648 0.7691210371894529 0.04320987654321 0.09516460905349788
0 0.7693126286008231 0.92599451303155 0.0324074074074073 0.07407407407407407
0 0.808666891718107 0.9285641479957323 0.035879629629629525 0.07150205761316879
0 0.9344492133916323 0.7449412246608749 0.05131172839506175 0.09207818930041153
0 0.8754152734910835 0.75726928059747 0.04243827160493841 0.07304526748971196
0 0.7878501693244169 0.7660298544429203 0.059799382716049364 0.0900205761316873
0 0.6551266182270232 0.9331894909312605 0.048996913580246985 0.06687242798353905
0 0.0004198281035665295 0.19252638698369154 0.048996913580246916 0.15072016460905346
0 0.3352883337620028 0.17905568891937204 0.03742283950617278 0.04681069958847741
0 0.5112490890775034 0.2639165142508764 0.08757716049382715 0.029835390946502064
0 0.513557473851166 0.23356719631153786 0.07831790123456793 0.03034979423868315
0 0.7303476508916324 0.248512993446121 0.033950617283950636 0.0606995884773663
0 0.694083022548011 0.24234015393994818 0.035108024691358014 0.06069958847736624
0 0.7280320323216736 0.19551516537113245 0.032793209876543175 0.04526748971193415
0 0.6223545739026063 0.17598355814662398 0.0794753086419754 0.06224279835390947
0 0.8187210648148148 0.33028739902453896 0.06944444444444445 0.0437242798353909
0 0.9491080997085047 0.2470340839811004 0.048996913580246826 0.13014403292181073
0 0.7947822895233195 0.6255591754305746 0.04205246913580254 0.04835390946502053
0 0.21608796296296293 0.8596326779454352 0.05555555555555555 0.0699588477366254
0 0.3499670460390947 0.9311328303612254 0.06365740740740738 0.06790123456790127
0 0.4194093471364883 0.9352451989026063 0.06057098765432095 0.06481481481481481
0 0.3592182677469137 0.46352785398567287 0.05208333333333325 0.05452674897119344
0 0.4271307548868313 0.4573607300716354 0.06828703703703698 0.06069958847736624
0 0.4217332711762689 0.40745217954580093 0.07368827160493817 0.048353909465020585
0 0.4977269804526749 0.45427002362444746 0.06018518518518516 0.05606995884773661
0 0.7994087041323732 0.21817986968449932 0.03742283950617286 0.07870370370370373
0 0.4865234375 0.9342173449169333 0.03819444444444445 0.06584362139917703
0 0.45724665637860085 0.0005606043286084439 0.10185185185185183 0.04989711934156378
0 0.35191829561042526 0.0005534598384392623 0.09567901234567901 0.04218106995884774
0 0.5644748263888888 0.013924135040390185 0.06597222222222222 0.03806584362139917
