0 0.03819444444444445 0.6553497942386831 0.0 0.0
0 0.035955182613168726 0.6540647386069196 0.10879629629629631 0.2788065843621399
0 0.13895586848422498 0.6540714067977442 0.0964506172839506 0.2860082304526749
0 0.23441625943072705 0.7224141708581009 0.3371913580246913 0.20730452674897112
0 0.5716027949245541 0.7357719859777473 0.3302469135802469 0.18930041152263374
0 0.23019574116941013 0.4770299878067368 0.3707561728395062 0.1923868312757202
0 0.6055724344135802 0.486310204237159 0.3576388888888888 0.2150205761316873
0 0.010860875342935528 0.2986215896966925 0.08410493827160495 0.28909465020576136
0 0.08342871227709191 0.16856710105166894 0.13734567901234568 0.3858024691358025
0 0.24141723465363513 0.16381982548392016 0.41859567901234573 0.2587448559670782
0 0.6645819937414266 0.21677288142051518 0.3314043209876544 0.2258230452674897
0 0.19593674982853224 0.005265965554031398 0.482253086419753 0.13168724279835392
0 0.6780786501200274 0.005318358481938728 0.3221450617283951 0.1882716049382716
