0 0.01785140174897119 0.11535541457094955 0.15046296296296297 0.13940329218106995
0 0.1794879008058985 0.09839391860996799 0.12924382716049382 0.15432098765432098
0 0.3565937392832647 0.10401949016918152 0.16165123456790126 0.11882716049382715
0 0.5387059006344307 0.09685070873342477 0.18094135802469144 0.154320987654321
0 0.7416291580932785 0.0896571597317482 0.16820987654320985 0.16306584362139917
0 0.9491040809327846 0.14824007392165828 0.04320987654320984 0.09927983539094651
0 0.9170931927297669 0.34940986511202554 0.0586419753086419 0.14043209876543217
0 0.7169402113340191 0.3663718373723518 0.17168209876543206 0.12602880658436222
0 0.560669849537037 0.3709928936137784 0.14236111111111102 0.11676954732510281
0 0.39052908521947877 0.36379982091144647 0.1396604938271604 0.1260288065843621
0 0.25277965320644713 0.3591725727785398 0.11381172839506179 0.12860082304526746
0 0.1435854981138546 0.3689324226489864 0.09645061728395062 0.11368312757201646
0 0.005867948388203017 0.3709838439262308 0.11651234567901234 0.10699588477366248
0 0.052519504458161864 0.5731271909769852 0.07253086419753087 0.08847736625514402
0 0.12703564386145405 0.5792928859929889 0.15354938271604934 0.08076131687242805
0 0.29404792524005485 0.5870032197835695 0.09567901234567901 0.07458847736625514
0 0.4005288708847736 0.5942115340649291 0.09490740740740738 0.08179012345679015
0 0.5108517661179699 0.5890722641365644 0.07098765432098762 0.08693415637860084
0 0.5973114390432098 0.6085948216735254 0.1284722222222222 0.06018518518518529
0 0.741559499314129 0.6085957742722146 0.0679012345679011 0.0612139917695473
0 0.8580482681755831 0.6075679202865417 0.03395061728395048 0.06224279835390942
0 0.10771926440329217 0.7311271147690901 0.11574074074074071 0.17283950617283947
0 0.31333938828875174 0.7593397538484987 0.09760802469135806 0.08693415637860084
0 0.42561085390946496 0.7567520195092211 0.1018518518518519 0.0699588477366255
0 0.5267548653978051 0.7521028616064626 0.19367283950617287 0.04886831275720159
0 0.7330855088305899 0.7521495389422345 0.08757716049382715 0.09927983539094645
0 0.8399517211076819 0.7690986511202561 0.0860339506172838 0.07098765432098762
0 0.9406255358367628 0.7459900358177107 0.05632716049382699 0.11368312757201651
