0 0.005819028755868544 0.19558881064162753 0.13996478873239435 0.1795774647887324
0 0.1848851354655712 0.1539047556946618 0.037411971830985914 0.16079812206572772
0 0.24608947085289512 0.09646854894800905 0.07306338028169014 0.24237089201877932
0 0.4538784355438184 0.20318966266736216 0.13424295774647893 0.14906103286384978
0 0.8442928403755868 0.13811837071813596 0.14788732394366202 0.2241784037558685
0 0.6118645466549296 0.29818075117370885 0.099031690140845 0.06338028169014086
0 0.24830362382629106 0.5992604547035297 0.09242957746478875 0.08861502347417859
0 0.4027924491392801 0.5118457659537472 0.0915492957746479 0.11737089201877937
0 0.4991897129303599 0.5089647452616937 0.10079225352112675 0.17488262910798116
0 0.3997230780516432 0.6309228829768736 0.108274647887324 0.05868544600938964
0 0.0022321865219092334 0.8187663015127803 0.04533450704225352 0.11267605633802831
0 0.05638662705399061 0.821688075986785 0.0699823943661972 0.09917840375586856
0 0.17833376124804382 0.8217299165362546 0.11047535211267609 0.14436619718309865
0 0.3121142654538341 0.8522055946791862 0.07834507042253525 0.10035211267605641
0 0.3940232541079812 0.8486991392801252 0.13996478873239432 0.11619718309859174
0 0.6246705056729265 0.4943042514345332 0.15933098591549297 0.18661971830985918
0 0.7910052327856025 0.535931794470527 0.10387323943661973 0.14436619718309845
0 0.874193075117371 0.7583735437315249 0.1056338028169015 0.1701877934272301
0 0.529148938771518 0.7723825204312293 0.1434859154929577 0.08861502347417838
0 0.5551184712441315 0.8510259085376456 0.14524647887323938 0.09389671361502352
0 0.7214715375586855 0.27707029212310896 0.11619718309859148 0.08098591549295775
0 0.93314505086072 0.546482676925752 0.06690140845070418 0.1308685446009389
0 0.3270561301838811 0.18201997478699355 0.045334507042253475 0.10269953051643188
0 0.3869143681533646 0.20312282646496257 0.04401408450704222 0.0768779342723005
0 0.33194536140453834 0.29347722135280824 0.11399647887323938 0.053990610328638514
0 0.004456426056338028 0.050008150756390195 0.07922535211267606 0.13556338028169015
0 0.09159758900625978 0.05880662058772387 0.06954225352112678 0.13086854460093897
0 0.1386758484937402 0.8187413058598504 0.04533450704225353 0.08568075117370902
0 0.7064832135172143 0.7630433837593462 0.08230633802816906 0.1431924882629107
