0 0.12349429869684499 0.8674015965554032 0.054012345679012363 0.12705761316872433
0 0.510465963648834 0.3031797744246304 0.07098765432098762 0.2119341563786008
0 0.592253675840192 0.3000952598689224 0.06751543209876548 0.21399176954732513
0 0.5760534550754458 0.5681198559670781 0.0725308641975308 0.23611111111111122
0 0.43908232596021957 0.06857281664380428 0.056327160493827064 0.1697530864197531
0 0.35575488683127576 0.584564090839811 0.06481481481481476 0.21810699588477364
0 0.16169624485596706 0.3170596136259716 0.06481481481481484 0.20216049382716048
0 0.6655540016289438 0.569669734034446 0.06442901234567897 0.24331275720164613
0 0.31446491340877913 0.08554050449626581 0.0516975308641975 0.16152263374485593
0 0.24888063700274346 0.07783445739978662 0.054783950617283965 0.17232510288065844
0 0.508919806670096 0.5681069958847735 0.06674382716049389 0.2222222222222222
0 0.6678717635459533 0.31447616598079564 0.06867283950617294 0.18981481481481483
0 0.44680400162894374 0.30934737463801254 0.06442901234567905 0.206275720164609
0 0.3761983989197531 0.060874866636183515 0.059027777777777776 0.18930041152263374
0 0.504287497856653 0.09171048620637097 0.06288580246913579 0.15843621399176955
0 0.06755401234567901 0.32425030483158057 0.055555555555555566 0.19032921810699588
0 0.5741107788923182 0.09530225956409083 0.05285493827160492 0.1486625514403292
0 0.44101053455075445 0.6010021338210639 0.05516975308641976 0.19341563786008234
0 0.1809799382716049 0.07629267642127725 0.05555555555555555 0.17386831275720163
0 0.30520886917009604 0.3242450655387898 0.05632716049382714 0.18467078189300412
0 0.07140078446502057 0.09119798811156836 0.03935185185185187 0.16049382716049387
0 0.23846316658093278 0.33196397271757355 0.053626543209876545 0.18775720164609064
0 0.3696435078017833 0.32578732281664385 0.06442901234567905 0.18364197530864196
0 0.15397483710562415 0.5768380391708581 0.05709876543209875 0.20730452674897132
0 0.7241852602023319 0.03979814433775339 0.048996913580246826 0.20421810699588477
0 0.26817611882716047 0.5830165942691663 0.0625 0.21347736625514402
0 0.2133846664951989 0.578392680231672 0.0516975308641975 0.21965020576131683
0 0.007363468792866941 0.1035422382258802 0.047839506172839504 0.15895061728395057
0 0.008523823302469136 0.5891837181832038 0.052083333333333336 0.2073045267489712
0 0.12194921339163237 0.08092516384697454 0.05131172839506173 0.17695473251028804
0 0.6439351316015088 0.02027177640603566 0.0443672839506173 0.22685185185185183
0 0.001567858367626886 0.3530306927297668 0.035493827160493825 0.16203703703703703
0 0.03358919538751715 0.3396671620179851 0.03510802469135802 0.17386831275720163
0 0.7373100458676267 0.3016213229690596 0.05979938271604952 0.19547325102880656
0 0.06060340577846364 0.8735734834628868 0.04668209876543211 0.12602880658436202
0 0.2272700724451303 0.8627867322054564 0.046682098765432105 0.14300411522633746
0 0.5906989454732511 0.8643194634964181 0.05092592592592595 0.13168724279835406
0 0.5351409786522634 0.8704770614235635 0.04745370370370373 0.11522633744855958
0 0.014303358624828531 0.8596950731595794 0.04128086419753086 0.1373456790123457
0 0.7133919002914952 0.8607248323426308 0.062114197530864126 0.13837448559670784
0 0.6497283307613169 0.8612325674439871 0.053240740740740713 0.13117283950617292
0 0.6848253707990397 0.035179945892394454 0.03742283950617286 0.21656378600823048
