0 0.1479414245892019 0.4696357155277343 0.07790492957746478 0.1643192488262911
0 0.22804155663145542 0.4713832376977917 0.06998239436619716 0.15023474178403762
0 0.30594312402190926 0.47137780386019823 0.06514084507042253 0.1443661971830986
0 0.37461090326682317 0.4754890453834116 0.07350352112676053 0.147887323943662
0 0.46043989632237875 0.33757770387758657 0.07570422535211263 0.147300469483568
0 0.45032276995305165 0.4848808902799513 0.08450704225352115 0.15023474178403756
0 0.5370189016040688 0.34051306294557476 0.06778169014084515 0.1484741784037558
0 0.536138619913928 0.49368099026256296 0.06778169014084506 0.14730046948356812
0 0.612703565140845 0.3475460789427926 0.03961267605633812 0.1384976525821596
0 0.6659761957159624 0.36572443922796033 0.062059859154929675 0.12323943661971834
0 0.608301239730047 0.4907304164493132 0.03829225352112676 0.12969483568075116
0 0.6602549760367762 0.4983633281168492 0.06294014084507041 0.13380281690140847
0 0.7346335827464789 0.36572878629803507 0.05545774647887324 0.1279342723004695
0 0.724493838028169 0.49952888628064684 0.0316901408450704 0.125
0 0.7606080056729264 0.4954317727351765 0.06426056338028177 0.13673708920187794
0 0.794496405516432 0.3733551773604591 0.06073943661971823 0.12499999999999994
0 0.8622790126173708 0.3751184576595375 0.0620598591549296 0.12793427230046944
0 0.8499605707159625 0.5059908059467919 0.06998239436619716 0.13204225352112675
0 0.9252066216744914 0.3792193748913232 0.044014084507042306 0.12030516431924888
0 0.9243223664906103 0.5030538167275256 0.03829225352112676 0.1291079812206573
0 0.9670123606220656 0.5071596244131454 0.03301056338028177 0.12676056338028172
0 0.0005333651212832551 0.4914058424621805 0.13424295774647887 0.2253521126760563
0 0.0009233788145539906 0.8580969613980177 0.06205985915492958 0.12499999999999989
0 0.06650833822378717 0.8610252564771345 0.06778169014084506 0.11854460093896722
0 0.14793042106807514 0.7331273908885412 0.06205985915492958 0.1578638497652582
0 0.21439168867370892 0.7378205964180142 0.0620598591549296 0.1561032863849767
0 0.27865316901408443 0.7407575856372804 0.06338028169014089 0.15903755868544595
0 0.3486285333528951 0.7102460441662319 0.05325704225352111 0.1643192488262911
0 0.40628851232394364 0.7043840201704051 0.05545774647887324 0.17136150234741784
0 0.46614277679968696 0.7073215527734307 0.04841549295774657 0.17488262910798127
0 0.5167629474765257 0.7196503868892367 0.054137323943661955 0.1801643192488262
0 0.5779440532081376 0.7032211789254044 0.05633802816901413 0.18309859154929567
0 0.6659728335289514 0.6985323204660059 0.05721830985915493 0.18955399061032865
0 0.7289068613067292 0.7014595287776039 0.04841549295774649 0.18192488262910791
0 0.7808398131846637 0.701448661102417 0.043133802816901344 0.1701877934272301
0 0.8292653927034427 0.6996908146409321 0.057658450704225414 0.17312206572769956
0 0.8882277606611894 0.6955730525126066 0.03389084507042257 0.16255868544600938
0 0.9265215424491392 0.6938114023648061 0.036091549295774746 0.16138497652582162
0 0.9670123606220656 0.6938347678664579 0.03301056338028177 0.1866197183098593
0 0.024760062108763695 0.2202318075117371 0.16153169014084504 0.17429577464788726
0 0.40641230193661976 0.009469005390366892 0.2337147887323944 0.08568075117370892
0 0.6906891872065728 0.00482850808555034 0.1558098591549296 0.14436619718309857
0 0.9718505477308295 0.3856660798122066 0.028169014084507026 0.11091549295774654
0 0.8610111624608764 0.9431229351417145 0.1377640845070423 0.05164319248826298
