0 0.7152826682316119 0.4414770257346548 0.07746478873239432 0.17546948356807518
0 0.24872450850938965 0.40156603199443575 0.06470070422535217 0.17018779342723003
0 0.7967331768388105 0.08000076073726309 0.11267605633802825 0.20363849765258216
0 0.40718377102895154 0.3997967744740046 0.07702464788732391 0.16079812206572766
0 0.6294493960289516 0.12162178316814468 0.06910211267605636 0.15434272300469482
0 0.4388647422730829 0.6943683707181358 0.06382042253521121 0.12910798122065742
0 0.608739241001565 0.4097939488784559 0.0352112676056337 0.1830985915492958
0 0.9173143461463225 0.08175371674491393 0.08758802816901405 0.1954225352112676
0 0.3292592796361502 0.41328681968353326 0.048855633802816927 0.1525821596244131
0 0.5291033964201878 0.696747848200313 0.07790492957746473 0.16373239436619721
0 0.3847142752347418 0.6767524126238914 0.04489436619718303 0.11795774647887325
0 0.2394674907081377 0.15796274560945922 0.04445422535211275 0.10680751173708922
0 0.7165862798317684 0.1667775169535733 0.05325704225352123 0.11971830985915496
0 0.39484668427230046 0.18556718396800556 0.058098591549295815 0.13086854460093894
0 0.6518806851525821 0.4649196878803686 0.046214788732394395 0.14143192488262904
0 0.2861340351134585 0.6591690575552078 0.061179577464788755 0.14201877934272297
0 0.5079631871087638 0.4080306685793775 0.05853873239436614 0.1801643192488263
0 0.1782909697769953 0.1626461702312641 0.048855633802816927 0.09448356807511739
0 0.08145814994131456 0.6338979090592941 0.04621478873239437 0.10269953051643188
0 0.17081102063771517 0.5030081724917406 0.05237676056338029 0.0798122065727699
0 0.11930812304381845 0.14976308468092503 0.04313380281690142 0.12441314553990614
0 0.030837979264475745 0.6233312684750478 0.040492957746478875 0.09917840375586856
0 0.9199441876956181 0.43385443835854637 0.07174295774647893 0.18251173708920185
0 0.6822708822378716 0.7260807902973396 0.07570422535211271 0.15316901408450703
0 0.28174149061032866 0.882141692749087 0.07394366197183098 0.10739436619718316
0 0.41203479557902967 0.9026636671883151 0.09066901408450702 0.0880281690140845
0 0.05550084360328639 0.8463810641627543 0.06205985915492958 0.14788732394366208
0 0.13253038194444444 0.8997299382716049 0.06910211267605633 0.08861502347417859
0 0.20075893730438182 0.6609274474004522 0.07878521126760564 0.13967136150234738
0 0.9217047510758998 0.7566042862110937 0.07174295774647893 0.16079812206572774
0 0.12062273816510173 0.39740479916536253 0.034771126760563376 0.11267605633802814
0 0.03702195813771518 0.42439195357329157 0.07218309859154928 0.10387323943661973
0 0.15451511150234742 0.6368593505477308 0.036971830985915506 0.13204225352112686
0 0.6272288243348982 0.7149283820205181 0.04049295774647892 0.15082159624413144
0 0.7738311815336464 0.7072742783863676 0.09154929577464783 0.12382629107981226
