0 0.5867526775234743 0.2801501912710833 0.0647007042253521 0.23826291079812198
0 0.6268021322378717 0.604700812902104 0.05985915492957735 0.2599765258215963
0 0.281729570129108 0.6147093983655018 0.056778169014084494 0.29460093896713613
0 0.5625430971244132 0.6252233307250913 0.0620598591549296 0.24119718309859153
0 0.36228054088419404 0.27196139801773606 0.06426056338028169 0.2676056338028169
0 0.7152628007629107 0.2701731220657277 0.04885563380281689 0.23767605633802816
0 0.43445446987480435 0.6287770605112154 0.051056338028169064 0.27640845070422543
0 0.16112853335289518 0.4261704486176317 0.05325704225352111 0.1232394366197184
0 0.35611215033255084 0.6340511432794297 0.05501760563380284 0.2681924882629108
0 0.7786421654929577 0.26780722917753436 0.04753521126760568 0.21772300469483563
0 0.0656259169600939 0.049985872022257 0.06470070422535211 0.11150234741784039
0 0.22275161384976527 0.2747685185185186 0.05809859154929574 0.13028169014084504
0 0.8354197232003131 0.2648533950617284 0.04665492957746472 0.19659624413145535
0 0.14968212050078247 0.045895279081898804 0.049295774647887355 0.13028169014084506
0 0.09114613898669797 0.4314537689097548 0.05325704225352113 0.1250000000000001
0 0.509273523082942 0.6264214919144496 0.044014084507042306 0.26760563380281704
0 0.5145649941314555 0.24674241436271951 0.05809859154929574 0.2846244131455399
0 0.5229258362676057 0.07108383324639192 0.05545774647887324 0.08039906103286384
0 0.09247022936228483 0.28942792557816027 0.0585387323943662 0.11737089201877937
0 0.20690470950704223 0.051167731698834984 0.05545774647887324 0.12030516431924883
0 0.3015264329029734 0.2401946400625978 0.04313380281690146 0.18485915492957752
0 0.44238342380672924 0.2531950965049557 0.06029929577464783 0.2816901408450704
0 0.6663989143192488 0.25903592853416796 0.03697183098591555 0.2517605633802817
0 0.01984393339201878 0.43028821074595724 0.054137323943661976 0.13380281690140847
0 0.10521872554773082 0.7624358807163972 0.03609154929577464 0.1208920187793426
0 0.4397444126564945 0.062275039123630666 0.06294014084507041 0.07394366197183098
0 0.3675634536384977 0.05523115545122587 0.06602112676056338 0.0721830985915493
0 0.03041067586071988 0.6532738871500609 0.058978873239436624 0.11326291079812208
0 0.15893180262128326 0.2876679055816379 0.058978873239436624 0.11795774647887325
0 0.22318564162754304 0.4261688184663537 0.049295774647887335 0.12147887323943657
0 0.2306619229264476 0.6574378368979308 0.04049295774647889 0.17370892018779344
0 0.14703393974960877 0.7688717179620936 0.03873239436619718 0.09976525821596233
0 0.9084769904147105 0.2736404538341158 0.03785211267605636 0.17957746478873238
0 0.7562069028755869 0.5976438880194749 0.06470070422535201 0.24413145539906098
0 0.8336741368348983 0.6052469135802468 0.06822183098591555 0.21596244131455405
0 0.7055769512910798 0.6187668448965398 0.04489436619718303 0.24002347417840378
0 0.7786464446400626 0.007174839158407234 0.05369718309859163 0.1431924882629108
0 0.8490671459311425 0.010117805599026258 0.051056338028168904 0.15258215962441313
0 0.9142101305751174 0.011298035124326204 0.05413732394366204 0.1596244131455399
0 0.04140105389280125 0.7759552686489307 0.04005281690140845 0.14436619718309845
0 0.002689749608763693 0.2771224569640062 0.07042253521126761 0.13732394366197184
0 0.5167644757433489 0.06814738741088507 0.05633802816901413 0.07805164319248825
0 0.5858656714593113 0.07108437663015127 0.05501760563380292 0.08098591549295776
0 0.6501121747848201 0.07988882368283777 0.034771126760563376 0.08274647887323941
0 0.5801478139671362 0.005928860198226396 0.06073943661971839 0.06514084507042253
