0 0.4633803798010973 0.66942539247066 0.045524691358024685 0.20164609053497937
0 0.5640750921639233 0.6786727442463039 0.045910493827160476 0.1887860082304527
0 0.37271599579903975 0.6555360272824263 0.0443672839506173 0.20113168724279842
0 0.4973910108024691 0.36076198369151047 0.13194444444444453 0.17849794238683123
0 0.9410140174897119 0.11281197607072092 0.06018518518518524 0.17026748971193417
0 0.3194873113854595 0.07990207285474775 0.061728395061728454 0.18312757201646088
0 0.646263342335391 0.08711896052431033 0.06365740740740745 0.19958847736625512
0 0.1562845614711934 0.058798201493674734 0.04976851851851853 0.16872427983539096
0 0.38738934970850486 0.07322006934918457 0.06288580246913572 0.18878600823045266
0 0.5802932634602195 0.06705532693187015 0.0667438271604938 0.19753086419753085
0 0.45336210776748964 0.0655154511507392 0.06365740740740738 0.20113168724279837
0 0.5193319187242799 0.07012936290199664 0.06018518518518508 0.184156378600823
0 0.21608849879972564 0.0598236739826246 0.05632716049382718 0.16512345679012344
0 0.22186481910150893 0.6781478623685414 0.04089506172839504 0.177469135802469
0 0.7766632373113853 0.07837934385002286 0.06172839506172841 0.20524691358024688
0 0.2735626178840878 0.06292914570949551 0.041280864197530874 0.18569958847736626
0 0.18212582518861456 0.343246551592745 0.03896604938271607 0.15072016460905344
0 0.6404663923182442 0.3622799497027892 0.0493827160493827 0.15123456790123455
0 0.23309327846364883 0.3412103718945283 0.0987654320987654 0.17386831275720158
0 0.3457671574931413 0.3397076474622771 0.12692901234567902 0.21759259259259264
0 0.07140587491426612 0.3936623609205914 0.046682098765432105 0.155349794238683
0 0.7847538365912208 0.3741941015089163 0.04552469135802476 0.24074074074074078
0 0.840705911351166 0.10152082380734645 0.060956790123456825 0.1980452674897119
0 0.6427771883573388 0.683807727480567 0.04359567901234564 0.17901234567901228
0 0.7076048632544581 0.08763812680993752 0.062114197530864126 0.20473251028806583
0 0.8526598936899864 0.3669753086419753 0.05246913580246905 0.2222222222222222
0 0.9097522290809328 0.1040818853833257 0.04320987654320984 0.18621399176954737
0 0.9224834426440329 0.3911479766803841 0.042824074074074125 0.21759259259259253
0 0.6902378579389575 0.35559175430574613 0.05362654320987651 0.15020576131687238
0 0.6859771519204388 0.6853442691662857 0.02932098765432103 0.17181069958847736
0 0.6821185913923183 0.5427569158664838 0.028549382716049364 0.06635802469135799
0 0.8152383937757202 0.7033498132906569 0.0543981481481481 0.17335390946502052
0 0.3175499935699589 0.6719693072702332 0.04976851851851853 0.1712962962962963
0 0.09611304012345678 0.632908950617284 0.06944444444444446 0.20833333333333323
0 0.00044099365569272975 0.6041271338210639 0.0794753086419753 0.2350823045267489
0 0.2716325338648834 0.6771214372809022 0.0397376543209877 0.1800411522633745
0 0.5096713177297668 0.6709595526596556 0.03780864197530865 0.19187242798353904
0 0.7264915016289437 0.6842787875323882 0.03665123456790127 0.13220164609053503
0 0.7608338155864198 0.698176726108825 0.04513888888888889 0.14197530864197525
0 0.8723267103909466 0.7054112368541381 0.0393518518518519 0.1774691358024691
0 0.9429323131001373 0.7136150167657369 0.044753086419753015 0.1486625514403292
0 0.0015866126543209876 0.26262002743484225 0.0625 0.29629629629629634
