0 0.05505611795774649 0.812903190749435 0.05545774647887324 0.11854460093896711
0 0.0004759022887323944 0.8052811467570856 0.05149647887323943 0.12617370892018795
0 0.16686197916666667 0.7765578812380456 0.06998239436619717 0.16138497652582162
0 0.24256009145148666 0.8082268301165014 0.061179577464788755 0.13849765258215965
0 0.30902197036384976 0.7753934098417665 0.0620598591549296 0.17136150234741795
0 0.37899122163536775 0.8234502695183447 0.04313380281690142 0.10093896713615028
0 0.4243364265453834 0.8381303251608416 0.058538732394366216 0.11032863849765262
0 0.4909052841353678 0.7736453442879498 0.21346830985915485 0.18485915492957747
0 0.7187979875782473 0.7994392279603548 0.06910211267605636 0.15492957746478864
0 0.793169869913928 0.8457616066770997 0.051936619718309866 0.1126760563380282
0 0.8521517996870108 0.853380933750652 0.056338028169014204 0.1021126760563379
0 0.9062921801643193 0.8486877282211789 0.06073943661971823 0.10387323943661984
0 0.4806869865023475 0.5101270431229351 0.07658450704225343 0.16255868544600938
0 0.5757488507433489 0.5330056729264475 0.06426056338028177 0.15316901408450703
0 0.6488155932120502 0.5552773430707703 0.06910211267605636 0.12206572769953054
0 0.7381592943075118 0.567612154407929 0.06205985915492944 0.13380281690140847
0 0.8103555359937401 0.5148332898626325 0.08098591549295785 0.17488262910798127
0 0.8912852112676057 0.5164319248826291 0.0 0.0
0 0.8913338101525822 0.5165764649626152 0.06998239436619716 0.15610328638497648
0 0.1928162289710485 0.575210289514867 0.049735915492957736 0.10035211267605641
0 0.26501277631064163 0.49252956007650833 0.06910211267605632 0.17136150234741784
0 0.3429137323943661 0.5541074378368979 0.06338028169014089 0.12617370892018773
0 0.41421257580203447 0.5687695618153364 0.05765845070422534 0.11619718309859163
0 0.10964672584115806 0.5476580159972178 0.0743838028169014 0.13262910798122063
0 0.05065715473395931 0.5582105286037211 0.05897887323943663 0.1208920187793427
0 0.0009126809467918623 0.5406222830812033 0.04665492957746479 0.13967136150234727
0 0.042741649550078246 0.26949443575030424 0.06910211267605636 0.13849765258215965
0 0.11625189505086073 0.22611991392801253 0.07878521126760564 0.1954225352112676
0 0.20074976770344288 0.27125771604938276 0.06558098591549298 0.14143192488262904
0 0.2641251589397496 0.2923676317162232 0.05853873239436618 0.12323943661971834
0 0.3270732467723005 0.26832616066771 0.0699823943661972 0.14436619718309857
0 0.39969159575508606 0.2935402538688924 0.06294014084507041 0.12206572769953049
0 0.4670435372652582 0.23784613545470354 0.0779049295774648 0.18368544600938969
0 0.5449429650821597 0.2753716744913928 0.06998239436619716 0.14788732394366194
0 0.6198240659233176 0.2906130455572944 0.15228873239436622 0.12969483568075116
0 0.7663463419405321 0.2214223613284646 0.08802816901408445 0.19248826291079815
0 0.8543735939945226 0.21672915579899146 0.08670774647887325 0.1942488262910798
0 0.943257286776213 0.24253825421665795 0.051056338028168904 0.1807511737089202
0 0.06565770491001564 0.004775799860893758 0.11047535211267605 0.08744131455399061
0 0.17701517263302033 0.0006727090940705965 0.1131161971830986 0.09272300469483569
0 0.29010600058685443 0.003001108502869066 0.07658450704225359 0.0721830985915493
0 0.3680029831768388 0.003007085724221874 0.06514084507042249 0.07863849765258216
0 0.43668879597026594 0.005939727873413319 0.09947183098591555 0.07687793427230047
0 0.6312182120500782 0.0006574943488089029 0.08098591549295778 0.07629107981220658
0 0.7152848078051642 0.0018371804903495046 0.08054577464788745 0.08274647887323944
0 0.794511382531299 0.003007085724221874 0.08230633802816906 0.07863849765258216
0 0.8803302890258217 0.004772539558337681 0.06998239436619716 0.08392018779342723
0 0.0022428843896713617 0.010639997391757956 0.06073943661971831 0.08274647887323944
0 0.9560164808294209 0.0077024647887323945 0.044014084507042306 0.07922535211267608
