0 0.8156301961071988 0.21663841071118065 0.07086267605633796 0.09624413145539905
0 0.8886740145735523 0.23714191010259086 0.042693661971830936 0.05692488262910797
0 0.902770136443662 0.4871891844896539 0.059419014084507026 0.10798122065727703
0 0.3816445984937403 0.1262394583550687 0.06117957746478871 0.07100938967136149
0 0.5405378887910798 0.7025837897756912 0.06470070422535217 0.12852112676056332
0 0.6884200166275432 0.5012633672404799 0.05721830985915493 0.09683098591549298
0 0.7575160162363067 0.4061815336463223 0.04841549295774649 0.08450704225352118
0 0.4049757311228482 0.5065537515214746 0.06646126760563385 0.10622065727699521
0 0.697665419600939 0.6972868848895843 0.06073943661971823 0.11208920187793434
0 0.16640502738654148 0.6931691227612589 0.04577464788732393 0.10152582159624414
0 0.45911183245305165 0.6890872239610503 0.06470070422535217 0.12969483568075107
0 0.6184403731416276 0.7025745522517823 0.06117957746478871 0.11854460093896711
0 0.6188823479068858 0.5082985567727352 0.06382042253521121 0.08920187793427235
0 0.8547883656103287 0.3938575899843505 0.050176056338028095 0.08450704225352118
0 0.34950514720266046 0.6826073726308468 0.04797535211267605 0.10328638497652586
0 0.27160113458528945 0.6843652190923318 0.049295774647887335 0.1003521126760563
0 0.2531210265062598 0.40501706225004347 0.05765845070422537 0.09448356807511739
0 0.03833596195226917 0.5306093505477308 0.06294014084507042 0.10035211267605641
0 0.9362064749608764 0.1462060945922448 0.03873239436619716 0.08568075117370892
0 0.2170206132629108 0.6908184446183272 0.04489436619718311 0.09800469483568072
0 0.45690837734741785 0.18790482090071292 0.06073943661971831 0.12030516431924883
0 0.6149213859546165 0.18085876369327072 0.06426056338028177 0.11619718309859157
0 0.20337777533255086 0.4196873369848722 0.04709507042253524 0.09330985915492965
0 0.043162534233176834 0.7148957789949574 0.04137323943661972 0.11561032863849766
0 0.8098854411189358 0.41087962962962965 0.03785211267605636 0.08802816901408445
0 0.3358665884194053 0.5235616631890107 0.05633802816901413 0.09448356807511739
0 0.7425634536384976 0.22777017040514694 0.06602112676056338 0.07629107981220658
0 0.4049659502151799 0.4149881542340463 0.05237676056338027 0.08861502347417832
0 0.10302688526995304 0.7113681316292819 0.04885563380281691 0.1085680751173709
0 0.7073375146713614 0.40559250565119104 0.04489436619718319 0.08215962441314559
0 0.02467967527386541 0.22426154147104851 0.04577464788732395 0.08978873239436619
0 0.7702822403169013 0.7002217005738132 0.05149647887323962 0.11267605633802831
0 0.2949313502543036 0.13388160754651363 0.05325704225352115 0.08509389671361502
0 0.8605037778755867 0.500081507563902 0.040933098591549484 0.0880281690140845
0 0.32926936619718306 0.40501869240132155 0.06338028169014084 0.096244131455399
0 0.2583975205399061 0.5217945792036167 0.05017605633802818 0.08744131455399064
0 0.5334831034820031 0.3979644844374891 0.046654929577464796 0.08333333333333333
0 0.23550775136932706 0.13504825247782992 0.04665492957746484 0.0774647887323944
0 0.6584831034820031 0.40382433489827857 0.046654929577464796 0.07394366197183094
0 0.17389567439358372 0.22895366023300295 0.05765845070422536 0.08685446009389672
0 0.4863865047926447 0.5094858502869066 0.04445422535211271 0.10387323943661973
0 0.07882433489827857 0.2084365762476091 0.05633802816901407 0.11150234741784036
0 0.5537289710485133 0.5047834072335247 0.045774647887323994 0.09565727699530524
0 0.14527765551643193 0.21077856025039124 0.04489436619718309 0.10563380281690139
0 0.16156775723787167 0.5259188619370546 0.051936619718309866 0.10504694835680747
0 0.17476923170970265 0.12508639801773605 0.04797535211267607 0.09330985915492958
0 0.15319927376760561 0.42378716744913925 0.04357394366197186 0.08450704225352107
0 0.9089327195813772 0.6984453790645105 0.06029929577464783 0.09565727699530513
0 0.7641135441118935 0.49599743522865586 0.041813380281690134 0.11384976525821594
0 0.9142037118544601 0.38094624847852543 0.04489436619718311 0.0839201877934272
0 0.7478399476721438 0.11393290297339594 0.058538732394366216 0.08978873239436619
0 0.825300151604069 0.6902315901582333 0.051936619718309866 0.09800469483568072
0 0.544936852014867 0.8281668405494698 0.06117957746478879 0.12441314553990614
0 0.6201997139084506 0.8264019300991132 0.059419014084507026 0.11971830985915496
0 0.3314648743153365 0.8099488132498697 0.05589788732394364 0.09683098591549287
0 0.06959696547339593 0.8551621457137889 0.07878521126760564 0.12441314553990623
0 0.7011795163341158 0.826392149191445 0.050616197183098656 0.10915492957746477
0 0.14837239583333334 0.8352063771517997 0.0647007042253521 0.12147887323943668
0 0.8521539392605634 0.8105470787689097 0.059419014084507185 0.10915492957746477
0 0.46306882091158064 0.8199372935141714 0.058538732394366216 0.10974178403755853
0 0.4045239754499218 0.7894322726482351 0.04973591549295778 0.12206572769953054
0 0.2601651139475743 0.8064369240132152 0.060299295774647946 0.10680751173708908
0 0.7746885392214397 0.8398729568770649 0.058538732394366216 0.09096244131455407
0 0.9221286922926448 0.8111355633802816 0.04841549295774649 0.11091549295774648
0 0.08498569542253522 0.10748837158754998 0.055457746478873235 0.10152582159624414
0 0.236387116099374 0.23833898452443053 0.04533450704225355 0.08215962441314555
0 0.2909612187010955 0.23248456790123456 0.04049295774647885 0.09741784037558687
0 0.3385004034624413 0.2336528429838289 0.046214788732394395 0.09154929577464783
0 0.35697684370109545 0.1397441749260998 0.03257042253521121 0.07863849765258216
0 0.39527368202269175 0.2166351504086246 0.03917253521126756 0.09272300469483567
0 0.5260199652777777 0.20021735350373848 0.0743838028169015 0.10798122065727699
0 0.4507363189553991 0.14733904973048162 0.04621478873239432 0.04166666666666669
0 0.5110389769170579 0.15202790818988002 0.05105633802816898 0.035211267605633804
0 0.5841038854655712 0.15965429925230396 0.05325704225352115 0.0322769953051643
0 0.6870913414514868 0.13037895583376802 0.04533450704225351 0.10504694835680753
0 0.6892911287167449 0.2248391584072335 0.044014084507042306 0.07981220657276995
0 0.9362107541079813 0.2383205094766128 0.04489436619718311 0.06220657276995307
0 0.04668794014084507 0.40855666405842467 0.04753521126760563 0.11443661971830986
0 0.00970296606025039 0.41616838375934617 0.02860915492957746 0.09565727699530518
0 0.0013460974178403755 0.5259199487045733 0.03697183098591549 0.10622065727699521
0 0.1100700557511737 0.5288487871674492 0.05017605633802818 0.1003521126760563
0 0.10434394561815336 0.4255509911319771 0.044014084507042264 0.0880281690140845
0 0.22009456915101724 0.5241642757781255 0.03477112676056334 0.11150234741784036
0 0.4705484643974961 0.3944591158059467 0.05457746478873244 0.10035211267605641
0 0.8050475596635369 0.4965745087810816 0.043133802816901344 0.10328638497652586
0 0.9652505746283255 0.3715832029212311 0.03125 0.11267605633802814
0 0.9626106465179968 0.4854291644931315 0.03257042253521136 0.108568075117371
0 0.004877005086071987 0.8422719961745784 0.05105633802816902 0.14671361502347424
0 0.4010052939162755 0.6849575073900191 0.05325704225352115 0.10622065727699531
0 0.21569866246087635 0.8023441575378195 0.04269366197183098 0.1232394366197184
