0 0.49390496625586855 0.6065635324291426 0.09639084507042257 0.3703051643192489
0 0.7720623655125195 0.6106519518344636 0.07966549295774648 0.34917840375586845
0 0.6822785235719874 0.6147832985567728 0.08670774647887325 0.3744131455399061
0 0.09425279978482003 0.1810234089723526 0.0902288732394366 0.29401408450704225
0 0.0004899623435054774 0.17398332898626329 0.07174295774647887 0.2963615023474178
0 0.47189609008215966 0.09779277516953573 0.09375 0.40492957746478875
0 0.38034037558685446 0.08840908102938619 0.08450704225352115 0.4113849765258216
0 0.19900846048513307 0.09015932011824031 0.09330985915492956 0.40023474178403756
0 0.9001497701486697 0.6053425491218918 0.08890845070422526 0.3192488262910799
0 0.292752653071205 0.09250891149365327 0.08494718309859156 0.4025821596244131
0 0.2874779929577465 0.6006803164667015 0.09507042253521121 0.3544600938967135
0 0.19592625195618155 0.5948286167623023 0.0915492957746479 0.37265258215962443
0 0.1034966744913928 0.5942341549295774 0.0915492957746479 0.3644366197183098
0 0.40322769953051646 0.5924621804903495 0.08450704225352115 0.3521126760563379
0 0.6325484154929577 0.25492849069727 0.09507042253521136 0.25234741784037557
0 0.9560164808294209 0.1787210919840028 0.044014084507042306 0.3427230046948357
0 0.5898562817879499 0.6077274604416624 0.09727112676056338 0.35974178403755863
0 0.008869143681533647 0.5889530081724917 0.09551056338028169 0.3650234741784038
0 0.8517037118544601 0.583056750999826 0.04489436619718311 0.33509389671361517
