0 0.03786785193758573 0.11273243408017071 0.08526234567901235 0.08436213991769546
0 0.1350946287722908 0.11787170400853529 0.091820987654321 0.07921810699588476
0 0.23425363297325102 0.11375695397043133 0.10300925925925924 0.07973251028806584
0 0.3472859867969822 0.10913637402834934 0.09182098765432103 0.08950617283950618
0 0.4649844071502058 0.10656102347203171 0.13310185185185192 0.08590534979423871
0 0.617368076989026 0.10554460067062948 0.12114197530864199 0.0992798353909465
0 0.761659540037723 0.10555126886145405 0.12307098765432095 0.10648148148148147
0 0.9159467699759946 0.11376838515470201 0.07445987654320985 0.09207818930041153
0 0.9298284250685871 0.3112911522633745 0.06404320987654318 0.08333333333333329
0 0.7250490290637861 0.2804507696997409 0.18171296296296285 0.10905349794238682
0 0.5467948924039779 0.28815395900015245 0.16242283950617287 0.09516460905349794
0 0.35119625557270234 0.2794005296448712 0.16705246913580246 0.08590534979423863
0 0.243505658436214 0.2855743217497333 0.09259259259259262 0.08693415637860084
0 0.14165380658436214 0.28196778311233045 0.0925925925925926 0.08076131687242799
0 0.06332197359396434 0.2583328570339888 0.07253086419753085 0.11059670781893
0 0.005432581018518519 0.299944749276025 0.0451388888888889 0.05144032921810704
0 0.011207829646776406 0.44451731824417007 0.02816358024691358 0.0787037037037037
0 0.05405467678326474 0.44245446578265507 0.06095679012345678 0.07304526748971191
0 0.12388545953360766 0.4532574112178021 0.06172839506172841 0.07355967078189307
0 0.21416805984224968 0.44965849336991315 0.06867283950617281 0.07561728395061736
0 0.29596139831961593 0.4640541647614693 0.07330246913580242 0.06738683127572005
0 0.41056536136831273 0.4727990207285475 0.10300925925925929 0.06738683127572005
0 0.5209029921124828 0.465601661332114 0.10030864197530866 0.07201646090534979
0 0.6320057977537723 0.47795067443987194 0.08834876543209873 0.07561728395061725
0 0.7292234653635117 0.4815414951989026 0.08179012345679015 0.06481481481481481
0 0.8202862439986283 0.4640670248437739 0.10108024691358032 0.08127572016460904
0 0.9359956382887518 0.4681793933851547 0.05594135802469127 0.07818930041152264
0 0.8781458976337448 0.6209867017222984 0.0856481481481481 0.110082304526749
0 0.7901821309156378 0.630767508763908 0.0844907407407408 0.11779835390946508
0 0.6937315136316873 0.6173801630848956 0.08449074074074063 0.10390946502057619
0 0.6046028377914953 0.6358829637250419 0.0725308641975308 0.08693415637860075
0 0.5097013245884774 0.6235487158969669 0.08101851851851849 0.09927983539094645
0 0.40901438185871053 0.6183956332876086 0.09182098765432095 0.08950617283950614
0 0.28942070687585736 0.6271281054717269 0.09915123456790123 0.07613168724279831
0 0.22765614283264746 0.6440819806431946 0.047067901234567895 0.05298353909465016
0 0.1624619555898491 0.6322511812223747 0.05632716049382716 0.05349794238683122
0 0.050603352194787385 0.6307165447340344 0.09104938271604937 0.06275720164609058
0 0.0679566936728395 0.7680707971345831 0.0798611111111111 0.07201646090534973
0 0.16710417738340191 0.7886245427526292 0.07445987654320987 0.04783950617283957
0 0.260865162037037 0.7947964296601128 0.09027777777777778 0.04681069958847746
0 0.35924452374828536 0.7948088134430726 0.0898919753086419 0.06018518518518529
0 0.4603178047839506 0.7691124638012498 0.07986111111111104 0.08590534979423874
0 0.5494362997256516 0.7716720964791953 0.07716049382716056 0.0725308641975308
0 0.6366046167695474 0.7767875514403292 0.04398148148148151 0.041666666666666664
0 0.694498563957476 0.7804231443377533 0.07793209876543207 0.07921810699588487
0 0.7870772247942388 0.7814147995732358 0.057870370370370315 0.03909465020576148
0 0.8488195516117969 0.7814557613168723 0.07793209876543207 0.08333333333333344
0 0.9533460326646092 0.7927621551592746 0.0405092592592592 0.07201646090534973
0 0.010064621913580245 0.7521166742874562 0.04861111111111111 0.0637860082304527
