0 0.02913793525039124 0.08587908624587028 0.12764084507042256 0.21420187793427234
0 0.4367184443466353 0.08882150930272996 0.1421654929577465 0.22300469483568075
0 0.40722014377934274 0.6850580333854982 0.12940140845070427 0.2147887323943661
0 0.2712095926251956 0.8023370935489479 0.11927816901408449 0.11561032863849777
0 0.2637299491392801 0.5706464093201182 0.12323943661971831 0.2417840375586853
0 0.5630455912558685 0.5088984524430534 0.1518485915492958 0.10328638497652576
0 0.829746491099374 0.7483888671535385 0.11663732394366204 0.16138497652582162
0 0.812124352014867 0.46082800817249175 0.0928697183098592 0.15903755868544595
0 0.8213679210680752 0.637415232133542 0.09375 0.09859154929577459
0 0.4331695031298904 0.5066162406537994 0.10211267605633804 0.17370892018779333
0 0.720131247554773 0.5524202312641279 0.0875880281690142 0.20539906103286387
0 0.16116949090375587 0.6739034515736394 0.1122359154929577 0.21009389671361506
0 0.5648003472222223 0.8392703442879499 0.14348591549295778 0.073943661971831
0 0.5656910211267606 0.632234067988176 0.15845070422535218 0.20715962441314548
0 0.0004988262910798122 0.7120337767344811 0.08450704225352113 0.19366197183098585
0 0.3108182951877934 0.4490588593288124 0.11355633802816899 0.12441314553990614
