0 0.00054222906885759 0.0007042253521126761 0.14700704225352113 0.1267605633802817
0 0.16121625586854463 0.0007053121196313685 0.1795774647887324 0.12793427230046947
0 0.347392776799687 0.0007112893409841767 0.1751760563380281 0.13438967136150234
0 0.5326905443075117 0.005408841940532081 0.1729753521126761 0.13732394366197184
0 0.742193307413928 0.0007303077725612937 0.16681338028169013 0.15492957746478875
0 0.0005015771713615025 0.2373277473482873 0.08846830985915494 0.2576291079812207
0 0.09954824432707357 0.23850308641975307 0.1100352112676056 0.2593896713615023
0 0.21401542938184662 0.2367485002608242 0.1540492957746479 0.26584507042253525
0 0.37511095217136153 0.24202964701790994 0.15977112676056338 0.2652582159624413
0 0.5688215228873239 0.29596754912189177 0.22975352112676062 0.2083333333333334
0 0.7773868471244132 0.3094510737263084 0.14128521126760568 0.19307511737089203
0 0.002271615805946792 0.6093739132324814 0.10211267605633802 0.23650234741784035
0 0.10881045823552425 0.6293025126065033 0.13776408450704228 0.21009389671361495
0 0.2514264842527386 0.6492571944009737 0.15272887323943665 0.21185446009389677
0 0.41468664417057893 0.6351830116501478 0.1065140845070423 0.22300469483568083
0 0.5225202342527386 0.6398735002608242 0.10519366197183101 0.21830985915492965
0 0.6312585582942097 0.6246234350547731 0.13908450704225345 0.227112676056338
0 0.7610970510563381 0.6340103894974788 0.13468309859154917 0.22417840375586856
0 0.9348918598395931 0.6726710572074421 0.04709507042253528 0.14671361502347413
