0 0.0004632308813443073 0.2153177869227252 0.11149691358024692 0.3209876543209877
0 0.11854397076474622 0.23537618122237464 0.1477623456790124 0.3173868312757201
0 0.3955011145404664 0.28983291418991003 0.07716049382716048 0.2417695473251028
0 0.49657252014746234 0.3592130582228319 0.06442901234567897 0.17232510288065836
0 0.593023137431413 0.43167819311080624 0.06442901234567905 0.10133744855967079
0 0.6941017768347051 0.3684751752781588 0.06211419753086421 0.17541152263374493
0 0.7620024755658436 0.3695030292638317 0.0613425925925927 0.17438271604938274
0 0.8345255701303155 0.44402244322511814 0.05015432098765445 0.09979423868312762
0 0.8869968492798352 0.43632877991159885 0.0532407407407408 0.12397119341563784
0 0.9425553519375857 0.4347846174363664 0.0574845679012346 0.12294238683127566
0 0.6007434735082304 0.5937657178783723 0.07060185185185183 0.15586419753086414
0 0.5293668016975309 0.648239121322969 0.06597222222222222 0.09825102880658435
0 0.3954978995198903 0.6420634240207285 0.07253086419753087 0.095164609053498
0 0.2889998070987654 0.5767751676573692 0.04861111111111111 0.13940329218106995
0 0.3487930276920439 0.5767708809632677 0.03973765432098766 0.1347736625514404
0 0.460311106824417 0.5844321559213534 0.07021604938271603 0.07561728395061736
0 0.7292076581790123 0.6024981900624905 0.059027777777777776 0.1424897119341563
0 0.798267103909465 0.637450941167505 0.06018518518518524 0.1136831275720164
0 0.923266300154321 0.635906302392928 0.059027777777777776 0.11213991769547313
0 0.10967506858710563 0.6225746837372352 0.15432098765432098 0.15843621399176952
0 0.007406603652263375 0.6056012802926383 0.1099537037037037 0.16049382716049387
0 0.0062256194272976685 0.8838486892242037 0.07600308641975309 0.11213991769547334
0 0.09380117241083676 0.90235148986435 0.07368827160493828 0.09516460905349788
0 0.16400007501714678 0.8977261469288217 0.04899691358024692 0.09979423868312762
0 0.21299698859739372 0.9038956523395824 0.048996913580246944 0.0961934156378601
0 0.2762763631687243 0.8174959038256364 0.060185185185185196 0.11779835390946497
0 0.33763154792524 0.8067077236701722 0.07831790123456793 0.13323045267489714
0 0.4182532793209877 0.8067091525682061 0.0625 0.13477366255144033
0 0.4819184563614541 0.8067120103642738 0.07368827160493825 0.13786008230452676
0 0.557919131515775 0.8041438042981254 0.07021604938271611 0.14197530864197525
0 0.6373920288923183 0.812824359853681 0.0667438271604938 0.0725308641975308
0 0.7099285193758574 0.811286865569273 0.07484567901234564 0.0787037037037037
0 0.633919806670096 0.8868874790428289 0.06674382716049389 0.06069958847736624
0 0.7076112932956105 0.8961367360158512 0.0713734567901235 0.04989711934156381
0 0.788239990569273 0.8159584095412286 0.06558641975308635 0.12397119341563778
0 0.8754401899005486 0.8144194863587868 0.07831790123456793 0.1286008230452674
0 0.293269086505487 0.049009773662551444 0.08526234567901231 0.1527777777777778
0 0.37620000643004115 0.049012631458619116 0.06134259259259262 0.1558641975308642
0 0.4433390132030179 0.062387117055326936 0.07484567901234564 0.1558641975308642
0 0.5224301268861454 0.08090134887974394 0.07716049382716048 0.1512345679012346
0 0.6053784615054869 0.08964763374485596 0.07831790123456793 0.15277777777777782
0 0.7064587084190671 0.12614216582837984 0.07831790123456793 0.12242798353909463
0 0.7870866019375858 0.11843611873190063 0.07137345679012333 0.13323045267489714
0 0.8630904921124828 0.11535970126505106 0.0725308641975308 0.14403292181069957
0 0.9379227752057612 0.1050811614083219 0.0532407407407408 0.154320987654321
0 0.30135030864197526 0.31547067901234566 0.055555555555555594 0.1527777777777778
