0 0.4309727723982786 0.5031929229699182 0.10783450704225352 0.27934272300469487
0 0.4547660529147105 0.1915150625978091 0.14480633802816897 0.21654929577464785
0 0.6872071840766824 0.003331485828551556 0.21214788732394366 0.4289906103286385
0 0.3636058538732394 0.4608367023126413 0.07130281690140844 0.16842723004694837
0 0.24038597906885759 0.5271202834289689 0.09947183098591547 0.13497652582159622
0 0.5920588199334897 0.1926958355068684 0.09991197183098603 0.22417840375586853
0 0.718019488458529 0.5091511258911494 0.21566901408450703 0.37617370892018775
0 0.5349098933881064 0.48333115979829594 0.1998239436619719 0.37793427230046944
0 0.02908627983176839 0.23720983307250915 0.053257042253521125 0.13028169014084504
0 0.0664915272887324 0.06466158059467919 0.04357394366197184 0.11619718309859155
0 0.07881975009780909 0.23251771431055468 0.049735915492957736 0.13321596244131453
0 0.2945248312793427 0.7542693661971832 0.10167253521126768 0.17429577464788729
0 0.8970785651408449 0.00627282211789254 0.10299295774647893 0.43661971830985913
0 0.048452477014866976 0.7976357372630846 0.053257042253521125 0.1085680751173709
0 0.5000712172339593 0.8534222309163624 0.10255281690140852 0.14671361502347413
0 0.3420630990805947 0.2618740219092332 0.10607394366197183 0.14788732394366194
0 0.3205151481807512 0.18550415145192142 0.13336267605633798 0.06279342723004697
0 0.20519916373239436 0.3087756477134412 0.13468309859154928 0.09741784037558679
0 0.20520680506651018 0.24830246913580248 0.14568661971830987 0.06807511737089197
0 0.9300652875586854 0.5303305946791862 0.06866197183098595 0.43309859154929575
0 0.47626601623630666 0.8234763519387932 0.04841549295774649 0.1291079812206573
0 0.008824212636932708 0.7407298730655538 0.03080985915492958 0.1291079812206572
0 0.08013864436619719 0.6204344896539732 0.047535211267605626 0.13967136150234738
0 0.03039631015258216 0.06819466179794818 0.038292253521126765 0.12910798122065725
0 0.07089813184663538 0.42445063901930097 0.05105633802816901 0.16725352112676053
0 0.10921911678403756 0.8551654060163449 0.09242957746478873 0.12793427230046944
0 0.00046184223395931147 0.2407347635193879 0.03125 0.13438967136150234
