0 0.3372071840766824 0.2330257781255434 0.08538732394366191 0.048122065727699476
0 0.4217139206768388 0.17907972526517127 0.08494718309859156 0.09624413145539908
0 0.5145808881064163 0.23595515997217872 0.08098591549295778 0.04284037558685449
0 0.6963526383998435 0.1819781342375239 0.07174295774647876 0.057511737089201896
0 0.09380043280516431 0.2588658494174926 0.07262323943661972 0.06807511737089209
0 0.19064058832159628 0.502982090071292 0.0858274647887324 0.05164319248826288
0 0.36712270148669796 0.5616653625456443 0.06514084507042257 0.0492957746478874
0 0.2689728213028169 0.32516029820900705 0.06734154929577463 0.04636150234741789
0 0.44591188624804373 0.5076818162058773 0.07086267605633804 0.056924882629108026
0 0.6048045652386542 0.3204660059120153 0.07350352112676053 0.04694835680751171
0 0.36052456230438185 0.5111964223613283 0.07086267605633796 0.04988262910798127
0 0.6070055751173709 0.1784591810119979 0.07394366197183101 0.05985915492957748
0 0.17874455937010955 0.2553398322030951 0.06822183098591547 0.06279342723004694
0 0.7020735524256652 0.4343304425317336 0.07042253521126748 0.062793427230047
0 0.784823087832551 0.18138584593983656 0.0748239436619719 0.05164319248826291
0 0.26501216500391234 0.2524006694487915 0.06822183098591551 0.05751173708920184
0 0.7821813258020344 0.2617794731351069 0.07350352112676053 0.045774647887323966
0 0.5269048317683881 0.4988833463745435 0.08098591549295778 0.0616197183098592
0 0.17830686375195617 0.3286857720396453 0.07174295774647889 0.05105633802816901
0 0.6967909453247262 0.2500461876195444 0.06910211267605643 0.04988262910798127
0 0.11756773278560251 0.4959463571552773 0.07218309859154931 0.05868544600938964
0 0.4511932707355243 0.569288493305512 0.07042253521126764 0.04284037558685451
0 0.01942488262910798 0.26004010172143976 0.08450704225352113 0.0686619718309859
0 0.23419130232785604 0.7195324726134587 0.05237676056338027 0.052816901408450724
0 0.1937179063967136 0.5569770474700052 0.08054577464788733 0.05633802816901405
0 0.7042715057707355 0.5188206398887151 0.06646126760563385 0.04460093896713612
0 0.09071730731611893 0.18903179881759694 0.06954225352112678 0.06983568075117366
0 0.6083256919992176 0.2623723048165536 0.07350352112676053 0.052230046948356854
0 0.7685384878716744 0.0511161102416971 0.07570422535211271 0.06455399061032865
0 0.8477678134780907 0.0558065988523735 0.08142605633802825 0.05985915492957748
0 0.7795358959311424 0.32339919144496604 0.06690140845070434 0.045774647887323966
0 0.8591919136345852 0.32458322465658146 0.05325704225352123 0.056924882629108026
0 0.7852568099569639 0.5874733741957922 0.06558098591549298 0.03462441314553991
0 0.5150088028169014 0.9079084072335246 0.06338028169014089 0.048122065727699656
0 0.692821730731612 0.9196574508781081 0.057658450704225254 0.06103286384976533
0 0.06649458382237872 0.7864289906103287 0.04797535211267607 0.04753521126760558
0 0.2315553477112676 0.804025930272996 0.05941901408450707 0.038145539906103344
0 0.7597359766236308 0.9243370718135977 0.07614436619718311 0.04460093896713602
0 0.046707501956181535 0.0041405842462180495 0.07570422535211267 0.035211267605633804
0 0.04539105291471049 0.04228884107111806 0.08142605633802817 0.038145539906103275
0 0.043193405223004695 0.08630292557816031 0.08582746478873242 0.03814553990610329
0 0.1356199261541471 0.08220581203268996 0.08142605633802816 0.04988262910798121
0 0.13693484692879498 0.029387280472961224 0.07350352112676056 0.04812206572769952
0 0.13913493984741784 0.0029641584072335244 0.07262323943661972 0.03227699530516433
0 0.2192399623435055 0.0011981611893583724 0.07174295774647889 0.02640845070422535
0 0.21924454714397498 0.03231068509824379 0.0783450704225352 0.03638497652582161
0 0.22056710925273867 0.06870978960180839 0.08142605633802817 0.05164319248826291
0 0.3151943344092332 0.015892888193357678 0.07702464788732391 0.05164319248826291
0 0.3138717723004695 0.07340027821248478 0.07394366197183098 0.046948356807511735
0 0.4063059345657277 0.07340842896887499 0.08054577464788729 0.05575117370892018
0 0.3944294674295774 0.014712115284298383 0.09110915492957751 0.04401408450704225
0 0.4833342502934272 0.011775126065032167 0.08582746478873243 0.04107981220657277
0 0.4846613972026604 0.07340027821248478 0.09551056338028169 0.046948356807511735
0 0.5770949481611894 0.05991621022430881 0.10123239436619716 0.061619718309859156
0 0.586771933685446 0.0071063728047296125 0.09242957746478879 0.06924882629107983
0 0.6695159673317683 0.004161232829073206 0.08890845070422533 0.05751173708920188
0 0.6827156078834116 0.06460126499739176 0.08230633802816899 0.05105633802816902
0 0.768543072672144 0.0012160928534167973 0.08230633802816906 0.04577464788732394
0 0.853042779244914 0.004144931316292819 0.07174295774647876 0.03990610328638498
0 0.935782839397496 0.03823356807511737 0.0625 0.09507042253521127
0 0.865355719385759 0.1802105068683707 0.05589788732394364 0.04988262910798121
0 0.8640371307707353 0.23595081290210398 0.058538732394366376 0.038145539906103317
0 0.8631513473200313 0.27997467831681444 0.0506161971830985 0.04870892018779342
0 0.9203733250195618 0.32575149973917583 0.05589788732394364 0.05105633802816895
0 0.9212554406298903 0.2758634367936011 0.058538732394366376 0.04518779342723005
0 0.9225740292449139 0.22422893844548775 0.05589788732394364 0.05457746478873241
0 0.9278535798122066 0.17434630933750653 0.05281690140845067 0.05457746478873241
0 0.5110637348395931 0.28466897061380625 0.08670774647887317 0.04812206572769961
0 0.5088569175469484 0.17434630933750653 0.07790492957746473 0.05457746478873241
0 0.5132622994913927 0.337485872022257 0.08362676056338035 0.0481220657276995
0 0.43183074139280125 0.3386503434185359 0.07570422535211263 0.03814553990610329
0 0.4305112358176839 0.2887731481481482 0.07702464788732391 0.04401408450704225
0 0.4239121796752739 0.22598515475569467 0.08142605633802825 0.04988262910798119
0 0.34380562891236305 0.3239941966614502 0.08010563380281689 0.054577464788732384
0 0.34248917987089206 0.2858350721613633 0.0858274647887324 0.039906103286385004
0 0.3336842233959312 0.1673187271778821 0.08274647887323934 0.07042253521126758
0 0.2579760245500783 0.17611991392801252 0.07702464788732391 0.06866197183098595
0 0.10084238067292645 0.3210653581985742 0.07218309859154931 0.0604460093896714
0 0.032179186228482 0.3257623674143627 0.0704225352112676 0.06279342723004694
0 0.018097735719874806 0.18785972004868717 0.07482394366197183 0.07159624413145546
0 0.03570092429577465 0.4178881933576769 0.07130281690140844 0.05164319248826293
0 0.03877915933098591 0.4530951138932359 0.06734154929577464 0.04694835680751176
0 0.04757647447183099 0.49592733872370015 0.05941901408450703 0.038145539906103344
0 0.05329983372456963 0.5293878238567206 0.06161971830985916 0.04870892018779342
0 0.05990255770735523 0.5751526908363762 0.06250000000000001 0.038145539906103344
0 0.11712850890062598 0.43138964962615195 0.07350352112676058 0.05575117370892018
0 0.1259246014280125 0.5546263693270735 0.06382042253521128 0.05281690140845083
0 0.19064150528169016 0.43432935576421494 0.08714788732394364 0.06161971830985914
0 0.30065593212050074 0.46953790645105203 0.05721830985915493 0.05868544600938964
0 0.2808581523865415 0.5470026951834462 0.06954225352112675 0.05868544600938964
0 0.35569126564945225 0.4372647148322031 0.08274647887323947 0.06279342723004694
0 0.5308624315336463 0.5558152929925231 0.07570422535211263 0.06924882629107972
0 0.610969899256651 0.5341353677621283 0.07834507042253527 0.10563380281690134
0 0.6849218138693272 0.5605139323595896 0.09022887323943654 0.07335680751173712
0 0.7782209751564946 0.5381879238393322 0.0748239436619719 0.045774647887323966
0 0.781743630183881 0.4929995870283429 0.07702464788732391 0.04518779342722999
0 0.7795475107589984 0.4384389671361502 0.08362676056338042 0.06338028169014086
0 0.8618471244131455 0.4313978003825421 0.07394366197183094 0.06455399061032865
0 0.8574478555359938 0.49124337071813595 0.07702464788732391 0.04988262910798127
0 0.8596516162949922 0.5340848330725092 0.0814260563380281 0.05105633802816901
0 0.8596433636541472 0.586890866805773 0.06954225352112675 0.039319248826290974
0 0.933584580399061 0.5869006477134412 0.06602112676056338 0.04988262910798116
0 0.9335848860524257 0.5528511345852894 0.06646126760563378 0.0369718309859155
0 0.9388629083528951 0.5205757694314033 0.06117957746478879 0.03873239436619721
0 0.9366637323943662 0.48536667536080674 0.0633802816901408 0.041079812206572905
0 0.9388601574726133 0.4472227656059816 0.05721830985915501 0.04284037558685446
0 0.021154269366197184 0.6907684533124673 0.03961267605633803 0.04401408450704225
0 0.006642764573552425 0.7424100156494523 0.0585387323943662 0.042253521126760535
0 0.00928330399061033 0.7864213832376977 0.05809859154929577 0.039319248826290974
0 0.05417950410798121 0.7494446617979482 0.06073943661971832 0.03403755868544604
0 0.06297529098200313 0.7142371978786297 0.0506161971830986 0.038145539906103344
0 0.11491649550078249 0.7171812510867676 0.05721830985915493 0.04870892018779342
0 0.12238666373239437 0.7688092288297689 0.039612676056338045 0.03227699530516422
0 0.10479722955790295 0.7922980785950271 0.06294014084507044 0.04812206572769945
0 0.16334115805946792 0.80813662841245 0.0704225352112676 0.04107981220657269
0 0.16641908744131456 0.7670540992870805 0.0660211267605634 0.03814553990610323
0 0.17213633362676056 0.7318373978438534 0.059419014084507046 0.03227699530516422
0 0.2302333969092332 0.7729106894453139 0.05721830985915493 0.02523474178403757
0 0.2896539392605633 0.7259851547556947 0.05941901408450707 0.04988262910798127
0 0.2843743886932707 0.7699910885063468 0.0625 0.04107981220657269
0 0.290974973102504 0.8040297339593114 0.06029929577464787 0.042253521126760535
0 0.3512706010367762 0.81283255086072 0.0550176056338028 0.04225352112676043
0 0.356993043329421 0.7746859241870978 0.05589788732394364 0.041079812206572794
0 0.34379340277777776 0.7201274778299427 0.0625 0.06161971830985909
0 0.4040966720461659 0.7248070987654321 0.06822183098591547 0.04518779342722999
0 0.40849196742957744 0.7746832072683011 0.059419014084507026 0.03814553990610345
0 0.39881956670579033 0.805209420100852 0.07482394366197183 0.04870892018779353
0 0.4758264866979656 0.816944879151452 0.04929577464788737 0.04694835680751181
0 0.47363036727308294 0.7612089201877933 0.05589788732394357 0.06338028169014091
0 0.4714275234741785 0.7218673926273691 0.05281690140845067 0.039319248826290974
0 0.5286449163732395 0.7201073726308468 0.05149647887323938 0.03990610328638495
0 0.5317268192488263 0.7629434011476265 0.05281690140845075 0.035211267605633784
0 0.5317307927425665 0.7963941053729786 0.058538732394366216 0.035211267605633784
0 0.5220504450312989 0.8274957616066771 0.0625 0.03345070422535207
0 0.5955542718114242 0.811076334550513 0.06294014084507032 0.04694835680751181
0 0.588080130086072 0.7805474047991654 0.07482394366197183 0.03345070422535217
0 0.5836833064358372 0.7394730264301861 0.08142605633802825 0.03931924882629108
0 0.5748881308685447 0.6790476656233698 0.09242957746478872 0.0616197183098592
0 0.6637883289319249 0.7113518301165016 0.08054577464788729 0.09096244131455386
0 0.6695052694640062 0.8040476656233698 0.07350352112676062 0.0616197183098592
0 0.7421355389280127 0.8022952529994782 0.08362676056338027 0.07042253521126766
0 0.7452143852699531 0.7512198965397322 0.08054577464788729 0.04988262910798127
0 0.7443337979264475 0.6749587028342897 0.08010563380281689 0.08215962441314549
0 0.8178437377738654 0.6661379542688228 0.08934859154929566 0.06279342723004694
0 0.8147664196987481 0.7248016649278387 0.0946302816901408 0.039319248826290974
0 0.8103588981807511 0.7670475786819684 0.08582746478873243 0.031103286384976586
0 0.8244265942879498 0.8010818770648583 0.06161971830985935 0.027582159624413155
0 0.8222359766236308 0.8304381846635368 0.07614436619718311 0.042253521126760535
0 0.902778389084507 0.818710876369327 0.07130281690140852 0.05281690140845083
0 0.9027823625782473 0.7787955355590332 0.07702464788732408 0.042840375586854405
0 0.9005853261932708 0.7365403842809946 0.08230633802816906 0.041079812206572794
0 0.9124654611697967 0.6896001782298731 0.07702464788732391 0.04988262910798127
0 0.028200496381064165 0.9342858850634672 0.04533450704225352 0.014671361502347382
0 0.014999633215962439 0.9536569727003998 0.050176056338028165 0.019953051643192422
0 0.00048140404929577466 0.9783064901756217 0.05941901408450703 0.021713615023474034
0 0.06650497603677621 0.9683381151104157 0.06294014084507042 0.030516431924882716
0 0.09686521909233176 0.9184419014084507 0.049295774647887335 0.01584507042253523
0 0.10831071498435053 0.9008351808381152 0.05193661971830989 0.014671361502347382
0 0.1655351379107981 0.8967570857242219 0.06073943661971833 0.04694835680751171
0 0.14793561717527387 0.9519121674491394 0.06954225352112674 0.0369718309859155
0 0.23463725058685445 0.910834528777604 0.06073943661971831 0.039319248826290974
0 0.22275344776995307 0.9548540471222395 0.06073943661971831 0.045187793427230095
0 0.2931735377543036 0.9548540471222395 0.057218309859154895 0.045187793427230095
0 0.30286427767996865 0.8961729481829247 0.06822183098591555 0.04988262910798127
0 0.3688878496674491 0.9049757650843332 0.07174295774647893 0.04988262910798116
0 0.35568820911580595 0.9519214049730482 0.0783450704225352 0.04694835680751171
0 0.43182707355242567 0.9695118240306034 0.07042253521126757 0.030516431924882716
0 0.44810464348591544 0.9225721613632412 0.059419014084507026 0.03990610328638506
0 0.5097405614241001 0.9654065597287429 0.08274647887323947 0.03345070422535207
0 0.6008451315532081 0.9595445357329159 0.07614436619718311 0.04049295774647892
0 0.5946904954029735 0.9213951921404973 0.08670774647887325 0.03638497652582163
0 0.834572757726917 0.9225857459572248 0.09463028169014097 0.05457746478873244
0 0.9212695006846635 0.9213984524430534 0.07878521126760568 0.03990610328638506
0 0.9335848860524257 0.9636470831159798 0.06646126760563378 0.0346244131455398
0 0.8521643314749608 0.9771338680229525 0.07438380281690134 0.022887323943661983
0 0.7641419698748044 0.9742023126412798 0.08274647887323947 0.025821596244131544
0 0.6893088566118937 0.9753749347939489 0.06954225352112675 0.024647887323943594
0 0.04361001075899843 0.9108160537297861 0.051936619718309866 0.019366197183098448
0 0.05901096684272301 0.8932049860893757 0.04621478873239436 0.013497652582159642
0 0.08234760123239436 0.9401614936532776 0.05941901408450705 0.022300469483568112
