0 0.1643805191186557 0.33031502438652643 0.04128086419753083 0.07355967078189296
0 0.20951672882373112 0.308210924401768 0.03742283950617286 0.09002057613168725
0 0.17016300154320987 0.22024081694863587 0.034722222222222224 0.08230452674897122
0 0.12078028549382716 0.3385378562719098 0.034722222222222224 0.06532921810699588
0 0.11229664994855967 0.2408255220240817 0.040509259259259287 0.09156378600823048
0 0.06406651877572017 0.26139069882639837 0.03356481481481482 0.07973251028806592
0 0.9151799875685872 0.006294772138393538 0.08140432098765428 0.13168724279835395
0 0.8769879543895749 0.8513969859777473 0.0848765432098765 0.06430041152263376
0 0.22993827160493827 0.1352880658436214 0.0 0.0
0 0.23004463520233195 0.006806317634506935 0.15316358024691357 0.1286008230452675
0 0.3855693801440329 0.0037241845755220243 0.21990740740740738 0.1332304526748971
0 0.6212507501714678 0.008351909007773205 0.1566358024691358 0.13117283950617284
0 0.7813389489026064 0.0037279949702789207 0.12808641975308652 0.13734567901234568
0 0.10732703189300413 0.005272633744855967 0.10648148148148147 0.13888888888888892
0 0.00046162337105624143 0.00681870141746685 0.1091820987654321 0.14197530864197533
0 0.270947466563786 0.30308880124980947 0.16435185185185183 0.11368312757201646
0 0.43645538623113855 0.29228918991007463 0.16242283950617278 0.11676954732510286
0 0.6007638353052126 0.32723765432098767 0.09992283950617285 0.08333333333333329
0 0.6088555062585733 0.22895852385307117 0.08526234567901238 0.052983539094650214
0 0.6042266803840878 0.28501419372046943 0.08641975308641976 0.037551440329218096
0 0.4002156742969821 0.19863968907178786 0.19945987654320993 0.08641975308641973
0 0.9117125878772291 0.29539228014022256 0.08834876543209873 0.13477366255144033
0 0.8006213027263374 0.30002762536198746 0.1168981481481481 0.14094650205761317
0 0.7041398748285322 0.5042047706142356 0.0725308641975308 0.09670781893004117
0 0.7801359953703704 0.5057413122999542 0.0625 0.08950617283950624
0 0.8473261745541838 0.5103776101204084 0.14969135802469127 0.09670781893004117
0 0.5591191379458161 0.5103680841335162 0.13155864197530864 0.08641975308641968
0 0.4206200703017833 0.5103804679164761 0.13734567901234562 0.09979423868312762
0 0.32414024991426615 0.5134654587715287 0.09529320987654322 0.09825102880658435
0 0.15943581747256516 0.5150043819539705 0.14313271604938269 0.09362139917695471
0 0.0039574224108367625 0.5150186709343088 0.1431327160493827 0.10905349794238688
0 0.10622481567215364 0.6842263946044809 0.18595679012345678 0.07561728395061736
0 0.317203039266118 0.69039780521262 0.10570987654320987 0.07407407407407407
0 0.45688550240054865 0.6903963763145862 0.1373456790123457 0.0725308641975309
0 0.6007268625685871 0.6811485482395977 0.04668209876543214 0.0848765432098765
0 0.6474261081104252 0.6842278235025148 0.07137345679012341 0.07716049382716053
0 0.8666012945816187 0.6842449702789208 0.12808641975308635 0.09567901234567905
0 0.7327334640775034 0.8555393613778387 0.13618827160493827 0.09362139917695482
0 0.5440130958504801 0.8369875019051974 0.0455246913580246 0.05761316872427989
0 0.5930201903292182 0.8323693034598384 0.06018518518518516 0.06995884773662561
0 0.4283181691529493 0.8581118541380888 0.11149691358024683 0.09413580246913567
0 0.31836419753086415 0.8570797134583142 0.11111111111111115 0.09053497942386836
0 0.20147087191358024 0.855527930193568 0.11805555555555551 0.08127572016460921
0 0.025540927211934156 0.8704222869989331 0.11226851851851853 0.05606995884773672
0 0.140087287808642 0.832393118427069 0.059027777777777776 0.09567901234567915
