0 0.19855303697183102 0.34341201530168664 0.07130281690140841 0.11032863849765262
0 0.43759811473004695 0.277098548078595 0.1412852112676056 0.11150234741784042
0 0.3120898131846635 0.07348287254390543 0.04313380281690146 0.13615023474178403
0 0.281714593114241 0.0681984654842636 0.03521126760563382 0.13321596244131456
0 0.2368220608372457 0.07288678055990262 0.03785211267605636 0.12617370892018778
0 0.16155705937010953 0.0881422796035472 0.036531690140845105 0.12323943661971831
0 0.39923586658841936 0.07054044948704573 0.04049295774647885 0.1273474178403756
0 0.70295872456964 0.09518018605459919 0.07746478873239447 0.11854460093896714
0 0.296732871185446 0.2894203182055295 0.11223591549295778 0.10915492957746477
0 0.7597329200899844 0.724241979655712 0.07174295774647876 0.06866197183098606
0 0.07264555213223788 0.12273300295600764 0.03213028169014084 0.08685446009389672
0 0.13824334898278562 0.35041731872717785 0.05633802816901407 0.07042253521126761
0 0.4696730731611894 0.09164601808381152 0.061619718309859114 0.10446009389671361
0 0.11137702953834118 0.1192178534167971 0.030809859154929557 0.09330985915492959
0 0.1954472931338028 0.08052186576247608 0.03565140845070422 0.13262910798122068
0 0.09290028364632238 0.6602927751695358 0.04401408450704224 0.0880281690140845
0 0.7887654049295775 0.1016301512780386 0.04753521126760568 0.1126760563380282
0 0.5374407032472613 0.0986828377673448 0.04137323943661973 0.09859154929577464
0 0.6092007775821595 0.10573106850982437 0.06602112676056338 0.10504694835680752
0 0.5810363482981221 0.585172143974961 0.07262323943661973 0.08450704225352107
0 0.08629358616979656 0.5399675056511911 0.03741197183098592 0.06631455399061026
0 0.5035611673513303 0.5786999000173884 0.05765845070422534 0.06631455399061037
0 0.35609961854460087 0.06937054425317336 0.03697183098591547 0.13145539906103287
0 0.07573417938184662 0.36037971657103113 0.04313380281690142 0.05516431924882631
0 0.16376051447574333 0.5376347591723178 0.04049295774647887 0.08215962441314549
0 0.4397636688184663 0.4008895192140497 0.09066901408450702 0.07335680751173712
0 0.5463205447965571 0.4056093505477308 0.15228873239436622 0.10035211267605641
0 0.6769827733763694 0.5998358981046775 0.06646126760563378 0.07629107981220647
0 0.1272233225743349 0.5253080985915491 0.032570422535211245 0.07922535211267613
0 0.30944468896713617 0.7500739001912711 0.036971830985915506 0.07981220657277001
0 0.29183997212441315 0.5487757563901929 0.03829225352112676 0.07218309859154928
0 0.014112627151799688 0.6790797252651712 0.04049295774647887 0.096244131455399
0 0.7606229826877934 0.6198014475743349 0.08582746478873243 0.08978873239436622
0 0.02511248043818466 0.12625684663536776 0.035211267605633804 0.08978873239436622
0 0.05459947183098591 0.6720271474526169 0.03169014084507042 0.08509389671361504
0 0.23682420041079813 0.36685250391236307 0.04093309859154929 0.073943661971831
0 0.4991551741001565 0.6561565379933924 0.05105633802816898 0.057511737089201896
0 0.14967600743348983 0.2741126543209877 0.04049295774647887 0.05575117370892018
0 0.8429045627934272 0.09107926882281342 0.050176056338028095 0.12617370892018778
0 0.8970684785798121 0.07759737436967483 0.08846830985915485 0.1431924882629108
0 0.8957547804186229 0.7635644887845592 0.09815140845070418 0.07218309859154928
0 0.9049858176838811 0.6497375456442357 0.0809859154929577 0.09683098591549308
0 0.562116099374022 0.8715348417666493 0.08098591549295778 0.06044600938967135
0 0.6827012421752738 0.8903326595374718 0.061619718309859114 0.08039906103286366
0 0.7434513766627543 0.8991409102764736 0.07702464788732391 0.0862676056338029
0 0.2658698283450704 0.7318895626847506 0.03565140845070422 0.08861502347417838
0 0.49827489241001566 0.8515758129021039 0.051056338028169064 0.053990610328638465
0 0.6510257726917057 0.7177729960006954 0.08274647887323947 0.053990610328638465
0 0.062091647104851336 0.8633324639193184 0.04577464788732393 0.07511737089201884
0 0.561671373728482 0.83220581203269 0.0743838028169015 0.04988262910798127
0 0.0004538952464788733 0.8234388584593983 0.019806338028169015 0.08861502347417838
0 0.3895842502934272 0.6332855155625108 0.08582746478873243 0.07511737089201884
0 0.3328030247456964 0.7782401973569814 0.08142605633802821 0.07687793427230044
0 0.4063041006455399 0.8322041818814119 0.0779049295774648 0.048122065727699656
0 0.7143965791275431 0.0018371804903495046 0.06910211267605636 0.08274647887323944
0 0.8297296801643192 0.0018344635715527736 0.09242957746478879 0.07981220657276995
0 0.6219801447574335 0.001832833420274735 0.08802816901408445 0.07805164319248827
0 0.5115102944053209 0.0006574943488089029 0.0959507042253521 0.07629107981220658
0 0.03260435005868544 0.27413221613632416 0.0488556338028169 0.07687793427230044
0 0.003542216842723005 0.26944009737436964 0.030369718309859156 0.07981220657277001
0 0.005743838028169014 0.3492370892018779 0.03169014084507042 0.0633802816901408
0 0.03392385563380282 0.3551181316292819 0.047535211267605626 0.0768779342723005
0 0.21218242615414706 0.73015290818988 0.04973591549295778 0.11443661971830991
0 0.15672620794209705 0.7195906146757086 0.051936619718309825 0.11561032863849766
0 0.29146004499217526 0.4126200878108155 0.12499999999999996 0.06631455399061037
