0 0.3114955739883402 0.3510349984758421 0.22029320987654316 0.22890946502057613
0 0.8426263503086419 0.0007344535893918611 0.04861111111111111 0.23765432098765435
0 0.42103320044581616 0.09580142127724432 0.17669753086419754 0.13220164609053497
0 0.12667234653635118 0.3535865340649292 0.18595679012345678 0.2067901234567901
0 0.2142588841735254 0.08809775567748819 0.19945987654320985 0.1455761316872428
0 0.5549286265432098 0.3489683356195702 0.20833333333333343 0.21913580246913572
0 0.21463102280521262 0.0005915637860082305 0.1797839506172839 0.08333333333333333
0 0.28017913022976687 0.6647338439262308 0.12461419753086413 0.13477366255144033
0 0.41482579946844994 0.6642113435451913 0.12692901234567905 0.1260288065843621
0 0.4229600694444444 0.0005829903978052126 0.1736111111111111 0.07407407407407406
0 0.031368955761316875 0.1061004420057918 0.1712962962962963 0.14403292181069957
0 0.6949146412037036 0.6565081542447797 0.12152777777777778 0.1399176954732511
0 0.7064319165809327 0.0007358824874256972 0.039737654320987775 0.2391975308641975
0 0.6585926783264745 0.0027801592745008382 0.04012345679012349 0.22479423868312756
0 0.5567986968449931 0.6626724203627496 0.12345679012345691 0.13065843621399176
0 0.1810059263545953 0.6605986130163085 0.09297839506172842 0.11316872427983535
0 0.5683711634087791 0.8123609205913732 0.1211419753086419 0.1275720164609054
0 0.6099845143175583 0.0007144490169181528 0.0443672839506173 0.2160493827160494
0 0.03329662851508917 0.0026539399481786312 0.16936728395061731 0.08847736625514403
0 0.7759856717249657 0.3582147347965249 0.19714506172839508 0.20524691358024688
0 0.7940144354423869 0.0007425506782502667 0.04745370370370365 0.24639917695473249
0 0.8314830889917695 0.6529106652949245 0.11342592592592587 0.14351851851851852
0 0.8977883337620028 0.005362654320987654 0.03742283950617286 0.2361111111111111
0 0.9425446352023319 0.0007344535893918611 0.04205246913580254 0.23765432098765435
0 0.15171012302812073 0.8170072206980643 0.12924382716049382 0.14557613168724295
0 0.43141262645747597 0.7964420438957476 0.12307098765432103 0.1574074074074074
0 0.00048761145404663925 0.676726585124219 0.14660493827160495 0.30915637860082285
0 0.7118698559670782 0.8406083295229386 0.09259259259259255 0.07921810699588466
0 0.29137142061042526 0.8128877076665143 0.13040123456790126 0.1409465020576131
0 0.8326434435013718 0.7881953970431337 0.11766975308641985 0.1399176954732511
0 0.7531161586934157 0.0038232548392013416 0.042824074074073966 0.24022633744855962
