0 0.002300958528951487 0.047180925056511905 0.1443661971830986 0.25117370892018775
0 0.14316345119327073 0.026069379238393323 0.1694542253521127 0.26760563380281693
0 0.31393779342723005 0.03192814293166406 0.16901408450704228 0.2570422535211268
0 0.48426374217527385 0.026065032168318552 0.1566901408450705 0.26291079812206575
0 0.6453580423513301 0.03017355677273518 0.16065140845070427 0.2634976525821596
0 0.8090925762910798 0.028993870631194574 0.16373239436619716 0.25704225352112675
0 0.015953883020344287 0.4380357763867153 0.1566901408450704 0.26173708920187794
0 0.1026509316314554 0.3762209833072509 0.14128521126760565 0.05105633802816901
0 0.0022664196987480442 0.37914438793253347 0.09463028169014084 0.039319248826291134
0 0.26636590375586855 0.40203714571378885 0.11619718309859152 0.045187793427230095
0 0.23688441412363068 0.4579524213180317 0.12764084507042253 0.22241784037558673
0 0.373777386541471 0.4620663797600417 0.14084507042253527 0.2288732394366197
0 0.3825740903755869 0.40498228568944533 0.13204225352112683 0.05692488262910797
0 0.5172458797926448 0.3957703008172492 0.11575704225352115 0.24882629107981227
0 0.49789160309076685 0.3374940227786472 0.13292253521126757 0.05692488262910792
0 0.6352228824334899 0.3975678142931664 0.1434859154929577 0.28873239436619713
0 0.8249345901799687 0.40636411058946265 0.15933098591549283 0.28169014084507055
0 0.012454763302034428 0.8263829116675361 0.18838028169014084 0.09917840375586856
0 0.016856171752738652 0.9314010606850983 0.18838028169014084 0.06807511737089197
0 0.23472222222222222 0.8005585985046079 0.1830985915492958 0.096244131455399
0 0.22240683685446008 0.903253781950965 0.19542253521126765 0.09154929577464793
0 0.4411452220266041 0.7900930272996 0.17869718309859148 0.20187793427230044
0 0.6594553868348983 0.8041601460615545 0.17913732394366189 0.18309859154929575
0 0.8407365634780907 0.738989414884368 0.09727112676056338 0.15082159624413133
0 0.23031347809076685 0.744754716571031 0.1725352112676056 0.03931924882629119
0 0.026977271615805945 0.7523963223787168 0.18529929577464788 0.05281690140845062
0 0.8499917473591551 0.9601308468092504 0.11487676056338027 0.03990610328638506
