0 0.45295352846244136 0.5223586115458182 0.06998239436619724 0.06279342723004694
0 0.22144341744913928 0.5898403538515041 0.07570422535211267 0.05575117370892018
0 0.37416740023474176 0.5822166797078768 0.06866197183098595 0.0616197183098593
0 0.14881620451877936 0.5247120066075465 0.06998239436619717 0.06924882629107992
0 0.2989042326877934 0.5968880412102243 0.06998239436619716 0.0616197183098592
0 0.3706447452073552 0.44256759693966263 0.06646126760563385 0.08568075117370892
0 0.16466433147496087 0.060509585289514875 0.0743838028169014 0.06866197183098591
0 0.8825276310641627 0.33748750217353507 0.06514084507042257 0.04988262910798116
0 0.6056860695422535 0.34100917231785777 0.0752640845070423 0.05046948356807508
0 0.5110615952660407 0.18137932533472442 0.08362676056338027 0.04460093896713615
0 0.7892345828442878 0.3316227612589115 0.08934859154929582 0.053990610328638514
0 0.7055952904929578 0.3398360067814293 0.07130281690140844 0.05105633802816901
0 0.5123771273474179 0.3374913058598505 0.07658450704225343 0.053990610328638465
0 0.5088611966940533 0.2336126325856373 0.08406690140845059 0.04812206572769955
0 0.8856073943661972 0.21072748217701268 0.0633802816901408 0.05046948356807514
0 0.11888876662754304 0.33691042862110937 0.07306338028169014 0.06044600938967135
0 0.6985603726525822 0.28114458355068683 0.08186619718309858 0.044600938967136225
0 0.1193286018192488 0.2817417623022084 0.07262323943661973 0.05575117370892018
0 0.23949133167057898 0.06871087636932709 0.07878521126760568 0.052816901408450696
0 0.32442567732785604 0.07397843853242914 0.06029929577464791 0.03755868544600939
0 0.5365934321205009 0.49593385932881234 0.08890845070422526 0.045187793427230095
0 0.5339528927034428 0.4437081594505304 0.08934859154929574 0.04988262910798116
0 0.6056854582355242 0.2829046035472092 0.0743838028169015 0.044014084507042306
0 0.60436748092723 0.17609328812380456 0.07790492957746473 0.039906103286385004
0 0.5128157399256651 0.2870114980003478 0.07438380281690142 0.04284037558685446
0 0.8847246674491394 0.2658988654147105 0.05985915492957743 0.058098591549295815
0 0.6092050567292644 0.23243729351417144 0.07218309859154941 0.046361502347417864
0 0.700319102112676 0.22832713875847677 0.079225352112676 0.04401408450704225
0 0.07399073258998436 0.5869087984698313 0.06778169014084508 0.05868544600938964
0 0.34996423855633807 0.20722320031298905 0.07526408450704222 0.0686619718309859
0 0.04494449334898279 0.3392556729264476 0.0721830985915493 0.05809859154929577
0 0.901894133900626 0.04583387671709268 0.06558098591549298 0.06396713615023472
0 0.35304308489827857 0.27235535124326204 0.07218309859154928 0.059272300469483556
0 0.790557756259781 0.2875967223091636 0.09330985915492959 0.041079812206572794
0 0.42346867664319254 0.21014117110067815 0.07658450704225352 0.051056338028169036
0 0.5383512446205008 0.5499206659711355 0.08494718309859148 0.04107981220657269
0 0.878574616099374 0.14382824726134583 0.07702464788732391 0.052816901408450724
0 0.7896750293427228 0.2201220439923492 0.08978873239436622 0.05575117370892015
0 0.8587652215375586 0.5200095635541645 0.07262323943661973 0.061032863849765216
0 0.9520582697574336 0.33045285602503915 0.04841549295774649 0.05809859154929577
0 0.827955362382629 0.05814640932011824 0.07262323943661973 0.051643192488262914
0 0.7786647838419405 0.4419416188488959 0.08010563380281689 0.043427230046948276
0 0.9555766456377152 0.19899691358024693 0.04445422535211271 0.057511737089201896
0 0.0907093603286385 0.8263481351069379 0.05809859154929578 0.0616197183098592
0 0.3134194053208138 0.8410211267605633 0.05633802816901405 0.06338028169014091
0 0.8455686375195619 0.7729188402017041 0.08362676056338027 0.03403755868544604
0 0.9019051374217527 0.9378477656059816 0.08142605633802825 0.058685446009389526
0 0.8464391383020344 0.8081328247261346 0.06954225352112675 0.0369718309859155
0 0.034391505281690146 0.21133009476612763 0.08714788732394367 0.06748826291079814
0 0.03878832893192488 0.2770539906103286 0.08054577464788731 0.06338028169014091
0 0.11800512275039124 0.21250380368631544 0.06822183098591547 0.06748826291079811
0 0.20735218603286382 0.21425621631020694 0.06602112676056338 0.05868544600938966
0 0.20074854508998435 0.27704692662145713 0.06382042253521128 0.05575117370892023
0 0.004890453834115805 0.7130808772387411 0.0704225352112676 0.056924882629108026
0 0.012369791666666666 0.7746951617110067 0.06602112676056339 0.05105633802816901
0 0.02117046899452269 0.8228204877412625 0.06294014084507042 0.054577464788732336
0 0.07311534135367762 0.7042834941749261 0.07482394366197183 0.06279342723004694
0 0.08411886248043818 0.7787955355590332 0.07482394366197183 0.042840375586854405
0 0.155415566314554 0.7142605633802817 0.06602112676056338 0.06338028169014091
0 0.1611373973004695 0.7758650669448792 0.06602112676056338 0.04694835680751171
0 0.16993929724178403 0.8169682446531038 0.06470070422535211 0.07218309859154928
0 0.22936900919405323 0.7054658972352634 0.08010563380281689 0.07218309859154928
0 0.23596745402973396 0.7700063032516085 0.07482394366197183 0.057511737089201896
0 0.24344220706181532 0.8228177708224658 0.06382042253521128 0.05164319248826288
0 0.30726507482394366 0.7817406755346895 0.06734154929577467 0.054577464788732544
0 0.30286427767996865 0.7201318249000174 0.06822183098591555 0.06631455399061037
0 0.3724071425078247 0.7130971787515215 0.06910211267605636 0.07453051643192486
0 0.3798858690336463 0.789370870283429 0.06382042253521128 0.05575117370892018
0 0.3812108763693271 0.8433631107633456 0.07042253521126757 0.057511737089201896
0 0.4437270759976526 0.6878521126760564 0.09374999999999992 0.0633802816901407
0 0.44504505330594674 0.7553295079116676 0.09022887323943662 0.05164319248826288
0 0.45032001907277 0.8040340810293862 0.08054577464788737 0.04694835680751181
0 0.44724331230438186 0.8451122630846809 0.08670774647887317 0.045187793427230095
0 0.5339498361697965 0.692539884367936 0.08494718309859163 0.05575117370892018
0 0.5440651286189359 0.751211745783342 0.07350352112676062 0.041079812206572905
0 0.5449478555359938 0.7952339810467745 0.07702464788732391 0.04988262910798127
0 0.544069102112676 0.8462810815510345 0.079225352112676 0.03990610328638495
0 0.6255049393583725 0.7218717396974439 0.09330985915492959 0.04401408450704225
0 0.6189022153755869 0.765888541123283 0.09242957746478872 0.04694835680751181
0 0.6285807291666666 0.8110709007129194 0.08582746478873243 0.041079812206572794
0 0.6307799051251956 0.856838484611372 0.08362676056338035 0.03345070422535207
0 0.7135376931729264 0.7042878412450009 0.09991197183098595 0.06748826291079811
0 0.7201330814749609 0.7776201964875674 0.09022887323943662 0.04107981220657269
0 0.7179323772496089 0.816935641627543 0.09022887323943662 0.0369718309859155
0 0.717933905516432 0.846286515388628 0.09242957746478864 0.045774647887323966
0 0.8508533841940532 0.6936934880890279 0.08802816901408445 0.03403755868544604
0 0.8442476036776213 0.7318455486002435 0.08274647887323947 0.04107981220657269
0 0.8398422217331769 0.8404206877064858 0.07702464788732391 0.04870892018779342
0 0.9335848860524257 0.702517496957051 0.06646126760563378 0.05692488262910792
0 0.9379804870892018 0.7570840940705964 0.058098591549295815 0.04518779342722999
0 0.9291837832550862 0.8069612893409842 0.06690140845070418 0.039319248826290974
0 0.9247878765649452 0.8421769040166928 0.0748239436619719 0.044014084507042146
0 0.957775821596244 0.4548660015649452 0.042253521126760694 0.058098591549295815
0 0.9564563160211268 0.5223591549295775 0.043573943661971905 0.0633802816901408
0 0.9445807658450704 0.581041340636411 0.05545774647887324 0.05985915492957748
0 0.8596439749608764 0.44431131542340463 0.07042253521126757 0.06748826291079811
0 0.8587621650039123 0.5822112458702834 0.06822183098591555 0.055751173708920285
0 0.7716274207746479 0.4883118153364633 0.08714788732394364 0.052816901408450724
0 0.7663387006064164 0.5294014084507043 0.07702464788732391 0.0633802816901408
0 0.7685409330985915 0.6056734698313336 0.07922535211267609 0.04284037558685451
0 0.6571969141236308 0.48126956181533653 0.0959507042253521 0.052816901408450724
0 0.6563172437402192 0.5399533776734481 0.09683098591549298 0.05105633802816901
0 0.6571969141236308 0.5957018344635715 0.0959507042253521 0.048122065727699656
0 0.5462719459115806 0.5986415406016344 0.08230633802816899 0.05399061032863857
0 0.448120843114241 0.46484470092157887 0.08274647887323947 0.0604460093896713
0 0.4547092013888889 0.5810456877064858 0.06294014084507041 0.06455399061032865
0 0.3702042987089202 0.5206023952356112 0.06602112676056338 0.06748826291079811
0 0.29318331866197184 0.5206013084680926 0.07130281690140844 0.06631455399061037
0 0.29626155369718304 0.46659928708050774 0.06734154929577463 0.053990610328638514
0 0.21616111600156493 0.48249108850634675 0.07482394366197186 0.1044600938967136
0 0.14441296214788732 0.4736448009041906 0.06734154929577464 0.05751173708920184
0 0.15012837441314553 0.5968826073726309 0.05809859154929574 0.05575117370892018
0 0.06519127787558686 0.5118104460093896 0.07262323943661972 0.07922535211267603
0 0.06958596195226918 0.47069966092853416 0.06294014084507041 0.04577464788732392
0 0.1422046165884194 0.42845537732568256 0.05633802816901411 0.055751173708920125
0 0.07749902190923316 0.4313744348808903 0.049295774647887335 0.039319248826291134
0 0.00048507188967136154 0.4396018083811511 0.06470070422535211 0.05164319248826288
0 0.004881895539906103 0.5000461876195444 0.05809859154929578 0.04988262910798127
0 0.00048598884976525824 0.5469934576595374 0.06602112676056338 0.04870892018779342
0 0.00048751711658841945 0.59980057816032 0.0682218309859155 0.03814553990610323
0 0.036579983372456965 0.16436000260824205 0.06954225352112675 0.04401408450704225
0 0.1202042987089202 0.16260922013562856 0.06602112676056336 0.05457746478873241
0 0.19415926985524257 0.16435456877064858 0.08230633802816902 0.03814553990610329
0 0.19284129254694835 0.337498369848722 0.08582746478873236 0.06161971830985914
0 0.27117474814162756 0.2817363284646149 0.06910211267605632 0.04988262910798116
0 0.2755816583528951 0.33866664493131626 0.07702464788732395 0.05575117370892018
0 0.35348505966353677 0.3287047904712224 0.07482394366197183 0.0715962441314554
0 0.3468884487480438 0.15849145800730308 0.08274647887323942 0.04401408450704225
0 0.42302578491784043 0.14677175708572424 0.07262323943661965 0.06279342723004694
0 0.4283074750586855 0.2700030429490523 0.07262323943661973 0.053990610328638514
0 0.43182707355242567 0.32694205355590333 0.07042253521126757 0.06924882629107983
0 0.6981251222613458 0.15675697704747002 0.08890845070422541 0.0721830985915493
0 0.947659612187011 0.2653098374195792 0.05237676056338027 0.05575117370892018
0 0.9630526212832551 0.12623348113371588 0.035211267605633784 0.06455399061032865
0 0.9027716647104852 0.004146018083811512 0.0616197183098592 0.04107981220657277
0 0.8310332917644757 0.011781646670144322 0.06822183098591555 0.04812206572769953
0 0.7650100254303598 0.004154168840201705 0.06514084507042257 0.049882629107981226
0 0.7619311790884193 0.0628423317683881 0.06822183098591555 0.05281690140845071
0 0.6849034746674492 0.0499353373326378 0.06382042253521128 0.05692488262910798
0 0.6893048831181534 0.014706681446704922 0.06382042253521121 0.03814553990610329
0 0.6166770588810643 0.012959702660406885 0.05721830985915485 0.05281690140845072
0 0.6087661384976526 0.07749739175795513 0.07394366197183094 0.03521126760563382
0 0.5286586707746479 0.06284396191966615 0.07130281690140837 0.0545774647887324
0 0.5264604117762128 0.011781646670144322 0.07482394366197183 0.04812206572769953
0 0.4538387006064163 0.017652908189880023 0.077024647887324 0.05105633802816902
0 0.45471592576291087 0.06870707268301166 0.07262323943661973 0.04870892018779342
0 0.3886917424687011 0.01589397496087637 0.06822183098591547 0.05281690140845071
0 0.38648889866979663 0.06753553729786124 0.06514084507042249 0.05105633802816902
0 0.31738892556729265 0.029379129716571032 0.06822183098591551 0.039319248826291085
0 0.24036886248043818 0.000647170057381325 0.07482394366197186 0.06514084507042255
0 0.16114259340766823 0.002986980525126065 0.07350352112676053 0.056924882629107984
0 0.08280699823943662 0.002989697443922796 0.08714788732394366 0.05985915492957747
0 0.0841179455203443 0.0687298948009042 0.07350352112676059 0.07335680751173707
0 0.0026995305164319245 0.0029994783515910274 0.08450704225352113 0.07042253521126761
0 0.012373765160406886 0.07752075725960701 0.07174295774647886 0.06044600938967136
