0 0.8920007608882029 0.5037903901844232 0.03665123456790127 0.20473251028806583
0 0.8735023362482853 0.28510802469135804 0.06558641975308635 0.1388888888888889
0 0.06755481610082303 0.24398576817558298 0.056712962962962965 0.17129629629629634
0 0.2083681627229081 0.0006415752171925012 0.05015432098765429 0.1373456790123457
0 0.1497248478223594 0.009389765279682974 0.048225308641975315 0.14094650205761317
0 0.5042770490397805 0.24708647690900773 0.04783950617283945 0.18672839506172842
0 0.637377829218107 0.24399624676116444 0.04629629629629627 0.18261316872427985
0 0.7924674747085048 0.5145828570339888 0.04205246913580238 0.1939300411522634
0 0.5984072252229081 0.23680412665752174 0.03973765432098762 0.19290123456790123
0 0.5505703982338821 0.25427716811461665 0.04359567901234564 0.17489711934156385
0 0.5517256622942386 0.5011950350556317 0.040509259259259287 0.17952674897119344
0 0.2704799489883402 0.4816677145252248 0.046682098765432105 0.2011316872427983
0 0.5035000857338819 0.5083904892546868 0.04012345679012349 0.17283950617283958
0 0.47263320901920436 0.2424425582990398 0.0362654320987654 0.1712962962962963
0 0.5957063400205761 0.4986387364730987 0.0393518518518519 0.1965020576131687
0 0.08336307227366255 0.4770242722146015 0.042824074074074084 0.1862139917695473
0 0.7496401856138547 0.2517070568510898 0.03742283950617286 0.17695473251028804
0 0.637377025462963 0.4970807613168724 0.04513888888888889 0.18055555555555555
0 0.12078725137174211 0.4939952941624752 0.0447530864197531 0.18158436213991777
0 0.3275744277263374 0.4770347508001829 0.040509259259259287 0.1975308641975309
0 0.10612568587105624 0.034058737235177564 0.04320987654320988 0.11676954732510289
0 0.135848015260631 0.24398576817558298 0.06558641975308643 0.17129629629629634
0 0.054045031721536345 0.0309746989788142 0.047067901234567916 0.11934156378600826
0 0.22997524434156377 0.22083666742874564 0.053240740740740755 0.17026748971193414
0 0.1786613725994513 0.4878267413504039 0.05015432098765433 0.1862139917695473
0 0.47417320387517153 0.504286694101509 0.03163580246913579 0.18518518518518517
0 0.43906812628600833 0.2763460219478738 0.0358796296296296 0.12037037037037036
0 0.0027367862654320988 0.25476823273891175 0.052083333333333336 0.14969135802469138
0 0.00041420181755829906 0.47496713534522184 0.04089506172839506 0.18672839506172836
0 0.677491640946502 0.2501614654778235 0.03240740740740746 0.17438271604938269
0 0.7372974537037037 0.516633325712544 0.041666666666666824 0.1862139917695473
0 0.8715596600651578 0.021732110196616368 0.045910493827160476 0.13734567901234568
0 0.8445540230624142 0.5197278425544888 0.04668209876543206 0.1949588477366254
0 0.6836706425754459 0.5032574112178022 0.041280864197530874 0.18467078189300412
0 0.9221096965020577 0.024818529949702788 0.06018518518518508 0.13734567901234568
0 0.8102243012688615 0.017110101356500533 0.05632716049382714 0.14557613168724282
0 0.7199625985939644 0.021732586495960982 0.07947530864197525 0.13786008230452676
0 0.550188346622085 0.7805093545191282 0.0489969135802469 0.17232510288065853
0 0.34454598551097393 0.7588720278920896 0.035108024691358056 0.1373456790123456
0 0.6817435056584362 0.7990269204389574 0.04398148148148151 0.1712962962962964
0 0.6273437499999999 0.7799911408321901 0.04166666666666675 0.16820987654320996
0 0.2318956832990398 0.7491117017222985 0.04089506172839508 0.15174897119341554
0 0.12193822873799726 0.7398533950617284 0.035493827160493846 0.1527777777777778
0 0.16591971021947874 0.7480895633287608 0.035493827160493846 0.15895061728395068
0 0.07448640046296295 0.7347017413504039 0.038194444444444454 0.14454732510288062
0 0.4799693501371742 0.7599403673220545 0.0447530864197531 0.1800411522633745
0 0.02163226594650206 0.7228833257125438 0.039351851851851846 0.15843621399176963
0 0.20603673696844993 0.7521966925773511 0.026234567901234563 0.15020576131687238
0 0.3048056520061729 0.7557575064776711 0.03125 0.10699588477366254
0 0.8592169281550069 0.7784398338667887 0.05015432098765445 0.15946502057613163
0 0.9139976637517147 0.8113725994513031 0.0455246913580246 0.1712962962962963
0 0.7654706790123457 0.8118779530559367 0.05555555555555555 0.16152263374485587
0 0.825641932441701 0.7738140146319159 0.03549382716049381 0.16358024691358022
0 0.28091778120713307 0.034059689833866785 0.07716049382716048 0.11779835390946503
0 0.43755036865569275 0.0021919295839048928 0.07253086419753087 0.1450617283950617
0 0.5147250621570645 0.005279778235025148 0.09297839506172834 0.14660493827160495
0 0.6212121699245542 0.003739426154549611 0.10108024691358024 0.14969135802469136
0 0.303654138803155 0.24090363511659807 0.03973765432098766 0.17592592592592593
0 0.7145281421467764 0.26096345831428136 0.031635802469135874 0.17386831275720163
0 0.8040533371913581 0.3154087600975461 0.059027777777777776 0.08590534979423868
0 0.8017417373971193 0.4120746646852614 0.06365740740740745 0.040637860082304494
0 0.9437114197530865 0.28204018061271147 0.05555555555555555 0.15895061728395057
0 0.04477666323731138 0.47136821749733276 0.03395061728395062 0.1887860082304527
0 0.43636295438957473 0.5012012269471118 0.02932098765432095 0.1862139917695473
0 0.9491000621570646 0.5166457094955037 0.03742283950617286 0.19958847736625504
0 0.9618320794753086 0.7964715744551135 0.03819444444444445 0.18930041152263366
