0 0.4155632580203443 0.5283945183446357 0.10123239436619716 0.24354460093896713
0 0.08940911091549296 0.1381373891497131 0.08714788732394367 0.24471830985915496
0 0.6752518583724569 0.551855112154408 0.10915492957746488 0.22887323943661972
0 0.30155822085289513 0.14927838636758825 0.08890845070422537 0.23474178403755866
0 0.5374877738654147 0.5518398974091462 0.10915492957746488 0.21244131455399062
0 0.5066769977503913 0.1434169057555208 0.10783450704225352 0.24237089201877932
0 0.3992740732589984 0.15279951312815165 0.09551056338028169 0.23474178403755863
0 0.8099322060837244 0.5459838506346723 0.1051936619718311 0.22593896713615017
0 0.7377350474374021 0.13756900973743696 0.08494718309859163 0.2646713615023474
0 0.16160565825508608 0.5412879281864024 0.10651408450704226 0.22476525821596244
0 0.28792913732394365 0.543638606329334 0.11091549295774653 0.22828638497652576
0 0.18757121723395934 0.13872641714484435 0.10255281690140844 0.24706572769953056
0 0.629457343016432 0.15514747435228654 0.08054577464788722 0.2353286384976526
0 0.8513045285602503 0.15339234480959832 0.10387323943661973 0.24119718309859153
0 0.0427630452856025 0.5424632672578683 0.09991197183098594 0.22652582159624415
0 0.004895344287949921 0.15396507129194925 0.07746478873239436 0.22593896713615022
0 0.026916752249608763 0.8768757607372631 0.09815140845070422 0.12441314553990603
0 0.1668794014084507 0.8880058902799514 0.09507042253521127 0.10269953051643188
0 0.6576593676643193 0.901489414884368 0.12808098591549288 0.08744131455399064
0 0.2905650919405321 0.8956268475047817 0.10387323943661969 0.09389671361502352
0 0.5308911629499218 0.8885965484263606 0.11707746478873243 0.10680751173708919
0 0.8552737431533646 0.9085354720918102 0.11531690140845083 0.09154929577464783
