0 0.7172603737997257 0.7943991960067064 0.07716049382716048 0.17335390946502052
0 0.8098535022290808 0.7959414532845603 0.07793209876543222 0.17232510288065853
0 0.47304901834705076 0.07992064852918762 0.07947530864197531 0.20318930041152267
0 0.5752789030349794 0.7887540961743635 0.06828703703703698 0.18775720164609047
0 0.49233137217078193 0.8016022709952753 0.06828703703703706 0.1748971193415636
0 0.8094709147805212 0.4678074035970126 0.08256172839506175 0.23199588477366254
0 0.8611673739711934 0.08916085581466239 0.08101851851851857 0.18261316872427982
0 0.6381647055041153 0.790801707056851 0.06828703703703698 0.17695473251028804
0 0.763559885116598 0.09585762459990854 0.08179012345679015 0.19290123456790126
0 0.7099333419067216 0.46882668419448253 0.08179012345679008 0.22170781893004116
0 0.5745139960562414 0.12207409312604785 0.07793209876543214 0.1733539094650206
0 0.40706983024691357 0.4311957018747142 0.06944444444444445 0.13580246913580243
0 0.1902579518175583 0.4651991883859168 0.08256172839506175 0.19290123456790123
0 0.08148657193072703 0.10765222527053803 0.11844135802469134 0.15329218106995887
0 0.6674835498113855 0.09227299573235788 0.06520061728395063 0.2103909465020576
0 0.24697091478052124 0.11074912360920591 0.08256172839506175 0.1646090534979424
0 0.3831460583847736 0.07787399024538942 0.06365740740740738 0.21502057613168724
0 0.03436990955075446 0.46308822969059593 0.048225308641975315 0.13528806584362138
0 0.29828130358367627 0.46980643194634963 0.0806327160493827 0.16872427983539096
0 0.5027501821844993 0.4235020385611949 0.07137345679012341 0.1599794238683128
0 0.07645372513717422 0.8031378600823046 0.09336419753086421 0.16666666666666657
0 0.2963447895233196 0.8231614845297973 0.06983024691358024 0.12551440329218094
0 0.43251939729080935 0.7810494779759183 0.05015432098765429 0.2001028806584361
0 0.23691727752057612 0.8077055707971346 0.04976851851851857 0.09979423868312762
0 0.9367650998799726 0.8098327236701722 0.05285493827160492 0.1748971193415639
0 0.9097474065500687 0.8057194025301021 0.0362654320987654 0.17695473251028804
0 0.7164895726165982 0.6173763526901387 0.07831790123456778 0.09979423868312762
0 0.6393245241769547 0.47706332876085966 0.07175925925925913 0.22839506172839513
0 0.9062971536351166 0.465223479652492 0.06790123456790127 0.21913580246913572
0 0.0949647419410151 0.44256591982929433 0.08256172839506172 0.19341563786008237
0 0.03709517532578875 0.11698816872427983 0.08371913580246913 0.2361111111111111
