0 0.002260917938184664 0.1837495652929925 0.08670774647887325 0.06924882629107985
0 0.005793048219874804 0.2618294644409668 0.10255281690140844 0.09976525821596242
0 0.007978775430359937 0.3750739001912711 0.08098591549295775 0.07981220657276995
0 0.10503197134194053 0.18965288645452963 0.40096830985915494 0.10680751173708922
0 0.11204885563380282 0.34462430446878806 0.3644366197183099 0.15199530516431928
0 0.12216751026995304 0.5030065423404625 0.3578345070422535 0.0780516431924883
0 0.5213462196791863 0.204886106764041 0.3160211267605634 0.07981220657276993
0 0.5068435788341158 0.3282005303425491 0.34771126760563376 0.16079812206572772
0 0.5033218407668232 0.4953872152669101 0.346830985915493 0.08861502347417838
0 0.8522153755868545 0.21369164058424622 0.14788732394366202 0.08274647887323944
0 0.8544145515453835 0.2964451834463572 0.14568661971830987 0.0903755868544601
0 0.8667299369131456 0.4203377673448096 0.13336267605633798 0.16197183098591544
0 0.0009863434076682316 0.7271920100852026 0.15272887323943662 0.08568075117370902
0 0.002299430262128326 0.8205632716049384 0.1421654929577465 0.15199530516431917
0 0.17054051741001566 0.7783570248652408 0.2966549295774648 0.20305164319248828
0 0.17977797339593116 0.6649789167101373 0.2887323943661972 0.07863849765258216
0 0.49006382042253527 0.7859176664927838 0.26936619718309857 0.1291079812206572
0 0.5032442048122066 0.720708898452443 0.23503521126760568 0.055751173708920285
0 0.49092545725743353 0.6590918970613806 0.24251760563380292 0.05868544600938964
0 0.7910782839397497 0.687878195096505 0.20906690140845066 0.09154929577464783
0 0.7910782839397497 0.8023457876890975 0.20906690140845066 0.125
0 0.4879768192488263 0.004783950617283951 0.4330985915492959 0.09624413145539906
0 0.00604918573943662 0.003016866631890106 0.4713908450704225 0.0892018779342723
