0 0.5718176654663923 0.2682313100137174 0.08410493827160492 0.24537037037037038
0 0.48307800711591214 0.27749152187166587 0.07677469135802469 0.24639917695473254
0 0.6756001371742113 0.26001705151653715 0.08641975308641968 0.2628600823045266
0 0.07297212577160495 0.2882820835238531 0.07986111111111113 0.23353909465020578
0 0.16517355752743487 0.2733753429355281 0.07214506172839506 0.24537037037037038
0 0.3989711934156378 0.27337962962962964 0.07407407407407404 0.25
0 0.013543542095336076 0.2630868007925621 0.05825617283950617 0.24485596707818935
0 0.4649627057613169 0.007341201798506325 0.1018518518518519 0.1507201646090535
0 0.08686771262002743 0.003751333638164914 0.08950617283950617 0.16255144032921812
0 0.19255052940672154 0.01042905044962658 0.05054012345679012 0.1522633744855967
0 0.37659518604252407 0.0006606271909769853 0.07484567901234564 0.1579218106995885
0 0.9012793102709191 0.5948607300716355 0.0644290123456789 0.2273662551440328
0 0.8264531893004116 0.2512998209114464 0.0925925925925927 0.29269547325102885
0 0.9174934627914952 0.26876905197378453 0.07947530864197525 0.2705761316872427
0 0.8164097329389574 0.6071940253010212 0.07445987654321 0.21399176954732507
0 0.7091510202331961 0.595891441853376 0.06635802469135793 0.22942386831275724
0 0.8064091435185186 0.0006725346745922878 0.11805555555555555 0.17078189300411523
0 0.04520265346364883 0.6175197187928669 0.09182098765432099 0.25462962962962965
0 0.14589227537722907 0.6473322473708276 0.08487654320987655 0.2299382716049383
0 0.6077069401577503 0.5938762193263223 0.09799382716049389 0.2752057613168723
0 0.4259770983367627 0.6483639117512574 0.07368827160493825 0.23302469135802475
0 0.4826916688100137 0.9383278082609358 0.07600308641975309 0.06069958847736635
0 0.8052319101508917 0.9352451989026063 0.08950617283950603 0.06481481481481481
0 0.5714514210390946 0.004768709038256364 0.11226851851851857 0.15020576131687244
0 0.0008139360425240056 0.0006725346745922878 0.06095679012345678 0.17078189300411523
0 0.9309879758230453 0.003747999542752629 0.06712962962962953 0.15895061728395063
0 0.4965971686385459 0.660186614083219 0.09992283950617285 0.2237654320987654
0 0.5749006022805213 0.938328760859625 0.07908950617283952 0.06172839506172847
0 0.003913483796296296 0.9172577541533303 0.0798611111111111 0.08281893004115227
