0 0.21610135888203016 0.0007287379972565158 0.07484567901234572 0.2314814814814815
0 0.12233394418724279 0.005855147843316568 0.04976851851851851 0.2124485596707819
0 0.038630615569272976 0.03104900167657369 0.07253086419753087 0.19958847736625512
0 0.22653276105967082 0.36800887821978356 0.0960648148148148 0.22736625514403297
0 0.40939509387860085 0.02024605624142661 0.08449074074074071 0.19907407407407407
0 0.30907225222908097 0.014572378448407256 0.06404320987654326 0.18261316872427985
0 0.7913998199588477 0.054123799725651574 0.17129629629629634 0.12037037037037036
0 0.7910124099794239 0.1816948635878677 0.16898148148148143 0.11934156378600823
0 0.7617083011831276 0.4256149024538942 0.19328703703703698 0.21965020576131683
0 0.2647245263203018 0.717277758725804 0.09220679012345678 0.21553497942386826
0 0.35731363597393695 0.7131525301021184 0.08719135802469134 0.20473251028806602
0 0.0845491469478738 0.7008163770766651 0.08410493827160494 0.2150205761316873
0 0.1659631129972565 0.7136588363054412 0.09799382716049385 0.1959876543209876
0 0.14241844564471878 0.38959524081694863 0.08256172839506175 0.20730452674897112
0 0.4471871249142661 0.3942205837524767 0.060570987654321035 0.20267489711934147
0 0.628180994941701 0.03973241502819692 0.13618827160493832 0.1332304526748971
0 0.7007410622427984 0.7933989673830208 0.17824074074074064 0.20421810699588477
