0 0.018989632237871673 0.39268877151799686 0.0915492957746479 0.08978873239436627
0 0.40501302083333335 0.39456833594157537 0.12015845070422541 0.21830985915492954
0 0.1959143314749609 0.36168438097722133 0.07438380281690138 0.1965962441314554
0 0.7566950312989046 0.3252113762823856 0.13380281690140836 0.1015258215962442
0 0.11360860475352114 0.3693047948182925 0.07526408450704226 0.18720657276995312
0 0.7456884536384978 0.4373016649278386 0.1294014084507042 0.10269953051643188
0 0.1668772618348983 0.14974569640062596 0.09198943661971828 0.10563380281690139
0 0.6717655760954616 0.6115936358894105 0.15933098591549297 0.0985915492957747
0 0.7575786751760564 0.20784863501999654 0.13864436619718312 0.11032863849765254
0 0.8236019415101723 0.7019817205703356 0.14172535211267592 0.11208920187793434
0 0.35789502640845067 0.042369261867501305 0.08714788732394364 0.125
0 0.16863660260172145 0.04000771604938272 0.0902288732394366 0.10974178403755867
0 0.3957758705007825 0.675577616936185 0.12852112676056338 0.11678403755868551
0 0.6263830814749609 0.308797383063815 0.09022887323943654 0.1208920187793427
0 0.3548183196400626 0.15620326899669623 0.09330985915492956 0.10798122065727699
0 0.259748202758216 0.03825965049556599 0.09375 0.12323943661971831
0 0.27341213077073545 0.39513997565640757 0.1219190140845071 0.2018779342723005
0 0.6232996503325507 0.43435761171970094 0.08670774647887325 0.09213615023474185
0 0.08943570275821595 0.6691227612589116 0.1254401408450704 0.11737089201877937
0 0.26106556875978093 0.1544470526864893 0.08934859154929574 0.11267605633802817
0 0.6272642801251955 0.18907744305338203 0.0915492957746479 0.119131455399061
0 0.45164319248826296 0.042956659711354546 0.08450704225352115 0.1255868544600939
0 0.4512027459898279 0.1585566640584246 0.08406690140845068 0.11443661971830986
0 0.9181906543427228 0.33988817162232654 0.08186619718309866 0.10739436619718316
0 0.9159914783841941 0.44844700921578856 0.08406690140845068 0.0974178403755869
0 0.9234686766431925 0.23307359589636586 0.07658450704225352 0.09976525821596245
0 0.9309458749021909 0.1086669709615719 0.06910211267605636 0.1068075117370892
0 0.24084170823552423 0.8123804555729438 0.12191901408450706 0.18779342723004705
0 0.813488177327856 0.8064282298730656 0.15536971830985918 0.09741784037558684
0 0.3742270026408451 0.8035857894279256 0.1544894366197184 0.1965962441314554
0 0.8112813600352113 0.8973825204312293 0.14656690140845052 0.08861502347417838
0 0.6699940091940533 0.8973836071987481 0.1434859154929577 0.08978873239436612
0 0.6735126907276996 0.8070118240306033 0.13996478873239432 0.09389671361502352
0 0.6717609912949921 0.7072547165710311 0.15272887323943662 0.10269953051643199
0 0.09252463566118936 0.7841837289167102 0.13688380281690143 0.1578638497652582
0 0.5797284575508607 0.8035847026604068 0.09066901408450702 0.19542253521126768
0 0.01811210142801252 0.48717886019822637 0.09551056338028169 0.09683098591549298
0 0.053333455594679176 0.10693520692053556 0.11003521126760564 0.13791079812206578
0 0.628595400528169 0.07639432272648236 0.10695422535211255 0.11150234741784036
0 0.7518553159233177 0.08812869500956355 0.13644366197183094 0.1085680751173709
0 0.6012788536776212 0.605812032689967 0.06690140845070418 0.1924882629107982
0 0.014575080692488264 0.6632243305512084 0.07262323943661972 0.08509389671361504
