0 0.15288995256259783 0.5719114067118761 0.23195422535211271 0.34037558685446007
0 0.06878087098982787 0.22550860719874805 0.17121478873239435 0.1690140845070422
0 0.3932337514671361 0.5373331811858808 0.2706866197183099 0.39025821596244126
0 0.6630079958920188 0.5455257781255434 0.22447183098591555 0.3650234741784038
0 0.419208785700313 0.0015921144148843681 0.28036971830985913 0.45187793427230044
0 0.03314291128716745 0.08873782820379064 0.19058098591549297 0.13262910798122066
0 0.17309180604460095 0.0007053121196313685 0.167693661971831 0.12793427230046947
0 0.0005275577073552426 0.5113751956181533 0.12588028169014087 0.24295774647887336
0 0.26462429088419404 0.1434207094418362 0.14348591549295772 0.24647887323943662
0 0.7083480046948356 0.002777777777777778 0.23239436619718312 0.46478873239436624
0 0.9045557633998433 0.5566885106937924 0.09551056338028177 0.3785211267605633
