0 0.10218053110328638 0.0009041905755520779 0.0977112676056338 0.34272300469483563
0 0.6026203662949923 0.0009237523908885412 0.09727112676056338 0.36384976525821594
0 0.7064933000782472 0.0009204920883324639 0.09683098591549298 0.36032863849765256
0 0.512388742175274 0.0009221222396105025 0.09330985915492944 0.3620892018779343
0 0.20692855046948355 0.0008900625978090766 0.08978873239436622 0.3274647887323943
0 0.8094807560641627 0.0009389671361502347 0.08890845070422541 0.38028169014084506
0 0.29759817586071985 0.005602829942618675 0.09066901408450706 0.34683098591549294
0 0.16469825899843504 0.6727846244131455 0.12323943661971828 0.2693661971830987
0 0.04497597564553991 0.6920953964527908 0.1175176056338028 0.20950704225352118
0 0.0005119693857589985 0.000901473656755347 0.10343309859154928 0.33978873239436624
0 0.5212037852112675 0.4592168753260303 0.11091549295774648 0.3204225352112676
0 0.11628735084115807 0.41035146061554517 0.12984154929577463 0.15140845070422526
0 0.2689462294600939 0.43672676491045037 0.02904929577464787 0.1156103286384976
0 0.34161837343505475 0.44502695183446356 0.09947183098591551 0.2065727699530517
0 0.9164310079225353 0.17918568509824376 0.08318661971830986 0.21068075117370894
0 0.9093850865610329 0.4737578247261346 0.07790492957746473 0.17957746478873238
0 0.29366013791079815 0.6909689619196662 0.1241197183098592 0.2605633802816903
0 0.6418039050273865 0.6233964745261693 0.11311619718309858 0.16960093896713624
0 0.633896346830986 0.4408907146583203 0.13468309859154917 0.17605633802816906
0 0.5189991074921753 0.7988540036515388 0.10519366197183101 0.15669014084507035
0 0.47493856367370896 0.010864414884367936 0.038292253521126675 0.3251173708920188
0 0.43444560592723 0.013754129716571034 0.03829225352112676 0.27699530516431925
0 0.6400445642605633 0.7841739480090419 0.11487676056338018 0.14730046948356812
0 0.11847154978482004 0.5705100199965224 0.10607394366197184 0.09448356807511729
