0 0.3047733885954616 0.156193488089028 0.28213028169014087 0.09741784037558684
0 0.10483482492175274 0.179743196835333 0.11707746478873242 0.1789906103286385
0 0.3659049784820032 0.45607394366197185 0.21302816901408445 0.09507042253521127
0 0.6480762177230048 0.15383574595722482 0.27200704225352107 0.08626760563380279
0 0.5260719263497652 0.7119218396800557 0.14920774647887325 0.07276995305164315
0 0.7148834849374022 0.7090266910102591 0.13644366197183094 0.11502347417840379
0 0.6555335485133019 0.4590109328812381 0.23591549295774655 0.09800469483568076
0 0.6472047999804382 0.051720896365849416 0.2847711267605633 0.08392018779342726
0 0.3495754474765258 0.7107432403060338 0.1492077464788732 0.06748826291079811
0 0.15453375635758998 0.4560570987654321 0.06382042253521125 0.07687793427230044
0 0.040100804479655715 0.24484057120500788 0.06910211267605633 0.1320422535211267
0 0.1514582722026604 0.5452508259433141 0.07174295774647889 0.06807511737089209
0 0.08063105193661972 0.01183489827856025 0.12279929577464786 0.10563380281690142
0 0.9388292864827856 0.46539677882107466 0.012764084507042304 0.02288732394366193
0 0.9203467331768388 0.46188543296817947 0.017605633802816892 0.03345070422535212
0 0.6343878374413146 0.39851656233698485 0.20862676056338034 0.045774647887323966
0 0.34912735964397495 0.8005428403755869 0.13776408450704222 0.07922535211267603
0 0.5295878570031298 0.8034733089897409 0.14172535211267617 0.07511737089201873
0 0.025566375684663533 0.8867930577290906 0.05501760563380282 0.06044600938967135
0 0.30653609154929573 0.06344929142757781 0.28521126760563387 0.07453051643192488
0 0.06430121527777778 0.5388095548600244 0.0585387323943662 0.08333333333333344
0 0.09070783206181533 0.45956572769953047 0.055897887323943664 0.06338028169014086
0 0.0070881015258215975 0.4595602938619371 0.06602112676056338 0.05751173708920184
0 0.0026759952073552424 0.5399696791862285 0.05061619718309859 0.06866197183098595
0 0.0127977063771518 0.7113262910798123 0.04841549295774648 0.0633802816901407
0 0.09642813478090767 0.7160271039819162 0.053697183098591554 0.0698356807511738
0 0.15673293231611896 0.7101982263954095 0.061619718309859114 0.1126760563380282
0 0.11359087685837246 0.8997065727699529 0.049735915492957736 0.06338028169014091
0 0.00046459311424100155 0.2395588810641628 0.035211267605633804 0.13204225352112675
0 0.003553526017214398 0.005979394887845592 0.04665492957746479 0.11971830985915494
0 0.9617218065336464 0.6491017866458006 0.02024647887323946 0.04401408450704225
0 0.9625984203834116 0.6866496044166231 0.014964788732394475 0.03227699530516443
0 0.945433844385759 0.6895762693444618 0.01628521126760568 0.024061032863849724
0 0.9436732810054773 0.6573003608068162 0.016285211267605525 0.02523474178403757
0 0.9234274134389671 0.653789014953921 0.017165492957746487 0.03579812206572765
0 0.9251873655125195 0.693103373326378 0.01628521126760568 0.030516431924882608
0 0.9031797119522692 0.6537830377325683 0.015404929577464877 0.029342723004694763
0 0.9066977821791862 0.6895865936358894 0.011003521126760537 0.03521126760563389
0 0.888651090571205 0.6931044600938967 0.00968309859154933 0.03169014084507056
0 0.8864500806924882 0.6537776038949749 0.009242957746478927 0.02347417840375575
0 0.8736841622652582 0.6573019909580943 0.0066021126760563535 0.026995305164319285
0 0.8745662778755868 0.6854742653451573 0.009242957746478927 0.030516431924882608
0 0.9344303232589984 0.5387622804729612 0.01628521126760568 0.03227699530516443
0 0.9185828076095462 0.5440423404625282 0.012764084507042146 0.030516431924882608
0 0.9388320373630672 0.5839500739001913 0.016725352112676086 0.03227699530516433
0 0.9203403144561815 0.5880482742131803 0.008362676056337963 0.021713615023474138
0 0.9564407276995305 0.5816080898974091 0.021126760563380427 0.03814553990610323
0 0.967440275332551 0.296972265692923 0.01540492957746472 0.02582159624413144
0 0.9216674613654146 0.42901451921404976 0.01804577464788745 0.02582159624413144
0 0.9449924809272301 0.4337104416623196 0.014524647887323914 0.026995305164319233
0 0.9630382555751174 0.4290221265866806 0.014524647887324073 0.03403755868544599
0 0.9555595290492959 0.4642247000521649 0.01980633802816906 0.024647887323943646
0 0.9564495916471047 0.3726851851851852 0.03389084507042257 0.035211267605633784
0 0.9709635416666667 0.22243794557468266 0.018485915492957694 0.02171361502347419
0 0.9533566852503913 0.22244283602851678 0.016725352112675927 0.026995305164319233
0 0.9507094214593115 0.26879184054946964 0.007482394366197158 0.013497652582159642
0 0.9692054235133021 0.2676328029907842 0.022007042253521073 0.02934272300469487
0 0.9414759389671362 0.30283863675882455 0.021126760563380267 0.023474178403755906
0 0.9225483543622848 0.30519420535559033 0.0189260563380281 0.03227699530516433
0 0.9326667033450705 0.27349374021909234 0.011883802816901342 0.021126760563380267
0 0.9555558612089202 0.18956485828551556 0.014524647887323914 0.011737089201877927
0 0.9784462416862284 0.17726699704399235 0.0189260563380281 0.03990610328638498
0 0.9863651090571205 0.14555729438358544 0.01364436619718311 0.01877934272300471
0 0.9573203980829422 0.13793796731003305 0.02024647887323946 0.029342723004694843
