0 0.0007935742455418382 0.1580170705685109 0.0316358024691358 0.10288065843621402
0 0.033604198816872426 0.15339601432708427 0.05671296296296296 0.11213991769547328
0 0.1663186406893004 0.04280502210028959 0.054398148148148154 0.11831275720164608
0 0.16516042952674898 0.154934937509526 0.053240740740740734 0.1075102880658436
0 0.22418499228395058 0.15031245237006555 0.048611111111111154 0.11522633744855969
0 0.2809027777777778 0.045890965554031396 0.05555555555555555 0.11779835390946504
0 0.2797413515946502 0.16676049763755524 0.04976851851851853 0.10133744855967079
0 0.3376157407407407 0.04281169029111416 0.05555555555555555 0.12551440329218105
0 0.3341427147633745 0.1636769356805365 0.054398148148148175 0.1044238683127572
0 0.39431289651920437 0.0623423449169334 0.03279320987654325 0.10751028806584362
0 0.3943099494170096 0.17293333714372808 0.028549382716049444 0.10133744855967082
0 0.43174618484224964 0.1713944139612864 0.047839506172839524 0.10596707818930037
0 0.48961253643689984 0.06541923868312757 0.04205246913580246 0.09722222222222225
0 0.5054392789780521 0.16522443225118125 0.05478395061728405 0.10905349794238685
0 0.5609985853909465 0.053607014936747445 0.06018518518518524 0.11779835390946503
0 0.5590701088820301 0.17139584285932022 0.060956790123456825 0.1075102880658436
0 0.6211821630658436 0.05051773738759335 0.0578703703703704 0.1147119341563786
0 0.6223366233710562 0.16677764441396128 0.05362654320987659 0.11985596707818931
0 0.6836829668209877 0.052063805060204235 0.05902777777777786 0.11779835390946503
0 0.6778967335390946 0.16369694025301024 0.06018518518518524 0.1260288065843621
0 0.7450239519032923 0.05207237844840725 0.05671296296296286 0.12705761316872427
0 0.7415509259259261 0.1744917885992989 0.05555555555555555 0.117798353909465
0 0.8028919110082303 0.059782712238987956 0.0532407407407408 0.12088477366255143
0 0.8005741490912208 0.18066034141137022 0.048996913580246985 0.1131687242798354
0 0.8981969092935528 0.12303478890413047 0.0702160493827162 0.09979423868312756
0 0.006208472650891633 0.32880467916476147 0.05131172839506173 0.10905349794238682
0 0.0050564236111111105 0.4347717573540619 0.059027777777777776 0.10905349794238688
0 0.08451217421124829 0.33652168114616676 0.030864197530864196 0.110082304526749
0 0.08220271776406037 0.4440291114159427 0.03858024691358024 0.10699588477366254
0 0.15704544967421125 0.3349856157597927 0.034336419753086406 0.11779835390946503
0 0.1582041966735254 0.45430622237463797 0.03626543209876542 0.095164609053498
0 0.19448088134430727 0.33652311004420055 0.052469135802469126 0.11162551440329217
0 0.19795149605624143 0.4527687280902301 0.05015432098765433 0.10133744855967085
0 0.24695376800411523 0.33961381649138855 0.0578703703703704 0.1162551440329218
0 0.24694974922839505 0.45893870980033535 0.05208333333333337 0.09825102880658439
0 0.3036635159465021 0.4512369493979576 0.053240740740740755 0.11368312757201646
0 0.3148472329389575 0.3365178707514098 0.04668209876543206 0.10596707818930043
0 0.36500610853909465 0.3411232091144643 0.0532407407407408 0.07973251028806581
0 0.41940506044238685 0.3436928440786465 0.0543981481481481 0.07716049382716053
0 0.47264821244855965 0.34266499009297363 0.0578703703703704 0.07818930041152264
0 0.5351449974279835 0.34266641899100747 0.0532407407407408 0.07973251028806587
0 0.35806166409465023 0.4512369493979576 0.053240740740740713 0.11368312757201646
0 0.4124606159979424 0.4558680079256211 0.054398148148148175 0.11522633744855963
0 0.46801617155349795 0.46203656073769245 0.054398148148148175 0.1105967078189301
0 0.5235733346193415 0.46203894223441544 0.056712962962963014 0.1131687242798354
0 0.593016171553498 0.3545277015698826 0.054398148148148175 0.11213991769547328
0 0.5860749421296296 0.46512679088553577 0.05902777777777786 0.11471193415637858
0 0.649731545781893 0.35607376924249357 0.0578703703703704 0.11522633744855969
0 0.6462585198045268 0.47541390413046797 0.05671296296296294 0.1136831275720164
0 0.7110717271090534 0.3545343697607072 0.054398148148148175 0.11934156378600826
0 0.7064420974794239 0.47386926535589086 0.05439814814814825 0.11213991769547328
0 0.7701019161522634 0.3607100670629477 0.057870370370370315 0.1224279835390946
0 0.7631598829732511 0.48466030330742266 0.06134259259259254 0.09979423868312752
0 0.8472709833676269 0.49090744551135496 0.07021604938271603 0.1800411522633745
0 0.9209592549725651 0.4955356462429507 0.07021604938271603 0.17849794238683123
0 0.00736963091563786 0.6585724356043285 0.056712962962962965 0.14711934156378603
0 0.059459394290123466 0.6194296791647615 0.06597222222222224 0.09516460905349788
0 0.06062001671810699 0.7146000038103947 0.07060185185185186 0.1013374485596709
0 0.19256338948902604 0.6163575483920134 0.06905864197530866 0.11059670781893005
0 0.19449106224279836 0.7269399672306052 0.06712962962962964 0.09516460905349788
0 0.2650950574417009 0.6266398986434994 0.07021604938271611 0.10442386831275725
0 0.26509184242112477 0.7356795839048925 0.06558641975308643 0.08950617283950614
0 0.3399369855967078 0.6328141670477062 0.0648148148148148 0.10596707818930043
0 0.3387787744341564 0.7418533760097547 0.06365740740740743 0.09053497942386815
0 0.4078446502057613 0.6328155959457401 0.07407407407407404 0.1075102880658436
0 0.40784063143004123 0.7480276444139612 0.06828703703703698 0.09207818930041153
0 0.4850003215020577 0.6405287875323883 0.06712962962962961 0.10442386831275725
0 0.47959962277091905 0.746493007925621 0.06790123456790127 0.10133744855967079
0 0.5544359246399178 0.7115474013107759 0.0543981481481481 0.13786008230452676
0 0.6146251286008231 0.7130934689833867 0.06018518518518516 0.14094650205761333
0 0.6759661136831275 0.646704484834629 0.0578703703703704 0.1075102880658436
0 0.6778881601508916 0.756785360463344 0.047839506172839524 0.10596707818930043
0 0.7346043381344308 0.6467068663313519 0.05246913580246921 0.11008230452674889
0 0.728047839506173 0.7583204732510287 0.0555555555555554 0.09722222222222222
0 0.83569637345679 0.660135173754001 0.06944444444444445 0.16820987654320985
0 0.9051397462277091 0.6663022976680385 0.06790123456790127 0.16203703703703703
0 0.1798273533950617 0.9008111377838743 0.0625 0.09825102880658444
0 0.2434847608024691 0.9008111377838743 0.0625 0.09825102880658444
0 0.0015734846536351167 0.8751157407407407 0.04359567901234568 0.125
0 0.36153710133744854 0.8828194063404969 0.0578703703703704 0.11162551440329217
0 0.42172469778806587 0.9110906302392928 0.06134259259259254 0.08899176954732509
0 0.48498692558299045 0.8915590230147844 0.047839506172839524 0.10596707818930032
0 0.5995732060185186 0.9069792142966011 0.05208333333333325 0.09310699588477366
0 0.5451790766460904 0.9234196387745771 0.057870370370370475 0.07098765432098762
0 0.6543633187585735 0.9172510859625057 0.06095679012345675 0.07561728395061725
0 0.9298281571502057 0.9038932708428593 0.06365740740740745 0.09362139917695471
0 0.8438030478395062 0.9141741921963115 0.0763888888888889 0.08590534979423874
0 0.8608056841563785 0.2655787989635726 0.1157407407407408 0.15843621399176952
