0 0.875456800840192 0.0007358824874256972 0.10223765432098778 0.2391975308641975
0 0.8357065543552812 0.6405973746380125 0.08410493827160492 0.1784979423868313
0 0.8573152434842248 0.44410484301173603 0.08950617283950635 0.1887860082304527
0 0.856167481138546 0.24246780216430425 0.10339506172839492 0.19855967078189296
0 0.24004415294924553 0.11127495808565767 0.10802469135802469 0.1769547325102881
0 0.3580948859739369 0.11127876848041458 0.10108024691358024 0.1810699588477366
0 0.4603309327846365 0.1081942539247066 0.0987654320987654 0.18312757201646088
0 0.5591017232510288 0.10973698750190519 0.10648148148148151 0.18261316872427985
0 0.6702026534636487 0.10356986358786771 0.09182098765432103 0.18878600823045263
0 0.7280673975480111 0.3437504762993446 0.08371913580246905 0.13940329218106995
0 0.6362431948731139 0.3380987082761774 0.07908950617283952 0.14660493827160498
0 0.541730699159808 0.3427240512117055 0.09220679012345674 0.14197530864197536
0 0.431779138803155 0.34117798353909473 0.09529320987654318 0.1388888888888889
0 0.2546832133058985 0.33964763374485596 0.07716049382716043 0.15277777777777782
0 0.33300674082647463 0.3437547629934461 0.08526234567901238 0.14403292181069957
0 0.2662626457475995 0.5469140565462581 0.0848765432098765 0.11162551440329217
0 0.35808149005486967 0.5422872847126963 0.08179012345679015 0.11471193415637862
0 0.4645739561899863 0.5469507315957933 0.09760802469135801 0.1512345679012346
0 0.5644756301440329 0.5423110996799269 0.06712962962962968 0.14043209876543206
0 0.6416572895233196 0.5376971879286694 0.09760802469135793 0.1574074074074074
0 0.7427193179869686 0.5376886145404663 0.07137345679012333 0.14814814814814814
0 0.16979407793209877 0.5526596555403139 0.059027777777777776 0.20576131687242794
0 0.07992514360425239 0.5557503619875018 0.09220679012345678 0.21039094650205756
0 0.10617364326131686 0.8221788789818625 0.11226851851851853 0.17541152263374488
0 0.2535290209190672 0.7855738454503887 0.08179012345679015 0.08641975308641968
0 0.3411005551268862 0.7824750419143424 0.07368827160493821 0.07304526748971185
0 0.41594221536351167 0.7752824455113551 0.06790123456790119 0.08281893004115227
0 0.4838514874828532 0.7675640146319159 0.07947530864197531 0.08024691358024688
0 0.5965087555727023 0.7526529873494893 0.0837191358024692 0.08744855967078191
0 0.7508289394718793 0.7480195473251029 0.08256172839506175 0.08333333333333333
0 0.03245884773662552 0.8252648224356044 0.07407407407407408 0.17489711934156382
0 0.0004417974108367627 0.3062533340954123 0.08063271604938271 0.19804526748971196
