0 0.91671515989369 0.40653244551135503 0.06983024691358032 0.1661522633744856
0 0.5744955096879286 0.4158150434385002 0.05131172839506175 0.19135802469135804
0 0.1146200381515775 0.4194225346745923 0.05285493827160494 0.19855967078189296
0 0.8545905135459535 0.41630086877000455 0.054783950617283965 0.16049382716049382
0 0.7816789373285322 0.8478442691662856 0.062114197530864286 0.1162551440329218
0 0.7184017061042525 0.8493917657369303 0.054012345679012225 0.12088477366255143
0 0.5829890582133058 0.8571125781130925 0.05979938271604945 0.12602880658436222
0 0.907839023919753 0.6878515089163237 0.06597222222222222 0.10185185185185185
0 0.9236555855624142 0.14523176726108825 0.06404320987654318 0.18364197530864196
0 0.04247926311728396 0.40709114464258495 0.059027777777777776 0.21399176954732507
0 0.25968739283264747 0.14421915485444292 0.06095679012345678 0.20113168724279834
0 0.29247926311728395 0.4199278882792257 0.05902777777777774 0.18878600823045263
0 0.36346718535665296 0.4271238187776254 0.059413580246913573 0.18261316872427985
0 0.5837491426611797 0.1318710943453742 0.04320987654320984 0.19855967078189302
0 0.3376125257201646 0.15809518366102726 0.05092592592592595 0.18724279835390947
0 0.4321317193930041 0.411199702789209 0.04745370370370373 0.2067901234567901
0 0.05675234696502058 0.14267165828379821 0.056712962962962965 0.19650205761316875
0 0.3939353995198902 0.15397424173144336 0.0447530864197531 0.18106995884773658
0 0.5058248135288066 0.12878753238835544 0.054398148148148175 0.20164609053497945
0 0.4421674061213992 0.1452374828532236 0.0543981481481481 0.18981481481481477
0 0.7338252314814816 0.6647281283340954 0.04166666666666651 0.1286008230452674
0 0.197565961505487 0.15911636945587565 0.05054012345679012 0.17901234567901234
0 0.49193672839506175 0.4096469669257735 0.05555555555555555 0.19650205761316872
0 0.1362241726680384 0.14729890641670476 0.05169753086419752 0.19393004115226342
0 0.2207256301440329 0.4219864540466393 0.06712962962962964 0.18981481481481477
0 0.640478716563786 0.4189000342935528 0.06712962962962968 0.18981481481481477
0 0.8534253365054869 0.15345174135040388 0.04359567901234555 0.17232510288065847
0 0.7886153442215362 0.14472212696235331 0.05054012345679016 0.18878600823045266
0 0.7183960798182443 0.14985568129858254 0.045910493827160476 0.17746913580246917
0 0.8472457990397806 0.6714134659350709 0.033950617283950636 0.12654320987654316
0 0.801730752743484 0.41376219326322206 0.047839506172839684 0.19650205761316872
0 0.40436626586076824 0.6756010897729005 0.06520061728395056 0.20473251028806583
0 0.4822980967078189 0.6668595679012346 0.06481481481481484 0.20833333333333334
0 0.6705565736454047 0.6616388507849413 0.045910493827160476 0.12551440329218116
0 0.20720914780521263 0.6776434613625971 0.047839506172839524 0.18827160493827164
0 0.05443646047668038 0.6786627419600669 0.055169753086419755 0.17798353909465026
0 0.5814445087448559 0.6606033760097547 0.057870370370370475 0.11831275720164604
0 0.2538901748971194 0.7162017985063253 0.04629629629629627 0.16460905349794244
0 0.1447112911522634 0.6838034407864656 0.05092592592592593 0.17438271604938274
0 0.3171730324074074 0.7002595831428136 0.06250000000000004 0.16923868312757206
0 0.007358914180384088 0.6827651082152111 0.04128086419753086 0.16409465020576128
0 0.3538162294238683 0.9316424706599603 0.050925925925925875 0.06275720164609058
0 0.4008994020061728 0.9280435528120714 0.07291666666666667 0.06481481481481471
0 0.14010711376886145 0.9342135345221765 0.08757716049382715 0.06172839506172857
0 0.48615585348079565 0.9311285436671238 0.06442901234567905 0.06327160493827164
0 0.22689632630315504 0.925473917847889 0.06404320987654322 0.06738683127572011
0 0.8522687328532237 0.8427011888431641 0.044753086419753015 0.11728395061728403
0 0.8021122685185186 0.6621599222679471 0.041666666666666664 0.13271604938271586
0 0.9105176718964335 0.8421620179850633 0.03433641975308635 0.09053497942386825
0 0.6512744877400549 0.8519556851089772 0.057484567901234525 0.11213991769547323
0 0.002719639489026063 0.14268023167200122 0.027391975308641976 0.20576131687242802
0 0.655516975308642 0.1442096288675507 0.055555555555555476 0.1908436213991769
0 0.16747444058641975 0.4240450198140527 0.052083333333333356 0.190843621399177
0 0.10958987054183814 0.6725041914342326 0.03163580246913579 0.19341563786008234
0 0.0015796467764060357 0.9352451989026063 0.052469135802469126 0.06481481481481481
0 0.05520431455761317 0.9326746113397347 0.049768518518518524 0.0663580246913581
0 0.2920907814643347 0.9295920019814052 0.05516975308641976 0.07047325102880667
0 0.9629886831275718 0.8432089239445206 0.03703703703703714 0.11008230452674889
