0 0.32068571030521265 0.23934470736168265 0.12075617283950615 0.15895061728395063
0 0.2049323774005487 0.24242588782197838 0.10262345679012345 0.15329218106995884
0 0.46035290209190677 0.24242493522328915 0.1304012345679012 0.15226337448559665
0 0.08109514317558299 0.25680917543057463 0.11033950617283948 0.13168724279835392
0 0.2701260288065844 0.6476932822740434 0.09259259259259257 0.06430041152263387
0 0.1501371742112483 0.48000352461515017 0.08641975308641975 0.07047325102880656
0 0.2709005808470507 0.4743412780064014 0.09683641975308643 0.0663580246913581
0 0.2747503000685871 0.5638441167504953 0.0848765432098765 0.06275720164609047
0 0.15939804098079563 0.5700088591678097 0.08873456790123456 0.05401234567901238
0 0.1574652777777778 0.6451160265203475 0.08333333333333329 0.058641975308642014
0 0.439078039266118 0.6178774196006706 0.05015432098765429 0.08539094650205767
0 0.7072313850308642 0.5175459152568207 0.07986111111111119 0.06069958847736624
0 0.06370857981824417 0.5031388126809938 0.07368827160493827 0.056584362139917674
0 0.5143205054012346 0.5370922877610121 0.06597222222222214 0.05967078189300391
0 0.7342319315843622 0.2711781740588325 0.07175925925925937 0.09465020576131687
0 0.8009770983367626 0.5237235177564395 0.07368827160493842 0.06584362139917693
0 0.9290530692729766 0.035603852309099224 0.0586419753086419 0.11882716049382715
0 0.8191076710390947 0.28454551516537113 0.0706018518518519 0.08693415637860079
0 0.8449559006344308 0.014518556622466088 0.06983024691358015 0.12448559670781895
0 0.8897143454218107 0.5232310242341106 0.07754629629629635 0.08950617283950614
0 0.9051464441872428 0.2968854785855815 0.07754629629629635 0.08076131687242794
0 0.7550751778978052 0.021674477975918306 0.08603395061728397 0.07510288065843622
0 0.5776339056069959 0.8709976566072245 0.12615740740740747 0.12191358024691354
0 0.2871219671639232 0.8930879439109892 0.1222993827160494 0.09053497942386825
0 0.014740869341563786 0.8293400396281054 0.11574074074074073 0.13168724279835398
0 0.15709689000342936 0.8529835390946502 0.10841049382716049 0.1111111111111111
0 0.4321823559670781 0.8864116559975613 0.12037037037037039 0.10236625514403301
0 0.4556972843792867 0.7865850289590002 0.09297839506172849 0.0673868312757202
0 0.2952131022805213 0.8040580704160952 0.1068672839506173 0.049382716049382644
0 0.696784711505487 0.6327932098765433 0.03665123456790119 0.08333333333333323
0 0.5864784272119342 0.8133144718792866 0.08449074074074063 0.046296296296296405
0 0.7180368012688615 0.9033764860539553 0.08410493827160492 0.09104938271604932
0 0.38583488725994514 0.6332999923792103 0.04668209876543214 0.0751028806584363
0 0.5455611282578876 0.6291904816338973 0.052469135802469126 0.08127572016460899
0 0.48922593021262006 0.62867131534827 0.040895061728395 0.07613168724279831
0 0.6177000278635117 0.6209619341563786 0.04359567901234555 0.08333333333333333
0 0.8719655564128942 0.751085486206371 0.07484567901234587 0.0612139917695473
0 0.7967174639917695 0.7407921810699588 0.050925925925925875 0.05555555555555555
0 0.8002022783779149 0.9074802812071331 0.06905864197530857 0.0787037037037037
0 0.890485682441701 0.9049058832495046 0.07716049382716048 0.07613168724279831
0 0.7357574588477366 0.7320435147081237 0.04629629629629635 0.051440329218106984
0 0.6497165423525377 0.6389641441853376 0.0362654320987654 0.0812757201646091
0 0.5579960240912208 0.009818910989178479 0.18094135802469144 0.04886831275720164
0 0.36124319487311385 0.0051892813595488495 0.19020061728395063 0.04886831275720164
0 0.1755974579903978 0.009813195397043135 0.08256172839506175 0.0426954732510288
0 0.2685662079903978 0.008789151806127115 0.06867283950617281 0.047839506172839504
0 0.5980699159807956 0.237799592287761 0.10956790123456786 0.1568930041152263
0 0.019373713991769546 0.5988349718030788 0.12037037037037038 0.07510288065843619
0 0.37849338777434843 0.4841144642584972 0.030478395061728412 0.06584362139917693
0 0.3796708890603567 0.563311614083219 0.059413580246913573 0.043209876543209944
0 0.44370793681412896 0.5597093621399176 0.05054012345679008 0.041666666666666664
0 0.6504961848422497 0.4887774348422497 0.0478395061728396 0.10185185185185185
0 0.035968310613854595 0.7690715020576131 0.12770061728395063 0.041666666666666664
0 0.17677201217421126 0.7752400548696846 0.10725308641975305 0.03703703703703693
0 0.0432227366255144 0.5072559442158209 0.018518518518518517 0.058641975308642014
0 0.320679012345679 0.11785932022557538 0.11111111111111108 0.06584362139917696
0 0.4649769054355281 0.15799468449931411 0.12229938271604937 0.07870370370370373
0 0.18835144461591224 0.14821864045115074 0.11496913580246913 0.07613168724279835
0 0.06449920696159121 0.1436047286998933 0.10108024691358025 0.09310699588477368
0 0.6026936514060357 0.12143870980033532 0.10108024691358032 0.042695473251028786
0 0.10767961248285321 0.012396643042219173 0.058641975308641965 0.055041152263374485
