0 0.13163231953017834 0.782038275415333 0.10609567901234568 0.15689300411522636
0 0.06839607981824417 0.26091439948178635 0.15702160493827164 0.12088477366255143
0 0.3851404428155007 0.20748837829599145 0.15779320987654316 0.19855967078189304
0 0.67140265989369 0.2907597927145252 0.15316358024691357 0.13168724279835398
0 0.2242616169410151 0.25012479042828833 0.1589506172839506 0.13477366255144038
0 0.5398257994684499 0.2773810204237159 0.12692901234567905 0.12705761316872433
0 0.648233614111797 0.5829365759792715 0.12307098765432103 0.12705761316872433
0 0.247014317558299 0.13537761012040847 0.14506172839506173 0.09670781893004117
0 0.5224625450102881 0.1338677411979881 0.12384259259259255 0.13271604938271603
0 0.08227264446159123 0.14154759183051366 0.1392746913580247 0.09362139917695471
0 0.7867444701646091 0.18425401996646854 0.13425925925925922 0.10545267489711933
0 0.7728301290294926 0.5664785284255449 0.09760802469135793 0.1301440329218108
0 0.8199280371227708 0.3030983272367017 0.14081790123456794 0.12397119341563788
0 0.3796296296296297 0.37088477366255146 0.0 0.0
0 0.6451493377057613 0.1667662132296906 0.12615740740740747 0.10751028806584365
0 0.3932155028292181 0.5495189376619418 0.11921296296296302 0.14711934156378603
0 0.5247749485596708 0.6209814624295077 0.12037037037037039 0.10442386831275725
0 0.8847128450788753 0.604001867093431 0.09760802469135793 0.09979423868312752
0 0.8935924639917695 0.4862178021643042 0.1064814814814816 0.11522633744855969
0 0.19683106138545955 0.4666742874561805 0.10339506172839504 0.11934156378600826
0 0.3060051225994513 0.4466311347355586 0.09182098765432103 0.13940329218107
0 0.24932377400548694 0.823698273891175 0.13734567901234568 0.14969135802469144
0 0.25925925925925924 0.9747942386831276 0.0 0.0
0 0.3897424768518518 0.7722917619265357 0.11805555555555564 0.1862139917695473
0 0.5159132801783265 0.7800130506020423 0.13734567901234562 0.19187242798353904
0 0.6713892639746227 0.8370703779911599 0.13387345679012358 0.14711934156378603
0 0.7948313185871057 0.7753486511202561 0.11265432098765445 0.15432098765432084
0 0.9093993805727024 0.7553012117055327 0.0906635802469135 0.16975308641975312
0 0.9321459190672153 0.17604119036732205 0.06790123456790127 0.12448559670781895
0 0.003907053755144033 0.6009759373571102 0.07060185185185185 0.16512345679012339
0 0.0008305469821673526 0.7737297096479195 0.08487654320987655 0.0725308641975309
0 0.001600812328532236 0.847799497027892 0.08294753086419752 0.06790123456790127
0 0.0008313507373113856 0.5134516460905351 0.08603395061728394 0.08333333333333323
0 0.003895265346364883 0.31388936518823346 0.05362654320987654 0.11162551440329223
0 0.0008179548182441702 0.4347450845907636 0.06674382716049382 0.08024691358024688
0 0.4206096214849108 0.457375971650663 0.12229938271604937 0.07716049382716042
0 0.5486890753600824 0.45892061042524007 0.11226851851851849 0.07870370370370365
