0 0.23287729851330205 0.6850406451051991 0.061619718309859156 0.19600938967136153
0 0.22276597955790298 0.42976058511563203 0.0787852112676056 0.1977699530516432
0 0.39313013497652577 0.17972309163623718 0.12147887323943671 0.15727699530516429
0 0.42830900332550864 0.42741425404277517 0.07482394366197183 0.19894366197183094
0 0.5075218236502348 0.41392475221700575 0.05677816901408461 0.20774647887323947
0 0.4331502469679186 0.692072030951139 0.07438380281690142 0.1842723004694835
0 0.6122878765649452 0.6744984567901235 0.07482394366197183 0.2188967136150233
0 0.8759096244131455 0.6497304816553643 0.042253521126760535 0.08920187793427245
0 0.6994253716744913 0.2348314423578508 0.059859154929577586 0.09683098591549293
0 0.7962523840962441 0.7671171318031647 0.05413732394366204 0.10622065727699531
0 0.12812224911971834 0.25536971830985916 0.059419014084507026 0.09507042253521127
0 0.11845168231611894 0.4285955703355938 0.07746478873239437 0.20715962441314545
0 0.3129850718896714 0.6821074595722483 0.06470070422535214 0.19718309859154928
0 0.8710909991197184 0.4150827030081725 0.0752640845070423 0.19072769953051633
0 0.6268076339984351 0.22778918883672405 0.067781690140845 0.09683098591549293
0 0.7720369962832551 0.227787558685446 0.0431338028169015 0.09507042253521127
0 0.046702305848982786 0.44443140323422015 0.0682218309859155 0.19718309859154928
0 0.5572641578638498 0.22780820726830117 0.06602112676056338 0.11737089201877932
0 0.20558459262519563 0.24598276386715354 0.055897887323943685 0.09800469483568082
0 0.8120968432120501 0.4156777082246566 0.05325704225352108 0.1995305164319249
0 0.774677535700313 0.6614550730307772 0.042693661971830936 0.0757042253521126
0 0.6276793573943661 0.11921187619544427 0.05545774647887324 0.08685446009389672
0 0.06738036727308293 0.2547861241523213 0.055897887323943664 0.09859154929577464
0 0.27032533744131454 0.18149234915666843 0.11355633802816902 0.16666666666666666
0 0.30726324090375584 0.4321090897235264 0.0647007042253521 0.198943661971831
0 0.8261773767605634 0.2289585506868371 0.04753521126760568 0.09213615023474175
0 0.8257308171948358 0.6632188967136149 0.0382922535211266 0.07922535211267613
0 0.6175515331572771 0.4186081768388107 0.04885563380281689 0.19542253521126768
0 0.3803122554773083 0.43620729003651537 0.04401408450704222 0.18838028169014084
0 0.45692549393583726 0.1103829768735872 0.08538732394366204 0.05868544600938967
0 0.6915025308098591 0.10865936358894106 0.059419014084507026 0.09859154929577466
0 0.8851574726134585 0.09047393931490175 0.04929577464788729 0.10622065727699531
0 0.8583085754107982 0.7677050730307772 0.04885563380281673 0.10739436619718316
0 0.5207385807902973 0.683883781081551 0.0748239436619719 0.21420187793427234
0 0.09161776212832551 0.6991316727525647 0.09859154929577464 0.20305164319248828
0 0.701190214201878 0.7671345200834637 0.06602112676056338 0.125
0 0.9216900797143973 0.7647577595200834 0.050616197183098656 0.09330985915492965
0 0.0004954641040688576 0.6838968222917753 0.07966549295774648 0.22828638497652587
0 0.3279733959311424 0.0828307033559381 0.09859154929577467 0.09096244131455401
0 0.5471390845070423 0.14737219613980176 0.06338028169014073 0.07746478873239437
0 0.8838367444248827 0.20903212484785252 0.04885563380281689 0.12089201877934272
0 0.7473952220266041 0.4057093331594505 0.051936619718309866 0.20833333333333343
0 0.6699472442292644 0.39926425838984525 0.07614436619718311 0.21948356807511735
0 0.5642990757042254 0.4145067162232655 0.05545774647887309 0.20246478873239443
0 0.00046826095461658843 0.4391562336984872 0.040492957746478875 0.20422535211267598
