0 0.9555803134780907 0.37694477047470004 0.049735915492957694 0.19894366197183094
0 0.5110490634780909 0.13046861415406014 0.0655809859154929 0.20187793427230047
0 0.6712643045774648 0.13281277169187966 0.07130281690140844 0.1983568075117371
0 0.4014646909233177 0.37986491479742657 0.08098591549295778 0.18368544600938974
0 0.48466109154929576 0.6691961180664232 0.09507042253521128 0.1965962441314554
0 0.04317537167449139 0.37281994435750304 0.05985915492957747 0.1807511737089202
0 0.4886147178208138 0.3751744261867501 0.08406690140845074 0.1883802816901409
0 0.8345550298317683 0.4033255086071988 0.06910211267605636 0.1690140845070422
0 0.25665040590766824 0.3734046252825596 0.06954225352112679 0.17840375586854454
0 0.10217105584898278 0.6509862415232135 0.08406690140845069 0.1778169014084506
0 0.10832110719874805 0.3728275517301339 0.06690140845070422 0.18896713615023467
0 0.5924665615219092 0.1421731003303773 0.05325704225352115 0.16666666666666669
0 0.7570920750195618 0.38279484002782127 0.07174295774647893 0.17899061032863842
0 0.33102687304381845 0.37282483481133716 0.05897887323943666 0.18603286384976522
0 0.6822635465571204 0.3804566597113545 0.06514084507042257 0.18896713615023467
0 0.8900026897496087 0.14395974613110762 0.05457746478873244 0.1948356807511737
0 0.6008405467527387 0.37634976525821595 0.06954225352112675 0.19014084507042256
0 0.0488917008998435 0.608740871152843 0.05193661971830986 0.1866197183098591
0 0.7641279098200313 0.7172768866284125 0.0625 0.15199530516431917
0 0.9507350963419406 0.1445357329160146 0.04445422535211271 0.18309859154929575
0 0.7522379939358373 0.15272996000695532 0.05369718309859148 0.1596244131455399
0 0.1976626687206573 0.3698715440792906 0.05677816901408453 0.16549295774647882
0 0.8204644097222222 0.14044459659189704 0.06029929577464799 0.20129107981220656
0 0.003581646126760564 0.13048708920187793 0.08714788732394367 0.22183098591549294
0 0.16333107149843504 0.0012486958789775693 0.055897887323943685 0.08098591549295775
0 0.003997640356025039 0.006532016171100678 0.05237676056338029 0.08274647887323944
0 0.22275314211658845 0.0006569509650495567 0.06029929577464787 0.07570422535211269
0 0.11754847662363069 0.0006596678838462876 0.044454225352112686 0.07863849765258216
0 0.06341665444053207 0.0006634715701617111 0.05237676056338029 0.08274647887323944
0 0.3424754254694836 0.0006553208137715181 0.06602112676056333 0.07394366197183098
0 0.2843707208528951 0.0024158841940532085 0.05721830985915493 0.073943661971831
0 0.00047284575508607207 0.5887709746131108 0.04709507042253521 0.16842723004694837
0 0.8345489167644757 0.727829942618675 0.06029929577464799 0.14084507042253522
0 0.6945896297926447 0.7219652017040514 0.06822183098591555 0.14495305164319253
0 0.6294429773082942 0.7237230481655363 0.0598591549295775 0.14201877934272308
0 0.9098059712441314 0.7284276647539559 0.050176056338028095 0.15258215962441316
0 0.4076031274452269 0.0006526038949747871 0.047095070422535204 0.07100938967136151
0 0.4546981978677621 0.0006526038949747871 0.04709507042253528 0.07100938967136151
0 0.5039939725156495 0.0006526038949747871 0.047095070422535204 0.07100938967136151
0 0.5585714373043819 0.0006526038949747871 0.04709507042253512 0.07100938967136151
0 0.60874749364241 0.0006526038949747871 0.047095070422535204 0.07100938967136151
0 0.8054904513888889 0.00300056511910972 0.04709507042253528 0.07159624413145539
0 0.8574270711071987 0.0018268561989219269 0.04709507042253512 0.0715962441314554
0 0.9529376344874804 0.0006526038949747871 0.04709507042253528 0.07100938967136151
