0 0.1149574530516432 0.11291025473830639 0.11619718309859153 0.25293427230046944
0 0.25711377640845073 0.10411287167449139 0.10299295774647885 0.2588028169014085
0 0.4120384634194053 0.08007303077725614 0.09595070422535217 0.2816901408450704
0 0.18844783108372457 0.4303555903321161 0.09727112676056342 0.20657276995305163
0 0.2751525210289515 0.42624597896018085 0.0928697183098592 0.20481220657277
0 0.3688961023082941 0.4262470657276995 0.08362676056338035 0.20598591549295775
0 0.46176154147104853 0.39634248391584076 0.0774647887323944 0.23298122065727697
0 0.07444095999608764 0.7149865240827682 0.08230633802816903 0.21361502347417838
0 0.16819401652973395 0.7378472222222221 0.08670774647887322 0.18485915492957747
0 0.33984436130672924 0.7407814945226917 0.08010563380281693 0.18485915492957747
0 0.4547180653364632 0.7484024517475222 0.07570422535211263 0.1760563380281691
0 0.5947014989241002 0.6187521735350374 0.10255281690140837 0.22417840375586856
0 0.7360949114827856 0.614063315075639 0.25836267605633795 0.23063380281690135
0 0.6026790517410017 0.00621413667188315 0.18177816901408445 0.3732394366197183
0 0.7852928770539905 0.007942640410363414 0.11751760563380284 0.3386150234741784
0 0.5938557560641627 0.3716674274039298 0.15228873239436622 0.2036384976525821
0 0.029119290395148673 0.47956279342723 0.10079225352112678 0.11091549295774648
