0 0.057714690923317685 0.04557250912884715 0.08098591549295774 0.4154929577464789
0 0.1387033572965571 0.047342310033037724 0.08494718309859157 0.4254694835680751
0 0.22805806191314557 0.03502271344114067 0.09375 0.43016431924882625
0 0.32840528413536774 0.0350324943488089 0.08670774647887325 0.4407276995305164
0 0.44459482589984345 0.0965842896887498 0.07570422535211263 0.3673708920187793
0 0.6163160822574334 0.17635193879325334 0.17121478873239449 0.3192488262910798
0 0.8355016383020345 0.20214473569813945 0.16461267605633798 0.28814553990610337
0 0.06571730731611894 0.6187885802469135 0.19630281690140844 0.2634976525821596
0 0.26860664857198746 0.6967690401669275 0.17385563380281693 0.1866197183098591
0 0.4525760465571205 0.7313461789254042 0.1602112676056337 0.1355633802816903
0 0.6163270857785602 0.6130173013388975 0.1870598591549296 0.36854460093896724
0 0.8170050249413146 0.6218076204138412 0.14920774647887325 0.35504694835680745
0 0.0009203222809076682 0.11006944444444444 0.05765845070422536 0.3538732394366197
0 0.5189612064749608 0.12649430533820205 0.050616197183098656 0.3462441314553991
