0 0.18094465228873235 0.21850602069205355 0.06734154929577467 0.21185446009389675
0 0.2539820520344288 0.22319922622152666 0.02992957746478875 0.21009389671361503
0 0.28525558734350553 0.18626162841244998 0.06382042253521125 0.24706572769953056
0 0.3556934052230047 0.16926404103634152 0.08582746478873236 0.2699530516431925
0 0.45207538634585287 0.19565564684402711 0.07306338028169021 0.2517605633802817
0 0.5423106783059468 0.18334311424100158 0.08230633802816899 0.2640845070422535
0 0.6352179919796558 0.08425925925925926 0.13644366197183094 0.3661971830985915
0 0.7831022593896715 0.08718809772213529 0.13204225352112675 0.3603286384976526
0 0.9313832648669795 0.09365599460963311 0.06514084507042257 0.3738262910798122
0 0.07579989485524255 0.5648838245522518 0.13776408450704228 0.3562206572769953
0 0.22720131553208137 0.5631335854633978 0.12764084507042253 0.36737089201877915
0 0.4380229729068858 0.5707431316292819 0.11927816901408445 0.346244131455399
0 0.5841246698943662 0.5689684402712571 0.08318661971830986 0.33098591549295775
0 0.6871579738849766 0.5754564423578508 0.14128521126760568 0.3661971830985916
0 0.8341579861111111 0.5737045731177186 0.13116197183098596 0.3755868544600939
