0 0.38258173170970267 0.35157418275082597 0.14304577464788737 0.0522300469483568
0 0.1136339739827856 0.3562706485828552 0.11179577464788733 0.053990610328638514
0 0.05069352748435055 0.6050882455225178 0.11135563380281693 0.04460093896713612
0 0.30467527386541465 0.04816934011476265 0.14084507042253527 0.051056338028169015
0 0.19021297926447572 0.6045008476786645 0.10387323943661973 0.04401408450704225
0 0.5973389818075118 0.6244604199269692 0.09771126760563378 0.05105633802816901
0 0.7232415761932708 0.636192618675013 0.12984154929577474 0.04577464788732407
0 0.25446804088419406 0.3644779168840202 0.09595070422535205 0.04460093896713612
0 0.3183092478482003 0.15320705094766124 0.12588028169014084 0.041079812206572794
0 0.49614143192488264 0.16437250043470703 0.14788732394366189 0.057511737089201896
0 0.22807365023474177 0.7242229612241349 0.11619718309859156 0.048122065727699656
0 0.24347857981220652 0.2917128542862111 0.11619718309859156 0.04988262910798121
0 0.4828971659820031 0.517654538341158 0.09022887323943662 0.05281690140845083
0 0.17744767214397497 0.15556696661450184 0.10211267605633802 0.054577464788732384
0 0.8253530296361502 0.042299165362545646 0.12808098591549297 0.049295774647887335
0 0.595582697574335 0.5364322509128847 0.10387323943661958 0.05105633802816901
0 0.7650176667644757 0.3821009389671361 0.07614436619718311 0.06338028169014086
0 0.12551380330594683 0.29054077551730134 0.10607394366197183 0.05164319248826293
0 0.058631651017214396 0.7071976612762997 0.13380281690140847 0.041079812206572794
0 0.02430097075508607 0.4994495522517823 0.13424295774647887 0.039319248826290974
0 0.3288643754890454 0.6226938793253347 0.11399647887323942 0.044600938967136225
0 0.4080930897887324 0.7365507085724222 0.11883802816901405 0.05223004694835675
0 0.47409740561424096 0.6209327725612936 0.0946302816901408 0.04401408450704225
0 0.6844621112089202 0.3732992088332464 0.0620598591549296 0.0645539906103286
0 0.409401591842723 0.7846776647539558 0.10167253521126764 0.057511737089201896
0 0.3165511296948357 0.07926827942966441 0.12940140845070414 0.046361502347417836
0 0.394453919698748 0.4131808598504608 0.12632042253521128 0.03814553990610329
0 0.4058988042840376 0.2793834767866458 0.12808098591549288 0.04401408450704225
0 0.7197042498043819 0.5487594548774126 0.1065140845070423 0.05457746478873244
0 0.848646872554773 0.5616778603721092 0.07966549295774648 0.06279342723004704
0 0.3359063233568075 0.5510960050426013 0.11355633802816906 0.04284037558685451
0 0.01459219728090767 0.1637818422882977 0.09727112676056338 0.053403755868544595
0 0.1968141749804382 0.5305555555555556 0.10255281690140844 0.04225352112676064
0 0.04277955056729264 0.546988023821944 0.12367957746478873 0.04284037558685451
0 0.7148715644561815 0.5827915797252651 0.11927816901408445 0.04870892018779353
0 0.17304320715962443 0.07105449052338723 0.0977112676056338 0.048708920187793436
0 0.48289319248826296 0.5845505129542689 0.08450704225352115 0.04694835680751181
0 0.8535177645735526 0.17786091549295777 0.12191901408450702 0.04753521126760563
0 0.859241123826291 0.7858763693270736 0.12411971830985935 0.08450704225352107
0 0.7346494767214398 0.08053055990262561 0.07834507042253512 0.14201877934272303
0 0.8425093529929578 0.12269170579029734 0.11487676056338027 0.04225352112676056
0 0.23336664955007827 0.7835077595200836 0.1324823943661972 0.06161971830985909
0 0.6928663561228483 0.7705904407929056 0.12191901408450702 0.054577464788732336
0 0.6959491759585289 0.844525408624587 0.12455985915492959 0.04518779342722999
0 0.06830405174100157 0.7476949660928535 0.11839788732394364 0.045774647887323966
0 0.5440871356611894 0.7817797991653624 0.10519366197183101 0.09683098591549298
0 0.08722582893192488 0.818698378542862 0.11223591549295778 0.03931924882629119
0 0.8482427988067293 0.7259900452095288 0.1316021126760565 0.055164319248826206
0 0.009778768094679185 0.05345374717440445 0.13776408450704228 0.0539906103286385
0 0.0036216867175273867 0.12268844548774127 0.14480633802816903 0.03873239436619719
0 0.9533765527190924 0.570515453834116 0.04533450704225351 0.1003521126760563
