0 0.32266328002738653 0.12935359067988175 0.05765845070422537 0.26525821596244126
0 0.7108745354068857 0.1164531168492436 0.06778169014084506 0.2764084507042254
0 0.4366719850352112 0.45385259085376456 0.07526408450704222 0.2312206572769953
0 0.3790037534233177 0.12407842114414885 0.06117957746478879 0.2723004694835681
0 0.6184559614632238 0.17039699617457837 0.08362676056338035 0.22593896713615025
0 0.6923831181533646 0.5002352851677969 0.0598591549295775 0.2541079812206573
0 0.14528071205007825 0.49318433750652063 0.049295774647887314 0.24471830985915485
0 0.6245992884389672 0.5184038645452964 0.05677816901408453 0.22828638497652598
0 0.5440599325117371 0.4785428621109372 0.06602112676056338 0.2769953051643193
0 0.03525039123630673 0.1434359241870979 0.056338028169014086 0.2629107981220657
0 0.2566387910798122 0.1469575943314206 0.05281690140845075 0.2634976525821596
0 0.7632378472222222 0.45860882889932186 0.04841549295774649 0.2975352112676057
0 0.19677933049687013 0.1334648322030951 0.05237676056338027 0.2687793427230047
0 0.042725449921752735 0.49143790210398186 0.04577464788732393 0.2599765258215962
0 0.14748019366197185 0.14226764910450357 0.04753521126760564 0.2687793427230047
0 0.8521576071009389 0.12641497130933751 0.06470070422535217 0.2605633802816901
0 0.09026004988262912 0.4914308381151104 0.04489436619718309 0.25234741784037557
0 0.09554357394366197 0.15399387063119457 0.047535211267605626 0.25704225352112675
0 0.49167522496087646 0.15397430881585814 0.05457746478873236 0.2359154929577465
0 0.5546168940727699 0.17626119370544252 0.05677816901408453 0.22124413145539906
0 0.00046489876760563383 0.1575014127977743 0.035651408450704226 0.24237089201877937
0 0.20517318319640063 0.5571074595722483 0.09727112676056342 0.19718309859154928
0 0.33412283597417836 0.5565309294035821 0.08054577464788729 0.20833333333333323
0 0.00046459311424100155 0.48849221874456616 0.035211267605633804 0.2476525821596244
0 0.8239782008020343 0.4656505390366893 0.049735915492957854 0.29694835680751175
0 0.9489800347222223 0.5277940792905582 0.05237676056338027 0.22887323943661972
0 0.8860411164906105 0.5178371152842983 0.05413732394366188 0.25
0 0.7834913561228481 0.12407135715527734 0.058538732394366064 0.26467136150234744
0 0.926544160798122 0.11996554946965746 0.06866197183098612 0.26701877934272295
0 0.19281500635759 0.8071101764910451 0.04797535211267605 0.20011737089201861
0 0.09642232736697964 0.8217695835506869 0.04533450704225353 0.18720657276995306
0 0.3490668402777778 0.8229384020170406 0.05061619718309858 0.18192488262910791
0 0.24475468260954616 0.8129678534167971 0.05237676056338027 0.1883802816901407
0 0.13999657668231613 0.8100401017214398 0.04577464788732393 0.19542253521126757
0 0.6034697769953051 0.8581127195270388 0.05281690140845075 0.14201877934272297
0 0.29185066999217524 0.8129689401843159 0.053697183098591554 0.18955399061032843
0 0.046683966647104856 0.810616631890106 0.041813380281690134 0.18427230046948362
0 0.551532545970266 0.8622168970613806 0.051936619718309866 0.13791079812206578
0 0.006191620207355242 0.8241061337158756 0.042693661971830985 0.17546948356807515
0 0.5176325312989045 0.8751146539732221 0.038732394366197236 0.12382629107981226
