0 0.3473084164710485 0.3375652060511216 0.053697183098591554 0.1338028169014084
0 0.8261853237480439 0.03066966614501826 0.058978873239436624 0.16549295774647887
0 0.3459864656690141 0.1321732090071292 0.051496478873239424 0.1414319248826291
0 0.16332832061815336 0.1263242262215267 0.051936619718309866 0.16255868544600943
0 0.225390625 0.33462604329681794 0.05545774647887321 0.12852112676056338
0 0.6721311375195619 0.7536270865936358 0.051936619718309866 0.11443661971830991
0 0.7289044160798123 0.7589049730481656 0.04489436619718311 0.11032863849765251
0 0.7297969239045384 0.3246511476264997 0.0625 0.1302816901408451
0 0.4221299149061033 0.5230074117544775 0.05017605633802818 0.12969483568075116
0 0.40540914759389673 0.3457741045035646 0.05677816901408453 0.12617370892018773
0 0.04272483861502347 0.6943585898104677 0.04489436619718309 0.11854460093896732
0 0.5167583626760562 0.7248848026430187 0.047535211267605765 0.1291079812206572
0 0.06517782912754304 0.1268926056338028 0.05325704225352113 0.14260563380281685
0 0.09421917791471049 0.6955279516605809 0.041813380281690134 0.11384976525821594
0 0.6399971879890454 0.5552773430707703 0.04665492957746472 0.12206572769953054
0 0.27600712783646325 0.13452877760389498 0.05589788732394364 0.1502347417840375
0 0.3754667326877934 0.6831741218918449 0.03829225352112676 0.08157276995305161
0 0.6994158964201878 0.02772724308815858 0.04621478873239448 0.1566901408450704
0 0.37063068515258213 0.520663254216658 0.046214788732394395 0.1332159624413146
0 0.6127145686619717 0.7501021561467571 0.05545774647887324 0.11032863849765262
0 0.48683061913145537 0.3545856155451226 0.05017605633802818 0.13556338028169018
0 0.3191351232394366 0.5141997043992349 0.04753521126760572 0.12441314553990614
0 0.4115570593701095 0.15091723178577637 0.03653169014084507 0.10328638497652579
0 0.6972173317683881 0.5464614849591375 0.04929577464788737 0.10798122065727703
0 0.3204589079616589 0.6802550643366371 0.05237676056338027 0.09800469483568082
0 0.5207251320422535 0.5247533037732568 0.05545774647887324 0.11384976525821605
0 0.5907008020344288 0.5441091766649279 0.045774647887323994 0.10269953051643188
0 0.7539948894757433 0.54119011910972 0.04841549295774649 0.11913145539906099
0 0.8323341524843506 0.748924643540254 0.04005281690140837 0.10622065727699521
0 0.28216329225352116 0.3352199617457833 0.047535211267605605 0.13615023474178406
0 0.46438465864632233 0.7248799121891846 0.051936619718309866 0.12382629107981205
0 0.11886767654538342 0.12572107024865242 0.04269366197183098 0.1449530516431925
0 0.18753270491001564 0.5095081290210398 0.047095070422535204 0.12793427230046955
0 0.13427688526995304 0.5048149234915666 0.04885563380281691 0.12969483568075116
0 0.5462413805751174 0.34578334202747346 0.03829225352112676 0.136150234741784
0 0.48857865072378714 0.19022398278560249 0.032130281690140886 0.08978873239436622
0 0.6721317488262912 0.3580697922100504 0.05281690140845067 0.09565727699530518
0 0.4802242273082942 0.012389149713093375 0.04401408450704222 0.07042253521126761
0 0.12151860817683882 0.33053273343766304 0.05721830985915493 0.14436619718309857
0 0.08365885416666667 0.5012959702660407 0.04621478873239439 0.13204225352112675
0 0.7575282423708919 0.02949704399234916 0.06602112676056354 0.16666666666666666
0 0.8939676251956181 0.04356416275430361 0.059859154929577586 0.147887323943662
0 0.7892217454029733 0.3287607589984351 0.07086267605633813 0.13204225352112675
0 0.8635976012323945 0.3352090940705964 0.059419014084506866 0.12441314553990614
0 0.9282924980438185 0.3311195878977569 0.051056338028169064 0.14436619718309857
0 0.7812827049100156 0.7594950878108155 0.04709507042253528 0.11384976525821594
0 0.9612969483568075 0.048832268301165015 0.042253521126760694 0.13321596244131456
0 0.9018812964593115 0.49657994261867505 0.04709507042253512 0.10915492957746467
0 0.9511782937206572 0.5112616284124499 0.04885563380281689 0.12030516431924894
0 0.8041700288536777 0.5083170318205529 0.04709507042253512 0.10915492957746488
0 0.8820749584311424 0.745408950617284 0.04709507042253528 0.11208920187793434
0 0.9331331303794992 0.7477688662841244 0.049735915492957694 0.12558685446009388
0 0.2271444640062598 0.162669535732916 0.04577464788732395 0.11971830985915496
0 0.45292724227308295 0.17320139975656407 0.0321302816901408 0.0856807511737089
0 0.5242358665884194 0.19609307077030083 0.04049295774647885 0.09037558685446012
0 0.18312640600547733 0.325241805772909 0.040052816901408446 0.1343896713615024
0 0.0009047339593114241 0.6902386541471048 0.035211267605633804 0.10563380281690145
0 0.27204035847026603 0.6826003086419753 0.04797535211267608 0.09565727699530513
0 0.4186011468114241 0.6866957920361676 0.03917253521126764 0.0821596244131457
