0 0.4437885802469136 0.507329294314891 0.16666666666666666 0.13786008230452668
0 0.6386402606310014 0.01262717192501143 0.19753086419753088 0.30401234567901236
0 0.20268239883401923 0.07325960219478737 0.19598765432098766 0.2314814814814815
0 0.019024080504115224 0.08149481786313062 0.1724537037037037 0.23662551440329221
0 0.6444023812585734 0.5201889003200731 0.16165123456790126 0.1373456790123457
0 0.6436439043209876 0.3894966468526139 0.18055555555555564 0.10082304526748974
0 0.20152311599794237 0.48830161179698206 0.19328703703703706 0.14351851851851852
0 0.4106454689643347 0.06144452065233959 0.2183641975308642 0.2489711934156379
0 0.19766964591906724 0.3776577503429355 0.19984567901234562 0.09259259259259259
0 0.448030531978738 0.4012941053193111 0.16396604938271603 0.06430041152263376
0 0.09189145018861454 0.49805860387136114 0.10146604938271603 0.12551440329218105
0 0.8361472800925925 0.4646914532845603 0.16319444444444445 0.20010288065843623
0 0.6386062349965707 0.7881977785398566 0.14853395061728406 0.1424897119341564
0 0.49776743612825786 0.7521914532845603 0.11844135802469143 0.14454732510288062
0 0.3403648512517147 0.7501171696387746 0.1253858024691358 0.12654320987654316
0 0.20879924339849107 0.7362320911446426 0.11535493827160496 0.13065843621399184
0 0.6698396240569273 0.7011845564700504 0.12461419753086421 0.057098765432098623
0 0.009719543038408779 0.7131149024538942 0.10725308641975309 0.16409465020576147
0 0.0899629736796982 0.43832447416552356 0.10223765432098764 0.05709876543209878
0 0.00041500557270233204 0.494472069806432 0.04205246913580247 0.1409465020576131
