0 0.26163730281207137 0.17565634049687545 0.09104938271604937 0.26440329218106995
0 0.266258359053498 0.5274919981710104 0.07870370370370365 0.24691358024691354
0 0.374291087962963 0.1720645671391556 0.09027777777777778 0.27417695473251025
0 0.36040193115569275 0.529038542142966 0.0898919753086419 0.25051440329218116
0 0.4692025141460905 0.5316167504953512 0.09606481481481484 0.25720164609053503
0 0.6609310699588478 0.21055336457857035 0.07407407407407397 0.17541152263374488
0 0.0005347650891632373 0.08660932022557537 0.21450617283950618 0.20473251028806583
0 0.041022590877914954 0.36480909922267946 0.18364197530864196 0.10493827160493831
0 0.5717983753429355 0.5197645176040239 0.05632716049382714 0.23456790123456783
0 0.8484187457133059 0.22957723670172234 0.05632716049382714 0.16563786008230447
0 0.6362193501371742 0.5289756706294771 0.0447530864197531 0.1826131687242799
0 0.0016924404149519891 0.5150443910989179 0.21489197530864196 0.13683127572016465
0 0.7948061342592592 0.004713934613625972 0.07638888888888905 0.09104938271604938
0 0.7415779856824418 0.5352247180307881 0.09452160493827158 0.264917695473251
0 0.7550770533264746 0.233217116293248 0.0887345679012346 0.20781893004115223
0 0.8407241298010973 0.5655235482395976 0.08719135802469143 0.20987654320987661
0 0.900890292781207 0.2398500609663161 0.059799382716049364 0.14917695473251033
0 0.8843077524862827 0.003690843621399177 0.06983024691358015 0.09722222222222222
0 0.28207250943072704 0.8735530025910685 0.07330246913580246 0.10390946502057619
0 0.4367873371056242 0.8807622694711171 0.0848765432098765 0.11213991769547323
0 0.7423340513545954 0.8519861682670324 0.07214506172839508 0.1450617283950618
0 0.3650152177640603 0.8715158702941624 0.06635802469135801 0.1260288065843621
0 0.6304759837962963 0.8684337372351777 0.10763888888888896 0.13065843621399176
0 0.5305453746570645 0.8653473174820913 0.09645061728395056 0.13065843621399184
0 0.8264322916666667 0.8509611720774273 0.0625 0.14917695473251028
0 0.0027866190843621403 0.7707652225270538 0.1238425925925926 0.20421810699588477
0 0.9317429698216734 0.547000266727633 0.04320987654321 0.20473251028806583
0 0.1682511359739369 0.745547553726566 0.059413580246913573 0.1913580246913581
0 0.6111697852366256 0.000598708276177412 0.08449074074074063 0.09104938271604938
0 0.0005334254972565158 0.0005915637860082305 0.2125771604938272 0.08333333333333333
0 0.9031917116769547 0.8555865150129552 0.04050925925925936 0.14454732510288074
0 0.70530531978738 0.0006010897729004725 0.084104938271605 0.09362139917695474
0 0.684838766718107 0.516652853985673 0.056712962962963014 0.20730452674897112
