0 0.0004924075704225352 0.0077584333159450534 0.07526408450704225 0.1396713615023474
0 0.08675726232394365 0.015367979481829249 0.07130281690140845 0.11854460093896714
0 0.16246607247652584 0.0077546296296296295 0.0779049295774648 0.13556338028169015
0 0.24477332746478875 0.005994066249347939 0.07922535211267609 0.13556338028169013
0 0.3319224374021909 0.004820357329160146 0.08098591549295778 0.13556338028169013
0 0.4151063062402191 0.004820357329160146 0.07702464788732391 0.13556338028169013
0 0.5031295848004695 0.0018915188662841245 0.06998239436619716 0.14143192488262912
0 0.5810369596048514 0.0030652277864719178 0.07350352112676045 0.14143192488262912
0 0.6637825215179968 0.0030570770300817245 0.07218309859154932 0.13262910798122068
0 0.741234167155712 0.0030641410189532255 0.05325704225352123 0.14025821596244134
0 0.8138736062206573 0.004821444096678839 0.07658450704225352 0.13673708920187794
0 0.8992572623239437 0.060528060337332636 0.07130281690140852 0.08861502347417839
0 0.026017520050860717 0.41269942183968 0.07086267605633802 0.15199530516431928
0 0.09909068124021911 0.4138801947487394 0.08494718309859153 0.1596244131455399
0 0.18623367811032862 0.4215022387410885 0.0779049295774648 0.15199530516431928
0 0.27073124510954616 0.3962713006433664 0.06426056338028169 0.15610328638497642
0 0.3328069982394366 0.381027212658668 0.08714788732394368 0.1713615023474178
0 0.32972020491001564 0.22313836724047992 0.0787852112676056 0.14436619718309857
0 0.4186289612676056 0.22433598504607893 0.07922535211267609 0.17018779342723
0 0.42214825410798124 0.400379825247783 0.07658450704225352 0.15669014084507046
0 0.500053183685446 0.3886579507911668 0.07658450704225352 0.17312206572769945
0 0.5757564920774647 0.3810315597287428 0.07526408450704222 0.17605633802816906
0 0.625044014084507 0.2231313032516084 0.06338028169014089 0.13673708920187796
0 0.6532059981416276 0.3856829247087463 0.05325704225352108 0.12910798122065725
0 0.7346467258411582 0.37925849852199617 0.07438380281690134 0.16255868544600943
0 0.8046190336463225 0.3645882237871675 0.05985915492957743 0.16373239436619716
0 0.6919231098395932 0.21666503651538863 0.03124999999999992 0.125
0 0.912902239827856 0.24251597548252474 0.07218309859154932 0.15669014084507046
0 0.8992557340571206 0.38688217266562336 0.06910211267605636 0.15669014084507046
0 0.010173366588419407 0.6487485872022256 0.07218309859154928 0.2963615023474179
0 0.08454708284428794 0.6534450530342549 0.057658450704225345 0.29812206572769967
0 0.1545300885172144 0.7015279951312815 0.05853873239436618 0.255868544600939
0 0.21572066950312987 0.6399653321161537 0.07438380281690142 0.31748826291079824
0 0.2901020270931142 0.6341201530168666 0.07086267605633804 0.3427230046948357
0 0.3658047241784038 0.6341076551904017 0.06866197183098587 0.329225352112676
0 0.4366637323943661 0.6716234133194227 0.06338028169014089 0.2828638497652582
0 0.4987220632824726 0.6563749782646496 0.06117957746478879 0.2934272300469484
0 0.6012819102112675 0.6233714788732395 0.07130281690140844 0.14260563380281693
0 0.5620989827856024 0.7554099287080508 0.05633802816901405 0.13849765258215965
0 0.6320908524061033 0.7618886932707355 0.06998239436619724 0.16373239436619721
0 0.6884273523082942 0.6309772213528083 0.06778169014084506 0.11737089201877927
0 0.7201165761932707 0.7512959702660407 0.06646126760563394 0.13204225352112675
0 0.7887834384780906 0.7448650234741784 0.07350352112676053 0.15845070422535218
0 0.886059761345853 0.6274968483741958 0.08098591549295754 0.1613849765258215
0 0.8732880355046948 0.78240523387237 0.06998239436619731 0.13849765258215965
0 0.9502961781103287 0.7870794209702661 0.04621478873239432 0.11619718309859153
0 0.9705310421557122 0.6474221874456616 0.029489436619718232 0.13145539906103287
