0 0.6844691412363066 0.5247701486697965 0.07218309859154932 0.13204225352112675
0 0.629894427327856 0.7302175708572421 0.07614436619718311 0.18427230046948362
0 0.2804167889280125 0.7343076204138411 0.06778169014084515 0.16490610328638494
0 0.3653645833333333 0.7419410754651365 0.06866197183098595 0.16960093896713613
0 0.184913561228482 0.7307957311771865 0.0783450704225352 0.17488262910798127
0 0.8939719043427229 0.5223988219440098 0.06602112676056338 0.10622065727699521
0 0.1339085729655712 0.3598385063467223 0.1522887323943662 0.1044600938967136
0 0.1286265771713615 0.2454046035472092 0.15184859154929573 0.10739436619718311
0 0.4855719385758999 0.2494859589636585 0.1390845070422535 0.07863849765258216
0 0.4569890698356807 0.3393116414536602 0.17693661971830996 0.11854460093896717
0 0.3807676789906103 0.5411754477482177 0.06602112676056338 0.10328638497652586
0 0.5885086561032863 0.04876488871500609 0.0580985915492959 0.06044600938967135
0 0.642716891627543 0.3486795774647887 0.16021126760563378 0.09507042253521131
0 0.2910489412167449 0.3451731220657277 0.16681338028169013 0.11091549295774648
0 0.7161488898669796 0.7395567075291254 0.05721830985915501 0.12969483568075107
0 0.0005284746674491393 0.2518496783168145 0.12720070422535212 0.0962441314553991
0 0.33416409917840373 0.25770409494001045 0.1399647887323944 0.0809859154929577
0 0.6405033499608763 0.23952736480612072 0.1417253521126761 0.09800469483568076
0 0.21263112529342723 0.5247734089723526 0.0620598591549296 0.13556338028169018
0 0.12415823063380282 0.7559614632237872 0.05545774647887324 0.10035211267605619
0 0.5238021444640063 0.05521159363588941 0.04973591549295778 0.05105633802816903
0 0.28569756210876374 0.5265307120500783 0.06646126760563374 0.13204225352112675
0 0.6602467233959312 0.04875891149365328 0.051056338028169064 0.0539906103286385
0 0.06693166813380282 0.7407157450878108 0.04357394366197184 0.11384976525821594
0 0.8042690605438185 0.053449400104329685 0.189700704225352 0.04929577464788733
0 0.5088446914123631 0.5452877760389497 0.06029929577464783 0.10798122065727703
0 0.6056710925273865 0.5417671926621457 0.05369718309859163 0.1085680751173708
0 0.7324356294014085 0.04817368718483742 0.059419014084507026 0.05575117370892019
0 0.39660357981220656 0.06636237176143278 0.05281690140845075 0.05164319248826291
0 0.0053715522300469476 0.3592489349678317 0.12940140845070422 0.1015258215962441
0 0.4577822403169014 0.06401875760737263 0.05149647887323938 0.055751173708920194
0 0.05153346293035994 0.1009867849069727 0.053257042253521125 0.05164319248826292
0 0.2562035406885759 0.07165655972874282 0.05985915492957743 0.06514084507042252
0 0.18269451780125195 0.07048665449487046 0.051936619718309866 0.0692488262910798
0 0.9067414906103285 0.7343092505651191 0.07394366197183094 0.16666666666666677
0 0.8350569126564944 0.3246451704051469 0.15801056338028177 0.1238262910798122
0 0.7839400552621284 0.5235844853069032 0.07086267605633813 0.11913145539906099
0 0.7888201168818466 0.23306055468614154 0.12632042253521136 0.08568075117370895
0 0.5299852063771519 0.7431006564075813 0.08010563380281689 0.15434272300469487
0 0.4384343823356808 0.7554294905233874 0.07790492957746473 0.1596244131455398
0 0.8063988531885758 0.7589375760737264 0.08758802816901405 0.1455399061032864
0 0.0035471072965571207 0.034680381672752565 0.037411971830985914 0.06044600938967135
0 0.05945355291471049 0.036434967831681445 0.049735915492957736 0.0539906103286385
0 0.0026695764866979652 0.10744272735176491 0.04137323943661972 0.05223004694835681
0 0.12415517410015649 0.08280190401669275 0.051056338028169 0.05985915492957748
0 0.40584439798513305 0.01940477743001217 0.049735915492957694 0.041666666666666664
0 0.45645662167449136 0.022333072509128846 0.04401408450704222 0.0352112676056338
0 0.31429418525039127 0.0035597070074769605 0.04841549295774649 0.041666666666666664
0 0.30020417644757436 0.04992012258737611 0.04049295774647889 0.04049295774647887
0 0.34641193515258223 0.04992012258737611 0.030369718309859114 0.04049295774647887
0 0.5216078589593115 0.0023843679360111285 0.058978873239436624 0.03990610328638498
0 0.5876231783059468 0.0023816510172143977 0.0506161971830985 0.0369718309859155
0 0.6523281616784038 0.0023816510172143977 0.05677816901408453 0.0369718309859155
0 0.7218679699726135 0.0006183707181359764 0.05325704225352108 0.03403755868544601
0 0.8042684492370893 0.0006314119283602851 0.1888204225352112 0.04812206572769953
0 0.4520607149843505 0.5212555425143454 0.051936619718309866 0.1390845070422535
0 0.0013632140062597809 0.7190640758129021 0.061619718309859156 0.18075117370892008
