0 0.09690067488262911 0.584232090071292 0.10035211267605633 0.33685446009389675
0 0.3601003154342723 0.5830915275604241 0.09375 0.37265258215962443
0 0.7055922339593115 0.554308489827856 0.06690140845070411 0.3433098591549297
0 0.6070144390649451 0.5672334159276647 0.08670774647887325 0.3585680751173709
0 0.21704048073161192 0.581887389149713 0.07350352112676058 0.33978873239436624
0 0.25841524843505476 0.17630738132498697 0.07570422535211267 0.2711267605633803
0 0.7425527557707354 0.24902788645452967 0.0506161971830985 0.2177230046948357
0 0.184907753814554 0.17806033733263785 0.06998239436619716 0.2629107981220657
0 0.6149213859546165 0.22615632063988875 0.06426056338028177 0.23474178403755866
0 0.5568194322183099 0.1792470874630499 0.05941901408450694 0.2769953051643193
0 0.9239085118348983 0.5630694661797949 0.07614436619718311 0.29812206572769945
0 0.6848927767996871 0.2320205181707529 0.04841549295774657 0.23004694835680753
0 0.44371668378325513 0.5596325639019302 0.07878521126760553 0.3890845070422535
0 0.5101556386932707 0.25488284646148496 0.046654929577464796 0.20305164319248828
0 0.30242535944835686 0.5859970005216484 0.06998239436619712 0.3415492957746478
0 0.44458290541862283 0.2654277516953573 0.058538732394366216 0.18309859154929575
0 0.5304164832746479 0.5660722048339419 0.06734154929577467 0.37206572769953067
0 0.11140117615414712 0.1417025299947835 0.06558098591549294 0.29225352112676056
0 0.05285082893192488 0.12822280907668232 0.0488556338028169 0.3116197183098592
0 0.8125706059272301 0.5660830725091288 0.10167253521126757 0.3838028169014085
0 0.7971372505868546 0.25371402799513126 0.06073943661971823 0.20833333333333334
0 0.8688731783059467 0.24961854460093896 0.050616197183098656 0.22183098591549297
0 0.9181851525821595 0.22910852460441664 0.0739436619718311 0.2541079812206573
0 0.7707208528951486 0.5583952790818988 0.04929577464788729 0.32042253521126757
