0 0.0814822965571205 0.16800936793601115 0.08098591549295775 0.18251173708920185
0 0.3090406152190924 0.5212365240827682 0.08890845070422541 0.11854460093896711
0 0.49697128080985914 0.45908374630499044 0.07526408450704222 0.17664319248826282
0 0.7073576877934272 0.2331257607372631 0.07394366197183101 0.1561032863849765
0 0.6448512690727699 0.22785004781777085 0.06470070422535217 0.16255868544600938
0 0.6690617664319249 0.7272512389149712 0.06866197183098587 0.1496478873239437
0 0.33763571009389665 0.19618979307946444 0.06866197183098595 0.19483568075117366
0 0.5713501931729265 0.22960300382542168 0.06822183098591547 0.1543427230046948
0 0.9353387250586853 0.20909461398017737 0.05677816901408461 0.18838028169014084
0 0.2592863605242567 0.19324193618501131 0.0625 0.1801643192488263
0 0.911569285504695 0.5634590723352461 0.05413732394366188 0.08509389671361495
0 0.5968798904538342 0.7249016475395584 0.07042253521126764 0.147300469483568
0 0.858750855829421 0.47718440271257173 0.051936619718309866 0.07746478873239432
0 0.4093835582942097 0.45968472874282734 0.07570422535211263 0.19190140845070427
0 0.17303281494522693 0.1733100765084333 0.08274647887323944 0.20305164319248828
0 0.4098252274061033 0.19324573987132673 0.0779049295774648 0.18427230046948356
0 0.5761975498826292 0.47257868196835334 0.07658450704225352 0.17370892018779338
0 0.9128936815336464 0.027668014258389845 0.05985915492957743 0.09272300469483569
0 0.6325300762910798 0.008316488436793602 0.06866197183098595 0.1085680751173709
0 0.10920964152973396 0.5241409102764736 0.07878521126760567 0.0862676056338029
0 0.5176548439945227 0.7178670013910624 0.07086267605633796 0.1555164319248826
0 0.4877307682902973 0.27122891671013744 0.0787852112676056 0.11032863849765256
0 0.7262678501564945 0.027080616414536605 0.051056338028169064 0.09213615023474178
0 0.7826168818466354 0.2372288515040863 0.06690140845070434 0.1508215962441315
0 0.8697641578638496 0.2149512041384107 0.06602112676056338 0.17546948356807512
0 0.8561090937989045 0.5640366892714311 0.0506161971830985 0.07511737089201873
0 0.9177217820813771 0.4695542079638324 0.04049295774647892 0.07629107981220658
0 0.8054925909624413 0.4818759780907668 0.050176056338028095 0.0739436619718311
0 0.7416868397887324 0.7296002869066249 0.07130281690140837 0.15140845070422543
0 0.8107865072378716 0.7342896887497826 0.06778169014084515 0.1455399061032864
0 0.8789994742762128 0.7935011302382194 0.05501760563380284 0.0798122065727699
0 0.9379792644757433 0.804066684054947 0.05633802816901405 0.08215962441314549
0 0.008861808000782474 0.003022843853242914 0.08494718309859155 0.09565727699530516
0 0.21354074970657275 0.005953312467396974 0.10431338028169014 0.09154929577464789
0 0.3112486551251956 0.003021757085724222 0.09947183098591551 0.09448356807511737
0 0.4151001931729264 0.0059592896887497825 0.06822183098591547 0.09800469483568075
0 0.4881644904147105 0.004794818292470875 0.06954225352112675 0.107981220657277
0 0.5607874241979656 0.0030299078421144147 0.06910211267605643 0.10328638497652584
0 0.7843704151995305 0.03178088593288124 0.05677816901408445 0.09800469483568076
0 0.8459968578834117 0.02063391149365328 0.06646126760563378 0.10152582159624414
0 0.49433043573943664 0.16090353851504083 0.07526408450704222 0.11384976525821602
0 0.0022523596439749612 0.17797013562858635 0.0743838028169014 0.16549295774647882
0 0.10701535602503912 0.43786189358372457 0.08802816901408453 0.073943661971831
0 0.20385031543427232 0.44022180925056514 0.09375 0.08744131455399058
0 0.30728891578638495 0.4454948052512607 0.10167253521126764 0.07805164319248824
0 0.1976987358176839 0.5253347243957571 0.10871478873239432 0.10798122065727703
0 0.661133729460094 0.47668285950269523 0.06073943661971831 0.16960093896713613
0 0.7258316828051643 0.5288346591897062 0.05677816901408445 0.08509389671361504
0 0.7962536067097026 0.5575948748043819 0.05589788732394364 0.08978873239436622
0 0.004009560837245697 0.4883607198748044 0.06954225352112677 0.10563380281690145
0 0.00048598884976525824 0.720186163275952 0.06602112676056338 0.125
0 0.07046746625586855 0.6773338332463918 0.0647007042253521 0.11208920187793434
0 0.13210155027386541 0.6867648017736045 0.08538732394366196 0.15669014084507055
0 0.2280534771126761 0.6856041340636411 0.08714788732394368 0.17077464788732385
0 0.3130021884780908 0.6908858242044862 0.08934859154929578 0.17077464788732397
0 0.40982492175273866 0.6985100417318727 0.0774647887323944 0.16549295774647893
0 0.941939003814554 0.7295242131803165 0.05413732394366204 0.06924882629107983
0 0.8842836096439749 0.7207224830464267 0.058538732394366216 0.07042253521126766
0 0.123289563771518 0.9190890714658321 0.07218309859154928 0.08098591549295775
0 0.20823460729655707 0.9143985828551556 0.06910211267605636 0.08568075117370892
0 0.3534859766236307 0.9355057816031994 0.07614436619718302 0.06455399061032865
0 0.5031277508802817 0.9237757563901929 0.06734154929577467 0.07218309859154928
0 0.5871922070618153 0.9472320031298905 0.06382042253521121 0.052816901408450724
0 0.6633335167253521 0.9437114197530864 0.059419014084507026 0.053403755868544595
0 0.7306799564749609 0.9460593809772213 0.06646126760563394 0.053990610328638465
0 0.7984750953638498 0.9589555077377847 0.08582746478873243 0.03814553990610323
