0 0.7223881919992176 0.8370055207789949 0.1685739436619719 0.16314553990610323
0 0.3143898547535211 0.5613387889062771 0.18617957746478872 0.33039906103286387
0 0.41735316412363066 0.22612806468440272 0.1434859154929577 0.20422535211267606
0 0.24042204616588422 0.23022898191618849 0.15140845070422537 0.19659624413145543
0 0.6052997236893584 0.24137052251782304 0.15272887323943654 0.18720657276995306
0 0.5775610695422535 0.03303718918448966 0.13864436619718304 0.18720657276995306
0 0.24174705350156495 0.0060636193705442525 0.1580105633802817 0.2106807511737089
0 0.32450147936228485 0.8727704964354025 0.16945422535211263 0.1273474178403756
0 0.516429479655712 0.5688869327073551 0.20774647887323955 0.24295774647887325
0 0.8922385441118935 0.719721570161711 0.10519366197183094 0.25704225352112675
0 0.009757983665884193 0.5617006824900017 0.10783450704225353 0.08744131455399064
0 0.09165688575899844 0.5606639062771692 0.15492957746478872 0.23532863849765262
0 0.0005180824530516432 0.2724292514345331 0.11223591549295775 0.13908450704225356
0 0.0005208333333333333 0.11810065640758127 0.11619718309859156 0.15434272300469482
0 0.7342365390258215 0.6222466744913928 0.11751760563380284 0.19542253521126757
0 0.5480328149452268 0.8481193488089027 0.08274647887323947 0.12382629107981226
0 0.6461808612089202 0.8410950269518345 0.07790492957746488 0.1431924882629107
0 0.07535608616979654 0.9179121022430883 0.1324823943661972 0.07746478873239432
0 0.06171691607981221 0.8146485393844549 0.13996478873239435 0.10211267605633802
