0 0.2207569765946502 0.3834224013107758 0.11226851851851853 0.2073045267489712
0 0.3075330611282579 0.12922525148605396 0.06983024691358028 0.11882716049382715
0 0.5289879651063101 0.8966935299497029 0.07600308641975302 0.09567901234567905
0 0.2890156142832647 0.882817977442463 0.0713734567901235 0.11008230452674889
0 0.379296875 0.38701846136259715 0.0763888888888889 0.20216049382716048
0 0.2153335048010974 0.15184423106233805 0.08024691358024691 0.102880658436214
0 0.4838627400548697 0.38033169486358787 0.09567901234567897 0.20267489711934158
0 0.668675250771605 0.3266851470812377 0.11458333333333333 0.04218106995884767
0 0.11309719007201645 0.18473841639993904 0.08217592592592596 0.07304526748971191
0 0.5926574288408778 0.1246018137479043 0.09336419753086421 0.12551440329218105
0 0.395474322702332 0.6579975422953818 0.03858024691358024 0.08179012345679015
0 0.2650779106652949 0.6574940938881269 0.04552469135802472 0.09362139917695471
0 0.38201892575445817 0.11124399862825789 0.10725308641975309 0.14351851851851852
0 0.32178765860768177 0.6657154968754764 0.04089506172839504 0.0838477366255144
0 0.01934799382716049 0.17600165752171926 0.08333333333333333 0.08179012345679011
0 0.6177370006001373 0.3669052926383173 0.09683641975308635 0.14660493827160498
0 0.13624935699588478 0.37252324340801707 0.08796296296296295 0.10288065843621402
0 0.0672014317558299 0.0911093964334705 0.10339506172839508 0.06481481481481483
0 0.4390683942043896 0.6651901386983691 0.0362654320987654 0.07201646090534984
0 0.49735859267832644 0.1276882335009907 0.08526234567901238 0.1255144032921811
0 0.11846895361796982 0.6502943529949704 0.03973765432098768 0.09567901234567894
0 0.15359519675925926 0.6487697187928669 0.06597222222222227 0.11574074074074074
0 0.020128440072016456 0.4028582723670172 0.09606481481481483 0.08693415637860084
0 0.04516166195130315 0.6513093468983387 0.0327932098765432 0.08076131687242794
0 0.0814265582133059 0.6435971079103796 0.03202160493827161 0.0848765432098765
0 0.46569224751371746 0.9141689529035207 0.041280864197530874 0.08024691358024698
0 0.2145412701474623 0.8884530749885688 0.05054012345679008 0.0848765432098765
0 0.09184617198216735 0.8802378638926993 0.036265432098765434 0.10133744855967079
0 0.3931600437242798 0.9049144566377075 0.0393518518518519 0.08539094650205778
0 0.022407889660493823 0.8848512993446122 0.04513888888888889 0.0838477366255144
0 0.6188555598422496 0.7079079980185948 0.04089506172839508 0.0961934156378601
0 0.1555049189814815 0.8848632068282274 0.03819444444444446 0.09670781893004117
0 0.2666189771947874 0.8889655730833714 0.042438271604938294 0.08281893004115216
0 0.11962555727023319 0.8838282083523853 0.03858024691358026 0.0900205761316873
0 0.4394544645919067 0.9002805403139766 0.03665123456790127 0.08076131687242784
0 0.7226326731824416 0.6755482205456486 0.03549382716049397 0.1476337448559671
0 0.671323356052812 0.6791504724889499 0.03896604938271611 0.14917695473251028
0 0.5108584640775036 0.6631572930955646 0.0806327160493827 0.0987654320987655
0 0.5162037037037037 0.8631687242798354 0.0 0.0
0 0.6574601873285323 0.8910446197226033 0.07600308641975302 0.10596707818930053
0 0.7226707175925925 0.4198507277853985 0.09027777777777778 0.10545267489711942
0 0.6894716113683127 0.13951426992836458 0.06134259259259262 0.11985596707818931
