0 0.6099973743998629 0.43330904206675813 0.06288580246913579 0.19598765432098766
0 0.14317719050068586 0.7223874980948026 0.06404320987654319 0.17849794238683123
0 0.8395565414951989 0.1761226375552507 0.07253086419753095 0.2124485596707819
0 0.27590100951646085 0.7301130734644109 0.07523148148148151 0.1887860082304527
0 0.6157935206618655 0.13757620789513794 0.07600308641975317 0.24897119341563778
0 0.920963005829904 0.187421410608139 0.0756172839506173 0.19290123456790123
0 0.9128472222222223 0.45389184194482546 0.05555555555555571 0.20318930041152264
0 0.3885489004629629 0.4523586343545191 0.06597222222222222 0.21399176954732507
0 0.3241244427297668 0.16121542066758116 0.07253086419753084 0.22376543209876548
0 0.3048356588648834 0.44362901996646853 0.07445987654320985 0.23045267489711926
0 0.40167020318930036 0.15298782578875172 0.07175925925925937 0.22685185185185186
0 0.13469141160836762 0.16121256287151348 0.06674382716049385 0.22067901234567902
0 0.5285868912894376 0.45440052964487115 0.05401234567901238 0.19701646090534983
0 0.2446346664951989 0.45440291114159426 0.0516975308641975 0.19958847736625512
0 0.4645450210048011 0.4533879172382258 0.05594135802469127 0.2145061728395063
0 0.8005744170096023 0.4420577084285932 0.0493827160493827 0.20010288065843615
0 0.17287192429698217 0.45132077808260934 0.046682098765432126 0.20421810699588472
0 0.21454582475994516 0.171496818320378 0.05709876543209873 0.21656378600823042
0 0.12541580932784638 0.44926935680536506 0.04320987654320986 0.21090534979423872
0 0.6778956618655693 0.4523310089925317 0.05864197530864206 0.18415637860082296
0 0.06562955461248285 0.15761221612559062 0.06211419753086422 0.2211934156378601
0 0.4896283436213992 0.1591539971041 0.06481481481481484 0.21965020576131689
0 0.0058178476508916315 0.4605524119798811 0.044367283950617294 0.17438271604938269
0 0.006209812242798354 0.1642961248285322 0.05324074074074074 0.21759259259259262
0 0.6964080182613168 0.16789647157445511 0.04976851851851865 0.21707818930041156
0 0.7438531485768176 0.4456494817863131 0.03742283950617286 0.190329218106996
0 0.08181557570301784 0.4569558756287151 0.03665123456790122 0.17901234567901245
0 0.0818244170096022 0.00573321521109587 0.049382716049382706 0.08076131687242798
0 0.8607542438271605 0.44565757887517143 0.041666666666666824 0.19907407407407418
0 0.7554403506515774 0.1735468106995885 0.05632716049382714 0.20833333333333334
0 0.7161080568415638 0.0021262002743484224 0.0844907407407408 0.07407407407407407
0 0.35961800197187926 0.7275391518061273 0.07214506172839508 0.18672839506172825
0 0.4356178733710563 0.7269961705532693 0.0675154320987654 0.15586419753086422
0 0.0691031164266118 0.7223874980948026 0.06404320987654323 0.17849794238683123
0 0.7029738940329218 0.7285698635878676 0.06018518518518524 0.1887860082304527
0 0.6285177683470508 0.7301130734644109 0.06558641975308643 0.1887860082304527
0 0.5162594307270234 0.7321730681298583 0.08024691358024691 0.1913580246913581
0 0.8468728566529494 0.7131158550525833 0.05246913580246905 0.1651234567901236
0 0.9062901877572017 0.7105405044962658 0.057870370370370315 0.16152263374485598
0 0.774739315414952 0.7192967916476147 0.06905864197530857 0.1738683127572017
0 0.1323704346707819 0.005218335619570187 0.05787037037037038 0.08024691358024692
0 0.1968066808127572 0.0021347736625514408 0.06828703703703698 0.08333333333333333
0 0.2650926461762688 0.0005868007925621094 0.0667438271604938 0.07818930041152264
0 0.33646315586419756 0.000584419295839049 0.0625 0.07561728395061729
0 0.39857976466049383 0.00058013260173754 0.06597222222222222 0.07098765432098765
0 0.4661013588820302 0.0005772748056698674 0.07484567901234572 0.06790123456790123
0 0.6420184435013716 0.0005829903978052126 0.062114197530864286 0.07407407407407406
0 0.8175666045096021 0.000584419295839049 0.07368827160493825 0.07561728395061729
0 0.8993441358024692 0.002131915866483768 0.05555555555555555 0.08024691358024691
0 0.00157803926611797 0.7270171277244322 0.050154320987654315 0.17849794238683123
0 0.22071437757201645 0.7311171124828533 0.050925925925925916 0.16203703703703703
