0 0.22587905907668232 0.6423056859676577 0.125 0.3098591549295776
0 0.7175182169405321 0.6580888106416275 0.12764084507042242 0.24295774647887336
0 0.8913591793818467 0.659842853416797 0.10651408450704215 0.2359154929577465
0 0.5234106025039124 0.28243838028169016 0.119718309859155 0.17429577464788729
0 0.3843267067683881 0.7120799643540254 0.12059859154929582 0.24354460093896702
0 0.046320544796557124 0.48483850634672226 0.15228873239436622 0.1044600938967136
0 0.2368789123630673 0.25900658581116326 0.1197183098591549 0.2200704225352113
0 0.6862590473395931 0.27893138149886976 0.11443661971830994 0.1895539906103286
0 0.7100364338810641 0.4836430620761607 0.12852112676056338 0.08098591549295775
0 0.37464207991001564 0.2971097417840376 0.11839788732394364 0.17429577464788729
0 0.23599007237871675 0.5000728134237524 0.10739436619718307 0.07863849765258216
0 0.8235667913732396 0.26015638584593986 0.09110915492957727 0.1942488262910798
0 0.25008130379499216 0.033023604590506 0.11707746478873236 0.17253521126760563
0 0.5163619302621283 0.028331485828551557 0.11047535211267616 0.17546948356807512
0 0.07534905614241001 0.30062489132324816 0.12235915492957748 0.1678403755868544
0 0.3834409233176838 0.4953796078942792 0.11267605633802825 0.08039906103286378
0 0.38519781885758986 0.031260324291427576 0.10739436619718319 0.16960093896713616
0 0.783961145344288 0.03185206920535559 0.10123239436619716 0.17488262910798122
0 0.6510361649061032 0.03243729351417145 0.09771126760563394 0.17312206572769953
0 0.1347445349178404 0.04064401843157712 0.08846830985915494 0.16314553990610328
0 0.8693530540884193 0.47777940792905577 0.10783450704225352 0.0862676056338029
0 0.9230001100352112 0.04994837854286211 0.035651408450704344 0.07100938967136151
0 0.9357837563575899 0.1584990653799339 0.06382042253521136 0.0522300469483568
0 0.5436699188184664 0.7378401582333507 0.13820422535211263 0.17723004694835684
0 0.7091674613654148 0.8997217875152147 0.14480633802816897 0.07981220657277012
0 0.5485078002738655 0.941367262215267 0.13292253521126765 0.05692488262910781
0 0.9129126320422535 0.9132112893409842 0.08714788732394364 0.07100938967136143
0 0.05644439553990611 0.7062298948009041 0.15316901408450703 0.2634976525821595
0 0.5190379254694835 0.41929284037558684 0.16109154929577474 0.301056338028169
