0 0.11977699530516431 0.06370902886454528 0.08450704225352114 0.3550469483568075
0 0.22802657961658845 0.06953192922969918 0.04841549295774649 0.3057511737089202
0 0.2808584580399061 0.06956235872022257 0.0699823943661972 0.3386150234741784
0 0.35877377983176845 0.06371065901582333 0.08494718309859156 0.3568075117370892
0 0.44592533499608755 0.06488436793601113 0.09022887323943671 0.3568075117370892
0 0.5383432976330204 0.0683995174752217 0.07350352112676062 0.35035211267605637
0 0.612730156983568 0.07836680577290907 0.07790492957746488 0.34037558685446007
0 0.6963560005868545 0.08481622761258911 0.07658450704225352 0.33392018779342725
0 0.7787149109937401 0.17511248043818464 0.15228873239436622 0.24823943661971828
0 0.9366612871674492 0.17043829334028868 0.05985915492957743 0.2705399061032864
0 0.15018522593896713 0.5782146583202922 0.13996478873239435 0.176056338028169
0 0.15370299051251957 0.7660618805425143 0.13512323943661972 0.23415492957746478
0 0.2492413683489828 0.4790025647713441 0.17517605633802813 0.13967136150234738
0 0.29808171948356804 0.6234095157363936 0.15316901408450706 0.18368544600938974
0 0.2945630379499217 0.815891801425839 0.15669014084507044 0.17723004694835695
0 0.4626937842331768 0.5583414840897235 0.15228873239436622 0.2623239436619719
0 0.45477002640845077 0.8293834767866458 0.15052816901408453 0.17077464788732397
0 0.6221079078638497 0.5072960137367415 0.27200704225352107 0.2740610328638497
0 0.6199032301447573 0.7889106242392627 0.26628521126760585 0.1924882629107982
0 0.8983494718309859 0.5630319727004 0.0316901408450704 0.25762910798122063
0 0.9353433098591548 0.5782842114414884 0.06338028169014097 0.25117370892018775
