0 0.5428784615054869 0.8447940481633898 0.07831790123456793 0.15534979423868306
0 0.6833352087620027 0.14325179088553572 0.11381172839506183 0.2674897119341564
0 0.5876398533950618 0.18538808870598994 0.09027777777777778 0.21913580246913583
0 0.12198216735253771 0.17717668800487732 0.09876543209876544 0.23971193415637862
0 0.23230827760631 0.2167462086572169 0.07947530864197527 0.19701646090534983
0 0.041718642832647465 0.1740945549458924 0.07484567901234568 0.24434156378600824
0 0.4908055769890261 0.176661332114007 0.09336419753086413 0.2386831275720165
0 0.5976610725308642 0.4909893689986282 0.0763888888888889 0.26851851851851855
0 0.7894121334876545 0.5043681412894376 0.08680555555555555 0.27314814814814814
0 0.05175352580589849 0.47505096402987357 0.08063271604938273 0.27726337448559674
0 0.2971150548696845 0.490977461515013 0.06790123456790123 0.25565843621399176
0 0.20453425068587106 0.5012517146776406 0.08487654320987655 0.24074074074074084
0 0.3275950574417009 0.2290761697911904 0.07021604938271611 0.18004115226337444
0 0.1612916881001372 0.49249209343087946 0.03780864197530865 0.2247942386831275
0 0.0015681262860082305 0.19363044886450234 0.03587962962962963 0.23199588477366256
0 0.6875597457990398 0.5135992988873648 0.08603395061728397 0.24279835390946508
0 0.9094001843278464 0.13809870827617743 0.09182098765432095 0.25771604938271603
0 0.9390892918381345 0.5115807422648986 0.0663580246913581 0.2849794238683128
0 0.7234476808984911 0.8447940481633898 0.0979938271604938 0.15534979423868306
0 0.07837094907407408 0.809330704160951 0.07638888888888888 0.18827160493827164
0 0.260865162037037 0.8293667123914038 0.09027777777777778 0.16049382716049387
0 0.17250916280864195 0.8309099222679469 0.07986111111111115 0.16049382716049396
0 0.5332170567558299 0.628201207895138 0.054783950617283965 0.12397119341563788
0 0.011235961076817558 0.8052150015241578 0.06867283950617283 0.18775720164609047
0 0.9410091949588477 0.8458209495503733 0.05324074074074064 0.15329218106995895
0 0.8349164630486967 0.8340015813138241 0.0574845679012346 0.1661522633744856
