0 0.7932779278120713 0.29864445206523393 0.0979938271604938 0.3137860082304527
0 0.3700279706790124 0.3207504572473708 0.0625 0.29938271604938277
0 0.2419410150891632 0.2940367322054565 0.06172839506172841 0.33744855967078197
0 0.5247267232510289 0.3623704465782655 0.05092592592592595 0.24897119341563784
0 0.654745906207133 0.34592621170553267 0.05632716049382714 0.2669753086419753
0 0.6620847265089164 0.008901082152110959 0.06867283950617278 0.16872427983539096
0 0.5937877764917695 0.36082818930041155 0.054398148148148175 0.25
0 0.23116399819958847 0.000706351928059747 0.09837962962962964 0.20730452674897118
0 0.46338091563786005 0.3531221422039323 0.04629629629629635 0.2608024691358025
0 0.30868189514746225 0.3145842859320226 0.057484567901234566 0.3065843621399177
0 0.1215666259430727 0.3557027320530407 0.05594135802469137 0.2700617283950617
0 0.12428010330932784 0.01045810470964792 0.07445987654320986 0.18364197530864196
0 0.3692523469650205 0.0006811080627953056 0.056712962962963014 0.1800411522633745
0 0.5691111539780521 0.015597374638012494 0.0756172839506173 0.17849794238683128
0 0.18908259387860085 0.32897709952751103 0.05671296296296298 0.2952674897119342
0 0.4807385438100138 0.01249761850327694 0.04128086419753079 0.1640946502057613
0 0.4309694894547325 0.014042257277853985 0.040509259259259287 0.16563786008230452
0 0.0012150098593964333 0.008425259106843469 0.08294753086419752 0.2103909465020576
0 0.3693008401920439 0.6980805136412133 0.12654320987654324 0.038065843621399156
0 0.003933309756515775 0.2775000952598689 0.10841049382716049 0.2556584362139918
0 0.7145466285150892 0.3099451303155007 0.05825617283950619 0.2962962962962963
0 0.8893178262174213 0.27908093278463647 0.062114197530864126 0.2962962962962963
0 0.8303039801954732 0.0089263260173754 0.08217592592592587 0.19598765432098764
0 0.7403903034979423 0.009920839048925469 0.050925925925925875 0.15895061728395063
0 0.35464650848765433 0.8236020614235634 0.13541666666666666 0.045781893004115344
0 0.3696863747427983 0.7304926840420667 0.12615740740740747 0.043209876543209944
0 0.19801606438614539 0.851918057460753 0.14313271604938274 0.07150205761316879
0 0.23463782793209878 0.7382092097241274 0.10069444444444449 0.043724279835391004
0 0.3673648619684499 0.8745208428593203 0.11651234567901231 0.038065843621399156
0 0.6200887881515775 0.7414266117969822 0.15007716049382713 0.18518518518518529
0 0.5120003322187928 0.8673249123609206 0.05825617283950627 0.044238683127572065
0 0.5185522762345679 0.7264012726718488 0.04861111111111119 0.06893004115226338
0 0.2211588541666667 0.7963496418228928 0.13541666666666657 0.05761316872427989
0 0.858080954218107 0.680686537875324 0.0810185185185184 0.1414609053497942
0 0.9174698859739369 0.012520957171162932 0.0455246913580246 0.18930041152263374
