0 0.3071419002914952 0.09226728014022252 0.06211419753086421 0.20421810699588477
0 0.3727280521262003 0.09482977061423563 0.06172839506172841 0.1939300411522634
0 0.4070757244513032 0.46357500762078946 0.07793209876543214 0.10545267489711936
0 0.6451311192558299 0.1760435718640451 0.09992283950617285 0.1270576131687243
0 0.06759607553155006 0.16061718869074834 0.11612654320987655 0.13323045267489714
0 0.2523442858367627 0.09792381115683585 0.04243827160493822 0.20216049382716048
0 0.4888848701131687 0.4553636069196769 0.10532407407407404 0.12602880658436205
0 0.827202824931413 0.22026082152110957 0.060956790123456825 0.10390946502057614
0 0.32567140346364887 0.37868893842402074 0.07793209876543207 0.09516460905349794
0 0.14858003257887517 0.625637288523091 0.06635802469135804 0.13271604938271597
0 0.20411361882716048 0.1277196692577351 0.03472222222222226 0.15946502057613168
0 0.43914528677983544 0.21716201798506327 0.14699074074074064 0.0905349794238683
0 0.08683984910836763 0.42707809404054264 0.04938271604938272 0.13323045267489708
0 0.14277129415294926 0.41010564319463494 0.035108024691358056 0.13631687242798354
0 0.19182848936899863 0.4440462581923487 0.12191358024691357 0.12551440329218105
0 0.58992546510631 0.14008011354976374 0.048225308641975315 0.17541152263374485
0 0.08959029921124828 0.05102070949550373 0.12114197530864196 0.10236625514403291
0 0.44988747427983544 0.6368669981710106 0.06018518518518516 0.03858024691358021
0 0.7708684306412894 0.6503329332418839 0.05054012345679016 0.1373456790123456
0 0.5737306027091906 0.6529397195549459 0.060956790123456825 0.17489711934156382
0 0.5146931798696844 0.6416228471269625 0.04706790123456794 0.1748971193415637
0 0.6998893497085048 0.6771004801097393 0.06288580246913587 0.1574074074074074
0 0.27358083633401925 0.659627914951989 0.06751543209876544 0.17592592592592593
0 0.40589340063443075 0.6544919791190368 0.04205246913580246 0.184670781893004
0 0.034781968021262 0.6231390984606004 0.08603395061728394 0.2124485596707819
0 0.2183992948388203 0.7135859625057156 0.05054012345679012 0.11728395061728392
0 0.638927201217421 0.6632058756287151 0.05516975308641984 0.1512345679012346
0 0.8368468149862826 0.6560318549001677 0.05941358024691365 0.1810699588477366
0 0.9012648426783264 0.6544853109282122 0.04359567901234555 0.1774691358024691
0 0.0038998199588477366 0.1004920172229843 0.06018518518518519 0.1980452674897119
0 0.7562028463648834 0.12311052049992378 0.04320987654320984 0.18158436213991772
0 0.8912669324417009 0.39983710562414265 0.09104938271604937 0.15740740740740747
0 0.3229764124657064 0.47384687928669417 0.08603395061728397 0.08796296296296302
0 0.4556729038065843 0.6795729500076207 0.0578703703703704 0.04989711934156381
0 0.4545069230109739 0.7371875476299344 0.045524691358024685 0.051440329218106984
0 0.4487340856481481 0.7994174859015395 0.06597222222222222 0.037551440329218096
