0 0.05061406893004116 0.008795819996951684 0.10648148148148147 0.055041152263374485
0 0.1682723015260631 0.0051892813595488495 0.08989197530864199 0.04886831275720164
0 0.2828679591049383 0.007235939643347051 0.10763888888888892 0.037037037037037035
0 0.4090296532064472 0.0051949969516841945 0.11381172839506175 0.055041152263374485
0 0.5328690307784637 0.0026286960829141896 0.10918209876543199 0.06121399176954733
0 0.6732987182784635 0.0062247561347355575 0.10570987654321 0.056069958847736634
0 0.7917395404663923 0.003654168571864045 0.10493827160493825 0.057613168724279844
0 0.9352267125342936 0.008803917085810091 0.059799382716049364 0.06378600823045269
0 0.9406196416323731 0.13128381725346747 0.047839506172839365 0.11985596707818934
0 0.779027617026749 0.15337934385002286 0.13310185185185192 0.09413580246913582
0 0.661331340020576 0.13950093354671544 0.09490740740740745 0.10545267489711936
0 0.5347985789609053 0.15439910074683735 0.10995370370370373 0.08436213991769548
0 0.4171226637517147 0.16314300411522634 0.10108024691358024 0.0833333333333333
0 0.30137227794924554 0.16313252552964488 0.08719135802469138 0.07201646090534979
0 0.17753986625514404 0.17033560051821367 0.10185185185185185 0.07355967078189299
0 0.06911919152949246 0.15182946578265508 0.08719135802469136 0.08693415637860082
0 0.03404251328875171 0.35911208276177414 0.13233024691358025 0.06327160493827164
0 0.1875726058813443 0.35757982777015695 0.10455246913580246 0.07510288065843625
0 0.2948412315672153 0.35398090992226794 0.12692901234567908 0.07716049382716048
0 0.4263851380315501 0.36117493522328914 0.10570987654320985 0.06893004115226338
0 0.5521591542352537 0.3493569958847736 0.10918209876543207 0.08333333333333338
0 0.6833997770919067 0.35039008916323733 0.20679012345679024 0.08796296296296297
0 0.909398308899177 0.3406383363816491 0.08912037037037032 0.11162551440329223
0 0.8793247385116598 0.5355809899405579 0.11651234567901238 0.09413580246913576
0 0.7450644075788753 0.5314629058070415 0.11496913580246905 0.09104938271604952
0 0.6108064879115226 0.5304350518213686 0.11689814814814825 0.09207818930041164
0 0.47230634859396436 0.5401925201950921 0.12114197530864199 0.07458847736625523
0 0.3480621463477366 0.5206590077732054 0.09837962962962968 0.08950617283950614
0 0.25083670910493827 0.5242493522328913 0.09375 0.07818930041152275
0 0.1489848572530864 0.5268204160951074 0.09375000000000001 0.07716049382716053
0 0.06062644675925925 0.5242517337296144 0.07986111111111112 0.08076131687242805
0 0.00466204775377229 0.5083190443529949 0.04668209876543209 0.09567901234567915
0 0.011990419238683128 0.6847307956104253 0.04398148148148148 0.06481481481481481
0 0.06525607638888889 0.6677826360310929 0.0798611111111111 0.09413580246913576
0 0.16093240955075444 0.6724146471574455 0.07600308641975308 0.09670781893004117
0 0.24620332861796984 0.687321864045115 0.08834876543209877 0.08539094650205757
0 0.35389419367283953 0.6981214753848499 0.16319444444444436 0.08230452674897111
0 0.5286723572530865 0.7078937090382564 0.17708333333333334 0.08076131687242794
0 0.7138583461934156 0.6945316072245085 0.17824074074074064 0.09413580246913576
0 0.9147952567729767 0.7166271338210639 0.08294753086419762 0.06841563786008233
0 0.05714136445473251 0.8380353604633439 0.06134259259259259 0.07818930041152275
0 0.1343005186899863 0.8442048658741045 0.059413580246913594 0.07458847736625523
0 0.20028694058641971 0.8401001181222374 0.07986111111111115 0.08590534979423874
0 0.2921055169753087 0.862211362597165 0.0763888888888889 0.07716049382716053
0 0.40785777820644725 0.8771200083828685 0.09297839506172834 0.06738683127572011
0 0.5467367541152263 0.8683775339125134 0.07870370370370373 0.0699588477366254
0 0.6420219264403292 0.87096622085048 0.06712962962962968 0.08796296296296285
0 0.7191893861454046 0.8796848803536047 0.07716049382716063 0.05967078189300413
0 0.812178497942387 0.8596450617283952 0.09259259259259255 0.08333333333333323
0 0.9232719264403291 0.863762193263222 0.06712962962962968 0.08539094650205757
