0 0.10617069615912209 0.48481700579180004 0.10802469135802473 0.2690329218106996
0 0.6767768347050753 0.03581008992531626 0.11419753086419762 0.34156378600823045
0 0.526701013803155 0.055845145557079715 0.11612654320987659 0.31275720164609055
0 0.3666211205418382 0.030147367017222985 0.1566358024691358 0.3369341563786008
0 0.09267109267832646 0.020895252248132903 0.11304012345679013 0.34465020576131683
0 0.21190602494855967 0.023978814205151654 0.14467592592592587 0.3415637860082304
0 0.4549693501371742 0.5581785360463344 0.15586419753086414 0.055041152263374395
0 0.6328347372256516 0.5015960791037951 0.1709104938271604 0.05709876543209884
0 0.4553674768518518 0.6194130086877 0.1736111111111111 0.07716049382716053
0 0.2566877786351166 0.5998571101966164 0.18595679012345676 0.06790123456790137
0 0.6428996270576132 0.633801535589087 0.21990740740740738 0.0612139917695473
0 0.007775259344993141 0.4699097889041305 0.08526234567901234 0.2803497942386831
0 0.005452674897119342 0.03579484834628867 0.07407407407407408 0.32510288065843623
0 0.800609246399177 0.08361101585124218 0.09953703703703698 0.2998971193415638
0 0.6270806541495199 0.5638460219478738 0.2183641975308642 0.06481481481481481
0 0.4549811385459534 0.6986277815881725 0.17283950617283952 0.07355967078189313
0 0.234325970936214 0.6739354709647919 0.2071759259259259 0.0725308641975309
0 0.6502231760116598 0.6996499199817101 0.2102623456790124 0.06635802469135799
0 0.8642564729080933 0.5603633211400701 0.08487654320987667 0.1923868312757201
0 0.16287401406035668 0.893097946197226 0.09413580246913575 0.10133744855967079
0 0.27627797067901233 0.8812819120560891 0.0625 0.11779835390946497
0 0.3762109910836762 0.8735730071635421 0.07716049382716048 0.12551440329218105
0 0.6509069037208505 0.8751157407407407 0.08371913580246913 0.125
0 0.7894172239368998 0.8704894452065234 0.09413580246913572 0.12860082304526751
0 0.0984192815500686 0.8720269394909312 0.05709876543209875 0.1224279835390947
