0 0.004530088517214398 0.254264475743349 0.1852992957746479 0.16901408450704225
0 0.5832651726330204 0.5869718309859155 0.11311619718309866 0.1267605633802816
0 0.7452608445813772 0.6093554381846634 0.14744718309859148 0.21654929577464782
0 0.65419723200313 0.20606416275430361 0.21302816901408453 0.08450704225352113
0 0.7008530785406886 0.2917590419057555 0.2143485915492959 0.09976525821596242
0 0.5146148156298905 0.2642513258563728 0.12984154929577466 0.1801643192488263
0 0.38826902386541473 0.26717310033037733 0.09330985915492952 0.16666666666666666
0 0.9107134560837244 0.7013622630846809 0.08934859154929582 0.07687793427230044
0 0.8653972882433489 0.19080757694314032 0.11575704225352124 0.08626760563380279
0 0.6554314602895148 0.7114268170752913 0.08890845070422533 0.1719483568075116
