0 0.0035712539123630674 0.0008400712919492263 0.07218309859154928 0.2734741784037559
0 0.08816357345461658 0.004957833420274735 0.1949823943661972 0.28403755868544606
0 0.3060311521909233 0.009654299252303948 0.19190140845070422 0.2857981220657277
0 0.5089094899256652 0.0031782516084159274 0.15360915492957736 0.26349765258215957
0 0.6827571767410016 0.006114154060163449 0.14216549295774655 0.26525821596244137
0 0.8284587734741785 0.004952399582681273 0.16373239436619716 0.278169014084507
0 0.0022673366588419406 0.4064043209876543 0.09595070422535211 0.32511737089201875
0 0.10488678599374023 0.4081594505303425 0.19190140845070427 0.3192488262910798
0 0.31921917791471044 0.40815510346026773 0.16857394366197187 0.3145539906103286
0 0.49879419747652576 0.40811597982959485 0.16505281690140844 0.272300469483568
0 0.6682420041079812 0.40341462354373153 0.1558098591549296 0.2652582159624413
0 0.8284618300078249 0.3993354416623196 0.16813380281690135 0.29636150234741787
0 0.011518852699530516 0.8715886367588246 0.10827464788732394 0.11854460093896711
0 0.13217796361502346 0.8433913667188316 0.1954225352112676 0.0880281690140845
0 0.40293641187402196 0.8199182750825945 0.2988556338028169 0.08920187793427224
0 0.7280681484741784 0.826422035298209 0.10827464788732391 0.1414319248826291
0 0.8451184101134585 0.8141067857763867 0.06910211267605636 0.15082159624413155
