0 0.0050532085905349786 0.003836114921505868 0.054398148148148154 0.25411522633744854
0 0.06061599794238682 0.0069268213686937965 0.06481481481481483 0.2587448559670782
0 0.16864283264746227 0.005379324798049078 0.06790123456790123 0.2541152263374486
0 0.24000610853909465 0.003840401615607377 0.0532407407407408 0.25874485596707814
0 0.29556729038065843 0.0023024310318549004 0.06134259259259262 0.26440329218106995
0 0.37040118098422486 0.01720250342935528 0.0443672839506173 0.24537037037037038
0 0.4170854230967078 0.008467173449169333 0.04745370370370373 0.25565843621399176
0 0.463776899005487 0.006923963572626124 0.06095679012345675 0.25565843621399176
0 0.5339851787551441 0.005385992988873648 0.04976851851851849 0.26131687242798357
0 0.003967603309327846 0.41532493141289445 0.15779320987654322 0.2175925925925926
0 0.23428926611796982 0.39683070416095106 0.15432098765432098 0.24382716049382713
0 0.4510826581790124 0.3819225346745923 0.11458333333333333 0.2541152263374486
0 0.17448345336076818 0.7101451760402377 0.14506172839506168 0.2901234567901234
0 0.03826544281550069 0.872032178783722 0.10223765432098766 0.12808641975308646
0 0.05638610253772291 0.7917128677030941 0.08487654320987653 0.04989711934156381
0 0.7824679569615913 0.5346764974851395 0.08719135802469127 0.22839506172839513
0 0.8912393368484225 0.8175225765889347 0.05131172839506175 0.14660493827160487
0 0.9074695644718793 0.5423449169333943 0.08950617283950603 0.17695473251028804
0 0.8415107381687243 0.28360720545648527 0.10879629629629635 0.18467078189300412
0 0.808706543638546 0.034076360310928214 0.09297839506172825 0.1358024691358025
