0 0.9129077415884194 0.4484834159276647 0.08010563380281689 0.136737089201878
0 0.5150146102308294 0.25833007303077726 0.07174295774647885 0.12323943661971834
0 0.8138699383802817 0.2770795296470179 0.07130281690140852 0.09096244131455401
0 0.13340852406103287 0.46374271865762473 0.0660211267605634 0.13791079812206578
0 0.8433572354264476 0.6538732394366197 0.06822183098591555 0.1267605633802816
0 0.6562958480046949 0.451422035298209 0.06602112676056338 0.1414319248826291
0 0.7223145295383412 0.6474249043644584 0.0625 0.13438967136150223
0 0.07266266872065728 0.474296861415406 0.0567781690140845 0.12793427230046944
0 0.20032001907276994 0.45787689097548256 0.08054577464788729 0.14084507042253513
0 0.4868477357198748 0.05294840027821248 0.07482394366197183 0.14201877934272303
0 0.5748713199334898 0.6568113154234045 0.06822183098591547 0.13086854460093902
0 0.2064832135172144 0.2665329942618675 0.08230633802816902 0.10915492957746477
0 0.6624627102895149 0.27004814380107806 0.07306338028169006 0.10269953051643194
0 0.7201168818466354 0.44438630238219445 0.06690140845070434 0.14847417840375585
0 0.5097313918231612 0.43793796731003304 0.06954225352112675 0.1561032863849766
0 0.5097283352895149 0.6509416840549471 0.06514084507042266 0.12969483568075107
0 0.6518929112871674 0.659153842809946 0.06382042253521128 0.12558685446009388
0 0.5603485059663537 0.06408450704225352 0.07086267605633796 0.12676056338028172
0 0.8750482932316119 0.05821596244131455 0.06954225352112675 0.12676056338028172
0 0.3548115952660407 0.663259650495566 0.08362676056338031 0.1232394366197184
0 0.5779498606220657 0.42738328116849245 0.06470070422535217 0.16549295774647887
0 0.36361135563380276 0.26888095548600244 0.07922535211267609 0.1097417840375587
0 0.6483858445813772 0.06524734828725438 0.08406690140845074 0.11502347417840375
0 0.4415117004107981 0.25891475395583374 0.07262323943661973 0.12089201877934275
0 0.41290101721439754 0.0728818901060685 0.07042253521126757 0.1208920187793427
0 0.15629615365805946 0.6702861458876717 0.06646126760563383 0.10622065727699542
0 0.22363831426056338 0.6755705529473135 0.06734154929577467 0.10915492957746477
0 0.438426741001565 0.6532923621978787 0.06690140845070426 0.1332159624413146
0 0.28877763106416277 0.6755732698661102 0.06514084507042249 0.11208920187793422
0 0.3446779636150235 0.08166949226221527 0.06866197183098587 0.1044600938967136
0 0.06210662411971831 0.10513008607198748 0.06734154929577464 0.0897887323943662
0 0.7914123630672927 0.440285928534168 0.05633802816901405 0.1566901408450704
0 0.9151053892801253 0.6509362502173536 0.07570422535211255 0.12382629107981205
0 0.8499529293818467 0.45142583898452443 0.058978873239436624 0.1455399061032864
0 0.812544014084507 0.05821487567379586 0.0633802816901408 0.1255868544600939
0 0.7368514035602504 0.266527560424274 0.08010563380281689 0.10328638497652586
0 0.8856089226330203 0.2723933881064162 0.06558098591549298 0.10035211267605636
0 0.781734460582942 0.6544595505129543 0.06382042253521136 0.12617370892018773
0 0.7289273400821596 0.06232285689445314 0.07790492957746473 0.12558685446009388
0 0.8455548831181534 0.8352047470005217 0.06382042253521121 0.11971830985915485
0 0.16113953687402194 0.8533858242044862 0.06910211267605636 0.10739436619718296
0 0.5625375953638497 0.847524886976178 0.05413732394366204 0.11561032863849766
0 0.4995989827856025 0.84811337158755 0.05633802816901405 0.11737089201877948
0 0.23375299540297337 0.8498733915840724 0.05501760563380284 0.1167840375586854
0 0.9084852430555556 0.8457616066770997 0.049735915492957694 0.1126760563380282
0 0.3526008044796557 0.8651191097200487 0.06910211267605636 0.10328638497652576
0 0.2909734448356808 0.8615958094244479 0.05809859154929574 0.10093896713615028
0 0.6488085631846635 0.8328730872891671 0.05897887323943654 0.13673708920187794
0 0.10830979802425665 0.8475189097548252 0.0506161971830986 0.10915492957746488
0 0.4252255721830986 0.8510503608068163 0.07130281690140844 0.12030516431924883
0 0.7694135734546167 0.8416541688402016 0.06822183098591539 0.11326291079812208
0 0.7121830374608763 0.8369718309859155 0.050616197183098656 0.1267605633802816
0 0.9612945031298905 0.8451693183794122 0.03873239436619716 0.10680751173708929
0 0.08631651017214396 0.6585637280472962 0.07042253521126764 0.12206572769953043
0 0.12593132580203442 0.09692173100330377 0.07350352112676058 0.09800469483568076
0 0.19855242566510173 0.09223558946270213 0.0704225352112676 0.10739436619718311
0 0.26985371429968696 0.08929697009215788 0.06822183098591551 0.10269953051643191
0 0.9454592136150235 0.05704877412623892 0.05281690140845067 0.13380281690140847
0 0.947659612187011 0.27122348287254394 0.05237676056338027 0.10446009389671355
