0 0.06643357767489712 0.6344612101813748 0.10879629629629631 0.21810699588477375
0 0.5806822809499314 0.8884745084590763 0.07137345679012341 0.10802469135802466
0 0.1844923482510288 0.6313805060204237 0.11342592592592592 0.22427983539094634
0 0.7257541902434842 0.6148848308184729 0.08603395061728397 0.18672839506172847
0 0.11849199459876542 0.3710362368541381 0.07291666666666667 0.16358024691358017
0 0.19527150848765432 0.3669291076055479 0.07986111111111108 0.17232510288065842
0 0.5077784743655693 0.3412103718945283 0.0898919753086419 0.17386831275720158
0 0.27977859224965707 0.3258063747904283 0.10339506172839504 0.20421810699588472
0 0.6076980988511659 0.3273424401768023 0.08526234567901238 0.1965020576131687
0 0.0459600587277092 0.372582304526749 0.07137345679012345 0.1666666666666666
0 0.0011825917352537721 0.37669419676878524 0.036265432098765434 0.1630658436213992
0 0.8268202374828533 0.6097422267946959 0.06558641975308635 0.18827160493827153
0 0.7041548782578876 0.31962496189605244 0.09413580246913572 0.1949588477366255
0 0.914022848079561 0.33196397271757355 0.08179012345679015 0.18775720164609064
0 0.8110229659636488 0.3273314852918762 0.09529320987654318 0.18467078189300412
0 0.6508959190672154 0.6133530521262002 0.06790123456790119 0.19907407407407407
0 0.09847956318587106 0.9146881191891479 0.1439043209876543 0.08539094650205757
0 0.30524021562071335 0.6462600975461057 0.10146604938271603 0.18312757201646096
0 0.348137163494513 0.9095450388660264 0.20640432098765438 0.08641975308641989
0 0.7327080118312757 0.8782002552964487 0.09953703703703698 0.12294238683127566
0 0.8970483431927296 0.6025401044048164 0.08294753086419762 0.18775720164609036
0 0.6578411672668039 0.8915566415180614 0.06905864197530866 0.10339506172839513
0 0.8700427061899864 0.8781954923030026 0.08371913580246905 0.11779835390946508
0 0.3908990805041152 0.3155278349336991 0.11689814814814825 0.21450617283950613
0 0.003895265346364883 0.5954013298277703 0.05362654320987654 0.25565843621399176
0 0.4125040187757202 0.6257173068129859 0.11689814814814817 0.21913580246913586
0 0.522800925925926 0.6179817291571407 0.05555555555555555 0.19804526748971207
0 0.5748952439128944 0.6179774424630391 0.07137345679012341 0.19341563786008234
