0 0.4275178969478738 0.3216935299497028 0.07021604938271603 0.2067901234567902
0 0.49658109353566526 0.33660169943606155 0.07677469135802475 0.19650205761316872
0 0.03979284550754458 0.6694392051516538 0.0794753086419753 0.21656378600823048
0 0.5706543638545953 0.3016503772290809 0.0756172839506173 0.22685185185185194
0 0.15437269590192043 0.28775624904740127 0.0744598765432099 0.2211934156378601
0 0.6578596536351167 0.23897081237616216 0.09567901234567897 0.3106995884773663
0 0.3067416302297668 0.3494470164609053 0.04128086419753083 0.18055555555555555
0 0.35189337920096025 0.3396909769852157 0.059799382716049405 0.19958847736625507
0 0.24540653935185186 0.34532988492607836 0.052083333333333336 0.17849794238683128
0 0.042099354852537726 0.29136183508611485 0.06751543209876543 0.22633744855967083
0 0.20373478223593963 0.3520152225270538 0.0447530864197531 0.1764403292181071
0 0.7739845893347053 0.21018899557994206 0.09336419753086413 0.3374485596707819
0 0.8738894783093278 0.2240088210638622 0.0675154320987654 0.2628600823045268
0 0.9413917824074073 0.22402120484682214 0.04861111111111127 0.27623456790123463
0 0.9004905585562414 0.6328260745313216 0.039737654320987775 0.11882716049382709
0 0.35344703789437587 0.6714872923334858 0.07484567901234572 0.206275720164609
0 0.1312234760802469 0.6745713305898491 0.07291666666666664 0.2037037037037037
0 0.2832229509602195 0.6581304298125286 0.06327160493827158 0.22530864197530856
0 0.5096801590363512 0.6576355547934766 0.05054012345679016 0.24639917695473249
0 0.43561224708504803 0.6807541723822588 0.059413580246913573 0.21450617283950613
0 0.6539673353909465 0.7121013374485596 0.04629629629629627 0.18055555555555555
0 0.5710267704046639 0.6658350480109739 0.05632716049382714 0.21296296296296297
0 0.7619960455246912 0.6359677450083829 0.052083333333333336 0.17849794238683123
0 0.21840438528806586 0.6704327655845146 0.05787037037037036 0.17849794238683123
0 0.7110658329046639 0.6585676726108826 0.04591049382716055 0.14197530864197536
