0 0.7269432120198903 0.2579903978052126 0.13155864197530856 0.29629629629629634
0 0.8916500557270234 0.31709057308337146 0.08719135802469127 0.23559670781893
0 0.9059180491255145 0.6998028120713307 0.0775462962962962 0.23148148148148148
0 0.05874753515089163 0.21841278006401466 0.15200617283950615 0.330246913580247
0 0.41368339549039784 0.2410389041304679 0.14853395061728397 0.32201646090534986
0 0.24007228437928668 0.21995741883859168 0.14853395061728397 0.3317901234567902
0 0.5749480238340193 0.26981786313062034 0.1473765432098765 0.29218106995884785
0 0.4429864326131688 0.696261050144795 0.12268518518518516 0.2952674897119343
0 0.5845652220507545 0.7091120827617742 0.10725308641975317 0.2854938271604939
0 0.3048753107853224 0.7014017489711935 0.13155864197530864 0.2916666666666666
0 0.7076254929698217 0.68905940405426 0.09182098765432095 0.2952674897119342
0 0.0031383959190672155 0.7178521757354062 0.07484567901234568 0.28034979423868317
0 0.8063965513545953 0.7178255029721079 0.09992283950617285 0.25154320987654327
0 0.0027362504286694103 0.1490393042219174 0.05131172839506173 0.40689300411522633
0 0.08223995841906723 0.7240131077579637 0.09220679012345678 0.2674897119341565
0 0.18102414480452675 0.7085910112787686 0.11921296296296298 0.27829218106995873
