0 0.002762238511659808 0.20020242722146014 0.08873456790123459 0.10751028806584362
0 0.10153463648834019 0.19095745694253927 0.09876543209876541 0.12294238683127569
0 0.2342388974622771 0.1971188652644414 0.08179012345679013 0.11059670781893005
0 0.3183564278978052 0.1852913999390337 0.0999228395061729 0.11471193415637858
0 0.4410351830418381 0.18221212467611644 0.09066358024691357 0.12242798353909468
0 0.5398099922839505 0.1729642966011279 0.10416666666666667 0.13477366255144035
0 0.6555539480452676 0.172954294314891 0.10879629629629635 0.1239711934156379
0 0.7724480774176955 0.18221069577808258 0.1030092592592592 0.12088477366255146
0 0.8777542009602196 0.1883806774881878 0.07716049382716048 0.117798353909465
0 0.00275741598079561 0.44969659731748207 0.08179012345679013 0.11676954732510286
0 0.08802994255829905 0.4527858748666362 0.0964506172839506 0.11985596707818937
0 0.1902675968792867 0.4497008840115836 0.09645061728395063 0.12139917695473249
0 0.31256483624828535 0.45278158817253467 0.09336419753086421 0.11522633744855963
0 0.41134339634773653 0.4455808946806889 0.11226851851851849 0.1162551440329219
0 0.5463608646262003 0.44557946578265506 0.09297839506172849 0.11471193415637862
0 0.648611914866255 0.44969231062338055 0.11226851851851866 0.11213991769547334
0 0.7631906935871057 0.4409569806431946 0.10570987654320985 0.1224279835390946
0 0.8835591885288067 0.43633592440176805 0.10300925925925937 0.1316872427983538
0 0.0007997363683127572 0.7069053878981862 0.04050925925925926 0.12448559670781884
0 0.042508466220850485 0.7069091982929432 0.10108024691358024 0.1286008230452674
0 0.16866265860768176 0.7099927602499619 0.0964506172839506 0.12551440329218094
0 0.27090486754115223 0.7012602880658437 0.10300925925925929 0.13888888888888878
0 0.38201919367283954 0.7223284369760707 0.1076388888888889 0.11471193415637862
0 0.5043046446330591 0.7084243065081542 0.08757716049382715 0.09825102880658435
0 0.6100230945644719 0.7238773624447492 0.09992283950617285 0.12088477366255153
0 0.7257630315500686 0.717696425849718 0.0987654320987654 0.11213991769547323
0 0.8357223615397804 0.7038218259411675 0.1068672839506173 0.1275720164609053
0 0.9460251628943758 0.7012440938881268 0.05401234567901238 0.12139917695473249
0 0.02320682227366255 0.9218830970888584 0.08449074074074074 0.07818930041152264
0 0.16981042095336077 0.9203403635116598 0.08256172839506175 0.0787037037037037
0 0.2523716135116599 0.9172568015546411 0.08179012345679008 0.08179012345679015
0 0.3376347629458162 0.9157121627800641 0.08294753086419754 0.08024691358024698
0 0.42058684842249655 0.9249657064471879 0.0895061728395062 0.07407407407407407
0 0.5112512324245542 0.9311299725651577 0.09066358024691357 0.06481481481481492
0 0.6790707518861454 0.9414099413199207 0.08410493827160492 0.05606995884773661
0 0.7678042481138547 0.9265032007315959 0.08256172839506158 0.06790123456790116
0 0.8503694594478737 0.928050221002896 0.08757716049382715 0.07201646090534973
