0 0.01748971193415638 0.02180688919372047 0.1851851851851852 0.2181069958847736
0 0.3569516782407408 0.008437642889803384 0.12152777777777778 0.22376543209876545
0 0.4954909336419752 0.008429069501600366 0.1736111111111112 0.21450617283950615
0 0.6802691508058986 0.0007273090992226795 0.14313271604938269 0.2299382716049383
0 0.8438571673525377 0.05048153863740284 0.15432098765432095 0.07561728395061729
0 0.8415415487825789 0.13689986282578875 0.15316358024691348 0.0740740740740741
0 0.8480980474108367 0.22587924859015399 0.15007716049382713 0.06069958847736624
0 0.05837218149862825 0.38653120713305894 0.1670524691358025 0.23148148148148148
0 0.22424875685871054 0.330493636640756 0.1404320987654321 0.2664609053497941
0 0.3704507458847736 0.34591716201798506 0.1157407407407408 0.257201646090535
0 0.48852612740054874 0.3469883592440177 0.14429012345679015 0.30298353909465014
0 0.6428540809327846 0.4574907597927146 0.15432098765432103 0.2011316872427983
0 0.6474930877057613 0.3211014898643499 0.16782407407407404 0.12294238683127577
0 0.014312467849794237 0.6935232815119647 0.05439814814814815 0.1162551440329218
0 0.07102703832304526 0.7115416857186404 0.056712962962962986 0.13168724279835387
0 0.13120981224279835 0.7069163427831123 0.053240740740740734 0.1363168724279835
0 0.1933256172839506 0.7146209609815577 0.05555555555555555 0.12397119341563788
0 0.2558280285493827 0.7027896852613931 0.05902777777777782 0.12397119341563778
0 0.5393826624657064 0.7840277777777779 0.0443672839506173 0.08333333333333323
0 0.5949406292866942 0.8056270004572473 0.04783950617283945 0.07716049382716053
0 0.6539611732681756 0.8097436556927298 0.03742283950617278 0.0787037037037037
0 0.6994866683813443 0.8087229461972261 0.038580246913580314 0.0874485596707818
0 0.8233442644032922 0.7573092897424174 0.06018518518518508 0.1162551440329218
0 0.897025302211934 0.7223031931108063 0.049768518518518726 0.08744855967078191
0 0.952578714420439 0.7207533150434384 0.04668209876543206 0.08024691358024698
0 0.7427169067215365 0.7130415523548239 0.0679012345679011 0.08487654320987661
