0 0.5606216242283951 0.6164223251028806 0.07291666666666659 0.18055555555555555
0 0.1987461419753086 0.8972141251333638 0.08333333333333337 0.1023662551440328
0 0.4290651256001372 0.01354261926535589 0.07600308641975302 0.18158436213991766
0 0.5328516160836763 0.010970126505105928 0.08410493827160492 0.18106995884773663
0 0.5409473058127573 0.24605385992988874 0.07523148148148151 0.18261316872427985
0 0.6551362632887516 0.5537360920591372 0.06288580246913587 0.25720164609053503
0 0.47536945944787384 0.5696001943301325 0.08757716049382715 0.16820987654320985
0 0.34844366212277095 0.5752652987349489 0.09220679012345678 0.17541152263374488
0 0.14474879972565158 0.24755801326017374 0.10493827160493828 0.14043209876543206
0 0.27633182227366254 0.23474175049535131 0.1400462962962963 0.18775720164609058
0 0.18797019675925924 0.5726556546258192 0.12152777777777778 0.13477366255144022
0 0.06296349879972565 0.5695678059746989 0.1118827160493827 0.13323045267489714
0 0.4363932291666667 0.27124056927297663 0.07291666666666667 0.16203703703703703
0 0.0031609010631001373 0.2233820111263527 0.10725308641975308 0.14146090534979422
0 0.6327728480795611 0.025369131992074377 0.08179012345679008 0.17644032921810698
0 0.6308331189986283 0.2589101318396586 0.06635802469135801 0.17849794238683128
0 0.33840395661865563 0.0191553307422649 0.07947530864197531 0.13220164609053497
0 0.8241340877914952 0.264571425849718 0.08641975308641968 0.18158436213991766
0 0.9005291388031549 0.5505791800030483 0.09529320987654333 0.1810699588477366
0 0.7342397012174211 0.0063162056089010815 0.08294753086419762 0.15483539094650206
0 0.9198064021776405 0.23682460752934004 0.07677469135802475 0.21502057613168726
0 0.7384837962962962 0.5675892584971803 0.0833333333333335 0.21862139917695472
0 0.8337705761316874 0.004772995732357873 0.07407407407407397 0.15483539094650206
0 0.7219007201646092 0.25531883478128337 0.09259259259259255 0.1887860082304527
0 0.7219020597565159 0.9126266956256668 0.09452160493827143 0.08127572016460899
0 0.31565956147119345 0.9085100403901843 0.10532407407407404 0.07973251028806581
0 0.6319755229766804 0.9110749123609206 0.044753086419753015 0.07201646090534984
0 0.43371806412894376 0.9038894604481024 0.10956790123456786 0.08950617283950624
0 0.09767420053155007 0.8997704237158969 0.09529320987654319 0.08539094650205767
0 0.8438354659636488 0.9085233767718336 0.12307098765432095 0.09413580246913587
0 0.007362129200960219 0.5793281321444902 0.045910493827160496 0.1188271604938272
0 0.004684017061042524 0.8905273586343545 0.07831790123456789 0.10288065843621408
0 0.56793686771262 0.9126205037341868 0.05131172839506175 0.07458847736625514
0 0.9363819765946502 0.015041057003505564 0.056712962962963014 0.1332304526748971
0 0.19760293424211248 0.0088515470202713 0.10378086419753084 0.11522633744855967
0 0.08916323731138544 0.009838439262307574 0.06172839506172841 0.06995884773662552
