0 0.9198088134430725 0.2434704122847127 0.08024691358024698 0.17026748971193417
0 0.3538365912208505 0.7599194101508916 0.08024691358024691 0.1574074074074074
0 0.47728186085390945 0.17765536884621247 0.06365740740740745 0.20113168724279837
0 0.5428463112997256 0.1802307194025301 0.032021604938271664 0.20473251028806588
0 0.5235711912722908 0.46983358100899253 0.05362654320987659 0.19804526748971202
0 0.640463177297668 0.1992598308184728 0.044753086419753174 0.20061728395061731
0 0.6871509023491084 0.2018227975918305 0.052854938271605 0.190843621399177
0 0.3499528463648834 0.474974279835391 0.04320987654320984 0.19444444444444445
0 0.3997229723936899 0.1781835848193873 0.045524691358024685 0.21604938271604937
0 0.4001095786179698 0.4718821444901692 0.04668209876543206 0.18827160493827164
0 0.5783505872770919 0.4749614197530865 0.04706790123456786 0.18055555555555544
0 0.5883865419238684 0.1745789513793629 0.0543981481481481 0.21193415637860077
0 0.6350630144032922 0.47856748209114464 0.04629629629629627 0.1862139917695474
0 0.34763722779492456 0.17251895671391557 0.04205246913580242 0.20936213991769548
0 0.4637739519032922 0.47239321368693793 0.05671296296296286 0.18467078189300412
0 0.8210243591392318 0.48319996951684185 0.05285493827160492 0.18930041152263374
0 0.7133833269032921 0.004715363511659808 0.04976851851851857 0.09259259259259259
0 0.7210991083676268 0.4826688957475994 0.0493827160493827 0.1712962962962963
0 0.7677849579903979 0.0006039475689681451 0.05478395061728381 0.09670781893004116
0 0.8561315800754459 0.21212372351775644 0.05169753086419746 0.20473251028806586
0 0.7766503772290808 0.4914213725041914 0.04320987654320984 0.17952674897119344
0 0.7743602109053498 0.21057765584514557 0.0787037037037038 0.20164609053497942
0 0.6894515174897119 0.48215115836000605 0.03240740740740754 0.1676954732510288
0 0.8380127957818929 0.000608234263069654 0.07175925925925937 0.10133744855967078
0 0.646264949845679 0.7712300906873952 0.06597222222222231 0.15072016460905355
0 0.43523314257544576 0.75993369913123 0.06905864197530873 0.17283950617283947
0 0.5810629929698217 0.7676449855204999 0.06404320987654326 0.1676954732510288
0 0.5108493548525378 0.7686676002133821 0.0675154320987654 0.16100823045267482
0 0.716480195473251 0.7696730681298584 0.06481481481481476 0.13580246913580232
0 0.7897695366083677 0.7763341144642586 0.045910493827160476 0.1075102880658436
0 0.008572852366255143 0.1745789513793629 0.12268518518518517 0.21193415637860077
0 0.13586623371056242 0.18383392394452067 0.09182098765432099 0.20730452674897118
0 0.23000900205761315 0.17612787684804146 0.10185185185185183 0.21810699588477364
0 0.2400337041323731 0.47240464487120865 0.09297839506172842 0.19701646090534983
0 0.12545519332990399 0.4713753619875019 0.09992283950617284 0.19650205761316877
0 0.02206013160150892 0.46366788599298886 0.09992283950617284 0.20576131687242805
0 0.042508466220850485 0.7553069272976681 0.10108024691358024 0.17592592592592593
0 0.14126746827846365 0.7542733577198598 0.09182098765432099 0.17078189300411523
0 0.23425711591220852 0.761469764517604 0.10802469135802469 0.1651234567901236
0 0.6701680919924553 0.005232148300563938 0.04205246913580262 0.09516460905349794
0 0.6018810549554183 0.01087534293552812 0.04205246913580246 0.07870370370370369
