0 0.46093230389280127 0.243877151799687 0.15096830985915502 0.35915492957746475
0 0.6035177645735523 0.6803887367414362 0.1219190140845071 0.24237089201877937
0 0.3262348395931143 0.7179300339071466 0.13028169014084506 0.22359154929577468
0 0.6189391994327074 0.2532554121022431 0.14568661971830996 0.34683098591549305
0 0.4512510392214397 0.7237871674491392 0.1536091549295775 0.2112676056338029
0 0.3671404293818466 0.24388149886976176 0.0906690140845071 0.36384976525821605
0 0.7311503570031299 0.6756890106068509 0.11003521126760553 0.23708920187793422
0 0.8130538438967136 0.003106524952182229 0.16373239436619716 0.18603286384976528
0 0.7668188820422533 0.25501434533124673 0.13468309859154948 0.34507042253521136
0 0.9093939505086073 0.26438119457485654 0.09066901408450702 0.32042253521126757
0 0.8530754841549296 0.6610133020344288 0.11883802816901405 0.23239436619718296
0 0.006264060054773083 0.7068216397148321 0.14700704225352113 0.2687793427230048
0 0.33503490561424104 0.005428947139627891 0.12632042253521128 0.159037558685446
0 0.48118978628716746 0.0025060858981046778 0.1668133802816902 0.17136150234741787
0 0.6581086781103287 0.007209072335246044 0.14128521126760551 0.1801643192488263
0 0.007122640356025041 0.27318998869761785 0.11575704225352114 0.32687793427230055
