0 0.5035129458161866 0.39109510745313214 0.058641975308641986 0.1604938271604939
0 0.5316773298182441 0.6997847126962353 0.05979938271604945 0.21193415637860086
0 0.441781335733882 0.35612997256515777 0.05401234567901238 0.17592592592592593
0 0.32489524391289437 0.7172591830513642 0.07137345679012345 0.19547325102880656
0 0.7481307334533608 0.4517656416704771 0.08603395061728397 0.12911522633744846
0 0.5652646497770919 0.4250400091449474 0.09220679012345682 0.154320987654321
0 0.390853802297668 0.004288599298887365 0.05169753086419754 0.18724279835390945
0 0.639687285665295 0.07109863206828226 0.03858024691358024 0.11985596707818931
0 0.21261065029149517 0.0017051516537113245 0.048225308641975315 0.1748971193415638
0 0.3850600673010974 0.36644280597469897 0.04205246913580246 0.20267489711934158
0 0.33260004072359395 0.0011955113549763756 0.05516975308641972 0.1800411522633745
0 0.48730040080589854 0.70235148986435 0.0459104938271604 0.206275720164609
0 0.6597827717764061 0.45022243179393384 0.08719135802469127 0.1291152263374485
0 0.00046403463648834017 0.5628924706599604 0.11265432098765432 0.14609053497942381
0 0.26859567901234566 0.399842821216278 0.11111111111111115 0.16358024691358017
0 0.9348446609224966 0.8102866369455876 0.06520061728395063 0.10956790123456783
0 0.08110800325788751 0.0007849413199207438 0.12885802469135801 0.29218106995884774
0 0.0012313528806584362 0.1396566834324036 0.10648148148148148 0.27366255144032925
0 0.13631312157064474 0.7197816643804299 0.17978395061728397 0.14197530864197525
0 0.2704858431927298 0.0017094383478128332 0.05516975308641976 0.17952674897119344
0 0.44684124228395056 0.002240988416399939 0.11805555555555555 0.19804526748971193
0 0.9116967806927299 0.5046986930345984 0.06558641975308635 0.07458847736625514
0 0.4016493055555555 0.7460381420515165 0.04166666666666675 0.16563786008230455
0 0.4487155992798354 0.7342140108215212 0.039351851851851825 0.17335390946502052
0 0.00046778549382716055 0.7177707285474775 0.11805555555555555 0.1923868312757202
0 0.686418413494513 0.724445111263527 0.10918209876543222 0.17849794238683123
0 0.596900720164609 0.7635145176040238 0.09259259259259255 0.1512345679012346
0 0.843807602451989 0.7779192386831276 0.08294753086419746 0.1527777777777778
0 0.7624083719135804 0.0032688424020728547 0.09027777777777778 0.1970164609053498
0 0.6875503686556927 0.004813481176649901 0.0725308641975308 0.19855967078189302
