0 0.6293142896947874 0.4039794810242341 0.10146604938271596 0.18672839506172847
0 0.5251787015603566 0.0007034941319920744 0.14621913580246912 0.2042181069958848
0 0.2558529449588477 0.05266870522786161 0.09490740740740738 0.21553497942386834
0 0.8812532150205761 0.3834281169029111 0.11574074074074063 0.2134773662551439
0 0.7647406014231825 0.40346269623533 0.11535493827160492 0.18415637860082307
0 0.12665600351508918 0.40291923868312757 0.1624228395061728 0.1527777777777778
0 0.49815645361796984 0.3638755525072398 0.12307098765432095 0.2078189300411523
0 0.41481695816186553 0.0294672115531169 0.11419753086419762 0.1579218106995885
0 0.10386284722222222 0.021822130772748055 0.11805555555555555 0.23456790123456792
0 0.0008541237997256516 0.40135840573083365 0.11882716049382716 0.13374485596707825
0 0.6555689514746228 0.699260783417162 0.13040123456790126 0.20164609053497937
0 0.690672421553498 0.0007582685566224661 0.12384259259259262 0.26337448559670784
0 0.817604648919753 0.047530864197530866 0.1284722222222222 0.22222222222222218
0 0.23310828189300412 0.6858591487578113 0.12037037037037039 0.17232510288065853
0 0.09538590963648834 0.6848398681603415 0.13348765432098766 0.1826131687242798
0 0.5151296189128943 0.6828213115378753 0.1199845679012346 0.22479423868312762
0 0.3592844435871057 0.6812509525986893 0.1473765432098765 0.19547325102880656
0 0.8276194380144034 0.7676211705532694 0.10532407407407397 0.14197530864197525
0 0.35459426440329217 0.0006853947568968145 0.06018518518518516 0.18467078189300412
0 0.3276242605452675 0.39982329294314894 0.11226851851851857 0.14248971193415635
