0 0.140136316872428 0.051015470202713 0.1296296296296296 0.09670781893004117
0 0.1389740869341564 0.16316967687852463 0.1226851851851852 0.11213991769547325
0 0.282511359739369 0.04177335771985978 0.14969135802469136 0.11522633744855966
0 0.273274873542524 0.16471288675506784 0.18248456790123457 0.11213991769547323
0 0.4488155328360768 0.04486120637098003 0.18325617283950618 0.11676954732510288
0 0.4765775034293553 0.17242322054564854 0.16049382716049382 0.1059670781893004
0 0.64865076303155 0.12771776406035665 0.16820987654320993 0.1574074074074074
0 0.14941191915294924 0.3236577884468831 0.15316358024691357 0.10596707818930043
0 0.15403913751714676 0.4363121094345374 0.14969135802469136 0.10596707818930037
0 0.163297593021262 0.5499966659045877 0.14853395061728392 0.1075102880658436
0 0.31068297753772295 0.45791276101204087 0.16126543209876543 0.10133744855967068
0 0.31761616941015086 0.5715958885840574 0.1450617283950617 0.10133744855967068
0 0.4966397676611797 0.3457714144185337 0.16126543209876548 0.09979423868312756
0 0.47427474494170097 0.45791276101204087 0.17785493827160484 0.10133744855967068
0 0.4708073452503429 0.5716101775643958 0.18479938271604945 0.11676954732510275
0 0.664852323388203 0.37970631382411213 0.1651234567901235 0.08281893004115227
0 0.6625340256344308 0.48107996113397344 0.16010802469135793 0.12191358024691354
0 0.6694712362825789 0.5983358100899253 0.14969135802469127 0.09156378600823048
0 0.9128394525891631 0.08718230833714373 0.0443672839506173 0.26800411522633744
0 0.8576696995027434 0.44102794924554184 0.0443672839506173 0.19907407407407407
0 0.9232732660322358 0.4472055517451608 0.06905864197530873 0.2042181069958848
0 0.808696362740055 0.7028582723670173 0.07831790123456778 0.19804526748971185
0 0.05566031164266118 0.8910474775186709 0.15084876543209877 0.10905349794238688
0 0.2041947980967078 0.810360939643347 0.15162037037037043 0.18981481481481483
0 0.3619697895233196 0.849419391098918 0.12538580246913586 0.15072016460905344
0 0.49431021733539093 0.8632825598231976 0.14004629629629634 0.12294238683127577
0 0.6497878086419753 0.8725403901844231 0.1388888888888888 0.12139917695473239
0 0.6428548846879287 0.732099718030788 0.15547839506172834 0.11213991769547323
0 0.4920029042352538 0.7649910455723212 0.15084876543209874 0.07921810699588476
