0 0.5872511038237311 0.796938824112178 0.08603395061728389 0.13837448559670784
0 0.6821480624142662 0.814923887364731 0.07098765432098769 0.11779835390946497
0 0.6875509044924554 0.272794734034446 0.07330246913580254 0.17386831275720163
0 0.2963356802983539 0.8102985444292028 0.05671296296296298 0.1224279835390946
0 0.7484996570644719 0.0006796791647614693 0.06172839506172841 0.17849794238683128
0 0.494271369170096 0.8103080704160951 0.084104938271605 0.13271604938271597
0 0.6073007758916323 0.545437052278616 0.06867283950617285 0.18312757201646085
0 0.5964924125514404 0.0006725346745922878 0.06018518518518516 0.17078189300411523
0 0.6725024648491084 0.0032493141289437586 0.07021604938271611 0.1759259259259259
0 0.7658655907064472 0.8108143766194178 0.0686728395061727 0.12397119341563788
0 0.5390097200788753 0.27535912970583754 0.06288580246913572 0.1656378600823045
0 0.38160472393689987 0.29079075217192496 0.06635802469135801 0.1651234567901235
0 0.22807195216049386 0.5335872008840116 0.09027777777777773 0.16306584362139925
0 0.277807516718107 0.28719135802469137 0.042824074074074084 0.16666666666666666
0 0.6867726015946503 0.5412822930955647 0.0636574074074073 0.14043209876543206
0 0.3229761445473251 0.534604576284103 0.08564814814814817 0.15072016460905355
0 0.4205884559327846 0.535649577046182 0.09182098765432103 0.16820987654320985
0 0.12891857424554182 0.5284393575674441 0.08719135802469134 0.1589506172839505
0 0.16091419110082303 0.2918257506477671 0.04976851851851851 0.17181069958847736
0 0.4618476187414266 0.28512802926383174 0.060570987654321035 0.16049382716049382
0 0.7531327696330591 0.5402568206066147 0.06674382716049365 0.14403292181069957
0 0.6065342614026064 0.2717573540618808 0.07600308641975309 0.16460905349794244
0 0.32295229981138546 0.2841154168571864 0.05131172839506175 0.1779835390946502
0 0.5328443822873801 0.5480090687395214 0.07368827160493825 0.18312757201646096
0 0.09880588777434841 0.3031321444901692 0.05825617283950617 0.16049382716049382
0 0.8152458954903979 0.000678250266727633 0.06520061728395063 0.1769547325102881
0 0.3071633337620027 0.22381639612863893 0.09297839506172842 0.05504115226337447
0 0.10848149219821673 0.0006406226185032769 0.10223765432098764 0.13631687242798354
0 0.8279894332990398 0.5335852956866332 0.08256172839506175 0.16100823045267493
0 0.8415040402091907 0.2753605586038714 0.09915123456790127 0.1671810699588477
0 0.44061294367283954 0.8169929317177259 0.03819444444444445 0.13014403292181068
0 0.2261260609567901 0.8031073769242494 0.06597222222222222 0.1337448559670782
0 0.1516543960048011 0.82778730376467 0.04899691358024692 0.12139917695473249
0 0.3920058513374486 0.8293376581313824 0.04398148148148143 0.12911522633744857
0 0.21727001886145406 0.008357624599908551 0.0910493827160494 0.13734567901234565
0 0.31487322102194787 0.0022005029721079102 0.08410493827160492 0.15432098765432098
0 0.5247277949245541 0.002211457857033989 0.052469135802469126 0.16615226337448558
0 0.8870008680555556 0.000678250266727633 0.059027777777777776 0.1769547325102881
0 0.21840063443072705 0.2851389841487578 0.052469135802469126 0.17232510288065847
0 0.13590722522290807 0.22741960067062947 0.1508487654320988 0.057613168724279844
0 0.8422335819615913 0.8087567634506935 0.038580246913580314 0.12397119341563778
