0 0.576713798415493 0.35218494609633105 0.1861795774647888 0.0780516431924883
0 0.12728445324726134 0.4718951051990958 0.12059859154929574 0.06924882629107987
0 0.5674424149061033 0.5945650756390194 0.14524647887323938 0.0880281690140845
0 0.37202140796165883 0.5634552686489307 0.14744718309859164 0.08098591549295775
0 0.17922474080594675 0.7946536471917928 0.12588028169014084 0.056924882629108026
0 0.2509521102308295 0.29176556251086766 0.10343309859154926 0.10680751173708919
0 0.1801374217527386 0.08045176925752041 0.17253521126760565 0.05692488262910801
0 0.5656757384585289 0.4906739045383412 0.13644366197183103 0.06866197183098595
0 0.13520515453834114 0.5681794470526864 0.11795774647887322 0.11267605633802831
0 0.4793754279147105 0.29293818466353677 0.08934859154929574 0.10563380281690139
0 0.5960271175665102 0.28937304381846635 0.11003521126760568 0.058098591549295815
0 0.6726122359154929 0.8040308207268301 0.11091549295774657 0.04342723004694838
0 0.010210961952269173 0.08045557294383585 0.12632042253521128 0.06103286384976526
0 0.15856012812989045 0.8639008433315946 0.15757042253521125 0.055164319248826206
0 0.9049784820031299 0.6086772952529995 0.07042253521126757 0.11795774647887325
0 0.2826015991784037 0.548253021213702 0.04489436619718311 0.1414319248826291
0 0.8337398523082942 0.018312576073726307 0.16285211267605634 0.12969483568075116
0 0.816971403071205 0.8574519648756739 0.10079225352112675 0.06220657276995296
0 0.3772661140453834 0.28296872283081204 0.09419014084507048 0.11326291079812213
0 0.9327067439358373 0.3181810772039645 0.0695422535211266 0.11443661971830991
0 0.3451508093701095 0.7817330681620587 0.11575704225352111 0.04636150234741794
0 0.813016859839593 0.30000434707007484 0.11047535211267609 0.1314553990610328
0 0.7852846244131456 0.5047888410711181 0.1056338028169015 0.10152582159624404
0 0.7738498263888889 0.6274490306033733 0.11839788732394364 0.10974178403755865
0 0.967012054968701 0.823463310728569 0.03257042253521136 0.11502347417840379
0 0.33944395539906097 0.8521648408972352 0.1373239436619719 0.056338028169014155
0 0.4820767923513302 0.8034792862110937 0.17649647887323938 0.08157276995305161
0 0.6756996405516433 0.8504075378195097 0.12015845070422541 0.05985915492957737
0 0.07310097564553991 0.8352281125021735 0.05413732394366199 0.14495305164319253
0 0.15506651017214396 0.002390345157363937 0.19718309859154928 0.04636150234741784
0 0.006257641334115806 0.00475841158059468 0.13776408450704225 0.06866197183098592
0 0.47899152728873234 0.9002939706138062 0.17033450704225359 0.06396713615023478
0 0.6576880990805947 0.9401913797600417 0.1694542253521128 0.05457746478873244
0 0.13829408744131458 0.9214218179447053 0.1294014084507042 0.06514084507042252
0 0.0035633069248826293 0.8252689749608764 0.06073943661971831 0.16373239436619733
0 0.009288805751173709 0.6197884063641105 0.06602112676056336 0.07570422535211281
0 0.4693041495500782 0.9753749347939489 0.16417253521126757 0.024647887323943594
