0 0.31140582133058986 0.7995684727937814 0.09104938271604937 0.20061728395061726
0 0.3090853802297668 0.1854219059594574 0.08294753086419754 0.25565843621399176
0 0.6667047110768176 0.2034107796067673 0.054783950617283965 0.2391975308641975
0 0.3978234310699589 0.1823402491998171 0.08796296296296294 0.2608024691358025
0 0.5895541302297668 0.18953617969821673 0.06905864197530866 0.25462962962962965
0 0.19718980409807954 0.4755439338515471 0.06442901234567905 0.2541152263374485
0 0.5054529428155006 0.17308622923334857 0.07445987654321 0.2664609053497943
0 0.07682023748285322 0.18541476146928823 0.06558641975308643 0.2479423868312757
0 0.06833526234567901 0.4801564167047706 0.06944444444444445 0.23559670781893005
0 0.1914027670610425 0.18233119951226948 0.06442901234567901 0.2510288065843621
0 0.3129361711248285 0.525399138850785 0.07253086419753087 0.2088477366255144
0 0.25929248113854597 0.17924477975918304 0.04783950617283948 0.25102880658436216
0 0.6690390839334706 0.5316053193110805 0.08294753086419754 0.2448559670781894
0 0.14278147505144032 0.47706761545496107 0.04976851851851853 0.23302469135802475
0 0.00621141975308642 0.1838744093888127 0.05555555555555555 0.2510288065843621
0 0.45837646819272976 0.5670496113397347 0.062114197530864126 0.191358024691358
0 0.181762795781893 0.0036898910227099527 0.07175925925925924 0.09619341563786009
0 0.39008862740054867 0.565499733272367 0.060956790123456825 0.18415637860082307
0 0.0050550840192043894 0.48325093354671533 0.05709876543209877 0.24434156378600835
0 0.8060102130486969 0.0006053764670019814 0.0991512345679011 0.09825102880658435
0 0.26662781850137174 0.002150015241579028 0.05516975308641976 0.09979423868312756
0 0.7176534100651577 0.19878924706599604 0.0875771604938273 0.2479423868312757
0 0.8121621549211249 0.19879353376009756 0.06905864197530857 0.2525720164609053
0 0.9302067258230453 0.23630591754305746 0.05324074074074064 0.2103909465020576
0 0.8966453939471879 0.554731081390032 0.05825617283950619 0.22067901234567916
0 0.8869882758916323 0.2424744703551288 0.04089506172839508 0.20576131687242794
0 0.797127914951989 0.577854938271605 0.08641975308641968 0.19444444444444445
0 0.9548927254801097 0.5454842059137326 0.04552469135802476 0.2340534979423869
0 0.7164938593106995 0.004715363511659808 0.08449074074074063 0.09259259259259259
0 0.19102794924554184 0.79443158436214 0.08024691358024691 0.20833333333333334
0 0.5814619234396433 0.8088296372504191 0.08294753086419754 0.20267489711934147
0 0.41132383830589847 0.8026434613625971 0.08410493827160492 0.18827160493827164
0 0.49543011616941013 0.8057303574150282 0.08603395061728397 0.1887860082304527
0 0.09381215706447187 0.7872342249657065 0.0895061728395062 0.21296296296296285
0 0.5394065072016461 0.5470083638164913 0.07870370370370373 0.21347736625514402
0 0.27472404406721534 0.7964849108367626 0.047067901234567895 0.2037037037037037
0 0.6119151341735254 0.5362154206675811 0.04668209876543206 0.2237654320987654
0 0.6690404235253773 0.8226928059746991 0.08487654320987643 0.1748971193415637
0 0.8422587662894375 0.8334881306203322 0.07484567901234572 0.16718106995884782
0 0.7531383959190673 0.828855643194635 0.07484567901234555 0.16409465020576128
0 0.9263631687242799 0.8339920553269319 0.07407407407407413 0.15586419753086422
0 0.7423211912722909 0.5331375743026977 0.05362654320987651 0.23302469135802464
0 0.0004133980624142661 0.003182155921353452 0.03973765432098765 0.10339506172839506
0 0.05289030349794239 0.0006125209571711629 0.05092592592592593 0.10596707818930041
0 0.1254166130829904 0.0036917962200884013 0.04436728395061728 0.09825102880658436
0 0.3295321073388203 0.0036889384240207284 0.08179012345679008 0.09516460905349794
0 0.4182688185871057 0.003680365035817711 0.0848765432098765 0.08590534979423868
0 0.5089152520576131 0.0005982319768327999 0.06018518518518524 0.0905349794238683
0 0.577205236196845 0.005225003810394757 0.06442901234567905 0.0874485596707819
0 0.6474215534979424 0.003681793933851547 0.06481481481481484 0.0874485596707819
0 0.9163296253429354 0.0036889384240207284 0.0702160493827162 0.09516460905349794
0 0.14586012517146776 0.1910693872885231 0.03858024691358024 0.2438271604938272
0 0.2673887067043896 0.484776520347508 0.03973765432098762 0.22530864197530867
0 0.0004308127572016461 0.7769447302240512 0.06481481481481481 0.2114197530864197
