0 0.3831589184670782 0.424528463648834 0.08217592592592596 0.15740740740740747
0 0.13432329175240057 0.20539456637707665 0.09220679012345681 0.15946502057613166
0 0.1327889231824417 0.6071459190672154 0.10493827160493828 0.16203703703703703
0 0.14898137431412894 0.7877110006096631 0.08873456790123459 0.17232510288065853
0 0.2566291045096022 0.8036665523548239 0.10146604938271603 0.18209876543209874
0 0.375838852451989 0.20028911370217956 0.09683641975308643 0.20113168724279834
0 0.5787508573388204 0.2208271414418534 0.06790123456790119 0.15997942386831274
0 0.5640930426954733 0.6338886983691511 0.07175925925925929 0.15534979423868306
0 0.7295956039951991 0.6344135802469135 0.062114197530864126 0.16666666666666666
0 0.6485851230281207 0.628230738454504 0.07368827160493834 0.15586419753086422
0 0.6651684670781892 0.22288189681450998 0.06481481481481484 0.15689300411522636
0 0.5012042931241427 0.221331066148453 0.0675154320987654 0.14866255144032922
0 0.49194690929355284 0.6292409693644262 0.07021604938271603 0.13580246913580243
0 0.5019705396947873 0.42451846136259713 0.05979938271604945 0.14660493827160492
0 0.6647829325274348 0.03717468754762994 0.06520061728395063 0.1486625514403292
0 0.7361555855624142 0.04488787913427831 0.06404320987654318 0.14557613168724282
0 0.2508404599622771 0.4188776482243561 0.09915123456790123 0.1656378600823045
0 0.5787460348079562 0.42400358177107145 0.06095679012345675 0.14609053497942387
0 0.019746924296982167 0.19718459457399787 0.10223765432098764 0.18158436213991772
0 0.6624657064471879 0.4204237158969669 0.06172839506172841 0.1687242798353909
0 0.5810621892146777 0.02895852385307118 0.06288580246913579 0.16409465020576133
0 0.13124437371399178 0.4065405426002134 0.10300925925925927 0.1748971193415637
0 0.735003000685871 0.4337939147995732 0.07098765432098778 0.16409465020576133
0 0.2489151984739369 0.6097241274196007 0.1045524691358025 0.168724279835391
0 0.3634977280521262 0.6153882792257278 0.10339506172839508 0.1748971193415637
0 0.1300901813271605 0.006328589391860996 0.1076388888888889 0.1682098765432099
0 0.010880433384773663 0.3998537761012041 0.11226851851851853 0.17541152263374482
0 0.264728545096022 0.016082247370827616 0.09799382716049378 0.14660493827160495
0 0.009323291752400549 0.002717287761012041 0.09220679012345678 0.15689300411522636
0 0.24198361411179697 0.19462210409998473 0.12307098765432099 0.19187242798353904
0 0.8005856695816187 0.6261774119798811 0.06558641975308635 0.16049382716049387
0 0.8225667652606309 0.24190624523700657 0.05169753086419762 0.14763374485596703
0 0.7430957433127573 0.2326660379515318 0.057870370370370315 0.16820987654320993
0 0.8102299275548698 0.050040009144947425 0.06442901234567905 0.15432098765432098
0 0.8769683963477367 0.6272038370675203 0.056712962962963014 0.15792181069958847
0 0.8908631794410152 0.25167657369303464 0.06520061728395048 0.14403292181069957
0 0.8129275977366255 0.4312157064471879 0.06018518518518524 0.1574074074074074
0 0.887385598851166 0.4373866407559823 0.05748456790123445 0.15534979423868311
0 0.9502703296467765 0.6282269280597471 0.05594135802469127 0.15174897119341554
0 0.8804497277949246 0.056724394147233646 0.06983024691358032 0.15123456790123455
0 0.6451013803155007 0.8139193720469441 0.05709876543209873 0.14403292181069946
0 0.5679419581618655 0.8154692501143118 0.05864197530864206 0.1512345679012346
0 0.7268947187928669 0.8257577922572779 0.06172839506172825 0.15174897119341577
0 0.4907897698045268 0.8206199512269472 0.07060185185185175 0.1584362139917694
0 0.018591928155006855 0.5932741769547325 0.10570987654320987 0.18055555555555555
0 0.797486657664609 0.8164913885078493 0.04745370370370381 0.14403292181069957
0 0.8731168016975308 0.8103252171925012 0.06597222222222222 0.1512345679012347
0 0.9479485489540467 0.8211181603414114 0.045910493827160476 0.14094650205761322
0 0.36812816143689986 0.8067501143118426 0.10455246913580246 0.17901234567901228
0 0.0359466092249657 0.7753667504953514 0.09645061728395063 0.17386831275720158
0 0.3773809906550069 0.023292466849565614 0.09529320987654318 0.15586419753086417
