0 0.6346946266289437 0.5443353718945283 0.07137345679012341 0.10442386831275714
0 0.9170811364026064 0.527950674439872 0.04128086419753079 0.18672839506172836
0 0.9595188721707818 0.1781535779606767 0.04050925925925936 0.18364197530864196
0 0.2523718814300412 0.8226923296753544 0.08217592592592592 0.17438271604938274
0 0.5027383937757202 0.4148186252095717 0.054398148148148175 0.22633744855967075
0 0.4900350437242798 0.05016575217192501 0.09490740740740745 0.2901234567901234
0 0.12660509902263375 0.04449731367169639 0.08912037037037036 0.279320987654321
0 0.5895680619855966 0.06250381039475691 0.08912037037037047 0.2818930041152263
0 0.2851629479595337 0.39172477518670934 0.07908950617283948 0.2849794238683129
0 0.6802222650891633 0.11492722146014328 0.0756172839506173 0.2325102880658436
0 0.10190704303840878 0.4194796905959457 0.0794753086419753 0.2602880658436213
0 0.3171837491426612 0.06505868007925622 0.0779320987654321 0.2633744855967078
0 0.40553787294238686 0.05941215134887975 0.0856481481481481 0.2762345679012346
0 0.4305992262517147 0.426170267489712 0.06288580246913579 0.2638888888888889
0 0.045577739197530866 0.05117550678250266 0.07638888888888888 0.26954732510288065
0 0.8357011959876542 0.4904397195549459 0.07638888888888905 0.23045267489711926
0 0.5737311385459534 0.42566967687852464 0.06172839506172841 0.2788065843621399
0 0.8568932720336078 0.19356329065691205 0.03742283950617286 0.15946502057613166
0 0.04131703317901235 0.43488273510135655 0.052083333333333315 0.22890946502057608
0 0.19951399605624143 0.40349746608748666 0.07793209876543207 0.22170781893004116
0 0.7307623885459533 0.4611268289894833 0.0756172839506173 0.2391975308641975
0 0.7592989111796983 0.14678926611796983 0.057098765432098575 0.19907407407407404
0 0.8549720293209876 0.42649081694863583 0.04861111111111111 0.05452674897119344
0 0.8156105324074074 0.17095050297210793 0.034722222222222064 0.18209876543209874
0 0.9325049296982167 0.1868893842402073 0.02932098765432095 0.17386831275720166
0 0.9000993977194788 0.18585581466239903 0.03202160493827159 0.16872427983539096
0 0.10460042652606312 0.7851770880963268 0.06905864197530863 0.2134773662551439
0 0.598045267489712 0.809333085657674 0.07407407407407404 0.19084362139917704
0 0.027830289780521263 0.7486854138088707 0.07561728395061729 0.24691358024691354
0 0.17366523062414266 0.7975127648224356 0.0779320987654321 0.20267489711934158
0 0.5054639274691358 0.7975113359244017 0.09027777777777778 0.2011316872427983
0 0.33220271776406035 0.8386264479500076 0.03858024691358028 0.16100823045267482
0 0.6474135159465021 0.44144756896814513 0.053240740740740713 0.09670781893004111
0 0.8654120048868312 0.7841401844231063 0.08217592592592587 0.20473251028806583
0 0.7809185849622773 0.7620270347508001 0.07831790123456778 0.2114197530864197
0 0.9498767575445817 0.7934075407712239 0.044753086419753015 0.21347736625514424
