0 0.7795695178012519 0.000712376108502869 0.11531690140845083 0.13556338028169013
0 0.06433881064162754 0.2126619283602852 0.11267605633802816 0.23826291079812206
0 0.3570398082942098 0.6350982437836897 0.12323943661971831 0.13145539906103287
0 0.48335809125586854 0.6321558207268301 0.12015845070422533 0.12265258215962442
0 0.6145206743935837 0.622775930272996 0.12103873239436606 0.1332159624413146
0 0.7562463321596246 0.6304121022430882 0.12147887323943662 0.14084507042253513
0 0.49657301447574337 0.2389845244305338 0.13556338028169013 0.14553990610328646
0 0.6400537338615024 0.24425752043122934 0.12808098591549288 0.136150234741784
0 0.2249996943466354 0.6474189271431056 0.12632042253521128 0.12793427230046936
0 0.7685501026995305 0.384514649626152 0.09242957746478879 0.13497652582159628
0 0.3552899427816902 0.3903886280646844 0.13864436619718304 0.14084507042253516
0 0.49745604704616586 0.3915639671361502 0.1395246478873239 0.14260563380281693
0 0.19552615170187793 0.22608024691358025 0.14920774647887328 0.15258215962441313
0 0.6369727479460093 0.38804338375934627 0.12808098591549297 0.1431924882629107
0 0.34737107541079815 0.23664525734654845 0.14392605633802819 0.1543427230046948
0 0.20696645148669796 0.39097765605981566 0.14436619718309862 0.14319248826291087
0 0.8825251858372457 0.40093027299600065 0.0616197183098592 0.11737089201877927
0 0.009811473004694834 0.5283711528429839 0.18485915492957747 0.21830985915492965
0 0.646656457844288 0.002455551208485481 0.1289612676056337 0.11678403755868545
0 0.8578760758998436 0.7689059511389325 0.05985915492957743 0.13673708920187783
0 0.61803935592723 0.7765345157363938 0.11751760563380269 0.13615023474178395
0 0.2025570960485133 0.8000141279777431 0.13292253521126765 0.14201877934272297
0 0.7408328442879498 0.7771023517649105 0.10915492957746488 0.11561032863849756
0 0.4754361673513302 0.7700704225352113 0.12103873239436615 0.1267605633802816
0 0.3416422143974961 0.7747706920535558 0.1338028169014085 0.13262910798122074
0 0.003207832061815336 0.9308152929925231 0.18265845070422534 0.06924882629107972
0 0.0023303012519561815 0.8029228612415232 0.18661971830985916 0.11443661971830991
0 0.9001308196400626 0.0030646844027125714 0.0616197183098592 0.1408450704225352
0 0.5058135269953051 0.0006917275256477136 0.13204225352112675 0.11326291079812208
0 0.36672901995305174 0.003614045383411581 0.13204225352112667 0.10035211267605634
0 0.20740567537167445 0.0018475047817770823 0.14304577464788734 0.09389671361502348
0 0.041478689847417836 0.0006683620239958268 0.1518485915492958 0.0880281690140845
0 0.00048354362284820033 0.21676501912710833 0.0625 0.23298122065727697
0 0.8851492199726135 0.6368533733263779 0.03741197183098595 0.125586854460094
