0 0.47226616083676265 0.5855104976375552 0.06327160493827166 0.12911522633744857
0 0.5532937885802469 0.6045215096784027 0.07638888888888896 0.10545267489711947
0 0.6721139831961591 0.04594716887669563 0.06635802469135793 0.17849794238683128
0 0.5803034443587105 0.059317844078646556 0.08140432098765428 0.17438271604938269
0 0.24967421124828534 0.03874599908550526 0.08641975308641976 0.17901234567901236
0 0.3495857981824417 0.06134973708276178 0.07021604938271607 0.14660493827160492
0 0.5027512538580247 0.06702198597774729 0.07291666666666667 0.16152263374485595
0 0.4329118977194787 0.07112578113092516 0.05979938271604945 0.1491769547325103
0 0.1778927147633745 0.04133135192805975 0.05439814814814813 0.19341563786008228
0 0.13120177469135802 0.03205780368846212 0.041666666666666664 0.1779835390946502
0 0.3044434263545953 0.6040218716659046 0.0652006172839506 0.12139917695473249
0 0.057526899005486964 0.023828303612254232 0.06095679012345678 0.17901234567901234
0 0.7562376757544582 0.0644566377076665 0.09336419753086428 0.16872427983539096
0 0.4298161008230453 0.8277496761164457 0.04629629629629627 0.08076131687242794
0 0.6204266332304526 0.8765822664228013 0.08101851851851849 0.04218106995884783
0 0.38353534379286686 0.5942539247065995 0.06867283950617285 0.1275720164609053
0 0.3831262324245541 0.8262102766346595 0.0351080246913581 0.0848765432098765
0 0.4791947980967078 0.8262055136412133 0.040509259259259287 0.07973251028806581
0 0.5324347350823045 0.840083447645176 0.039351851851851825 0.06790123456790127
0 0.31716204775377227 0.8431660570035056 0.046682098765432105 0.0637860082304527
0 0.22651293509945133 0.5988692653558908 0.0675154320987654 0.11213991769547334
0 0.06297930598422496 0.5793386107300716 0.13464506172839508 0.13014403292181068
0 0.7149214463305898 0.8745298925468679 0.0424382716049381 0.04783950617283947
0 0.7569849001200274 0.871441567596403 0.05825617283950619 0.04578189300411524
0 0.6470628107853224 0.5855114502362445 0.10378086419753087 0.1301440329218108
0 0.7654867541152263 0.591678574150282 0.07870370370370365 0.12397119341563788
0 0.8055997620884774 0.35661532159731746 0.0636574074074073 0.14454732510288068
0 0.6771637088477367 0.34682927526291724 0.1157407407407408 0.1311728395061728
0 0.5991938335905349 0.3812666704770614 0.0613425925925927 0.10133744855967074
0 0.47499249828532236 0.3725165752171925 0.10030864197530866 0.095679012345679
0 0.358487118484225 0.37970917162017986 0.11033950617283952 0.08590534979423868
0 0.17214613340192042 0.3869074836153026 0.11265432098765432 0.08230452674897117
0 0.0710393625685871 0.3591463763145862 0.07445987654320989 0.10030864197530867
0 0.1883393882887517 0.31485577655845143 0.09760802469135801 0.04423868312757201
0 0.2951860425240055 0.31743779530559363 0.06790123456790119 0.0550411522633745
0 0.5028059092078189 0.31486816034141135 0.1516203703703704 0.057613168724279844
0 0.08569664137517148 0.8025572511812223 0.06983024691358024 0.09516460905349788
0 0.17675620498971195 0.8046220088401158 0.08449074074074076 0.10288065843621408
0 0.2693123606824417 0.8061718869074835 0.03202160493827163 0.110082304526749
