0 0.28263674931533644 0.0048632846461484965 0.09551056338028173 0.181924882629108
0 0.2281381430946792 0.4819167318727178 0.20906690140845072 0.11795774647887335
0 0.22022355487089204 0.32113002086593634 0.2205105633802817 0.1302816901408451
0 0.751008961756651 0.341200986784907 0.185299295774648 0.2576291079812206
0 0.5757378472222221 0.0007759520083463746 0.04841549295774649 0.20422535211267603
0 0.24045261150234742 0.6034064727873414 0.1954225352112676 0.12969483568075116
0 0.5067586071987481 0.7167753434185359 0.22535211267605634 0.24413145539906098
0 0.20252072329812204 0.0007618240306033734 0.08054577464788733 0.18896713615023472
0 0.08898700361893584 0.0037020735524256653 0.1131161971830986 0.19542253521126762
0 0.09031904098200313 0.6099531603199443 0.12984154929577466 0.22828638497652587
0 0.0026680482198748042 0.003130977221352808 0.03917253521126761 0.2124413145539906
0 0.8882739143192488 0.006662428273343767 0.10035211267605636 0.22359154929577463
0 0.5168497530320814 0.33295676838810645 0.17913732394366197 0.227112676056338
0 0.7364445789319248 0.0007966005912015302 0.12808098591549297 0.22652582159624415
0 0.2246203785211268 0.8205268648930621 0.21390845070422537 0.1126760563380281
0 0.7563181607003131 0.7062304381846636 0.22491197183098596 0.2640845070422534
0 0.03700728677621283 0.010741610154755695 0.051056338028169 0.1924882629107981
0 0.6321079689945227 0.0019610719874804386 0.0946302816901408 0.21654929577464788
0 0.008000171165884194 0.3358964745261694 0.11179577464788731 0.23298122065727692
0 0.13209941070031297 0.30888595461658847 0.08230633802816902 0.21654929577464777
0 0.0031390600547730827 0.614146452790819 0.08362676056338028 0.32042253521126757
