0 0.4337092228223594 0.39311699817101053 0.09683641975308643 0.12191358024691354
0 0.12276582861796984 0.11843754762993447 0.11612654320987655 0.13477366255144038
0 0.33378022119341566 0.5715939833866789 0.08796296296296302 0.09927983539094645
0 0.23616871356310015 0.5721055288827922 0.08294753086419754 0.0961934156378601
0 0.7138334297839506 0.33700798277701566 0.1423611111111111 0.07973251028806587
0 0.3345606674382716 0.6842392546867855 0.1006944444444444 0.08950617283950624
0 0.6301062564300411 0.15033055174516083 0.13078703703703715 0.13477366255144033
0 0.23848433213305897 0.43941472336534065 0.08410493827160496 0.12345679012345682
0 0.33878761574074073 0.38951903292181067 0.07638888888888892 0.125
0 0.5282243977194787 0.1472250800182899 0.08757716049382715 0.11419753086419748
0 0.6281665273491084 0.569559232586496 0.115354938271605 0.12397119341563788
0 0.7465835048010974 0.05153320759030636 0.08024691358024698 0.10030864197530864
0 0.2920806005658436 0.12357491236092057 0.040509259259259245 0.1275720164609054
0 0.45066952803497945 0.13334285932022558 0.07523148148148151 0.12139917695473251
0 0.00045840835048010977 0.0006068053650358177 0.10455246913580248 0.09979423868312756
0 0.5343961655521262 0.03455647005029722 0.08603395061728389 0.09876543209876543
0 0.6011582111625513 0.3390494017680232 0.11226851851851857 0.06224279835390942
0 0.620833065414952 0.030968983386678858 0.11072530864197548 0.1131687242798354
0 0.26664737654320986 0.014487120865721688 0.08333333333333337 0.0905349794238683
0 0.6196641375171469 0.42445511354976373 0.09413580246913579 0.0781893004115226
0 0.03710615997942387 0.38128810394756896 0.09953703703703702 0.12448559670781889
0 0.7821126971879286 0.6076217421124828 0.13117283950617287 0.12037037037037036
0 0.7385207690329219 0.4317001028806584 0.13657407407407413 0.125
0 0.7674605088305899 0.15856290961743638 0.14313271604938269 0.13683127572016462
0 0.9174929269547325 0.16523729233348577 0.0787037037037038 0.12294238683127574
0 0.8403187692901235 0.06592887898186252 0.059027777777777776 0.0920781893004115
0 0.8627277306241427 0.3472893804298125 0.10570987654321 0.07253086419753085
0 0.635500257201646 0.7439143232738912 0.12037037037037047 0.09413580246913576
0 0.23578612611454047 0.7948321521109586 0.08757716049382715 0.08539094650205767
0 0.3276119362997256 0.7871122923334859 0.09452160493827158 0.08127572016460899
0 0.22923418209876545 0.6847598498704467 0.09722222222222222 0.0961934156378601
0 0.12428948045267489 0.6811580742264899 0.08796296296296295 0.095164609053498
0 0.02360226980452675 0.6785970126505105 0.09837962962962962 0.10699588477366265
0 0.1308526770404664 0.7881558641975308 0.09452160493827161 0.09722222222222222
0 0.4340931498628258 0.6780749885688158 0.09413580246913579 0.0987654320987654
0 0.5374785665294924 0.6775624904740131 0.08024691358024698 0.10082304526748984
0 0.026692172496570646 0.7948331047096479 0.10339506172839506 0.08641975308641989
0 0.7882766953875172 0.7526487006553879 0.11844135802469127 0.08281893004115227
0 0.10849408436213993 0.003712753391251334 0.12037037037037038 0.12088477366255146
0 0.0062470528978052125 0.11534684118274653 0.10686728395061729 0.13014403292181068
0 0.43409154235253766 0.020158417162017984 0.09182098765432103 0.10442386831275723
0 0.34111957733196163 0.12152682517908854 0.10108024691358028 0.13786008230452676
0 0.9128686556927297 0.05514165142508764 0.08641975308641985 0.10853909465020578
0 0.136629265260631 0.40904159045877153 0.0794753086419753 0.09825102880658444
0 0.03477500214334705 0.5227313862216125 0.07600308641975309 0.10545267489711947
0 0.11426906507201645 0.5423044314891022 0.10300925925925927 0.13323045267489714
0 0.5409507887517147 0.41212943910989175 0.08024691358024691 0.09979423868312762
0 0.4487506965877915 0.569538275415333 0.0898919753086419 0.10133744855967079
0 0.5397872192215363 0.5119112940100594 0.07137345679012357 0.08641975308641968
0 0.5305421596364883 0.7871170553269319 0.09182098765432095 0.08641975308641968
0 0.43408698774005483 0.7824902834933699 0.08526234567901238 0.08950617283950614
0 0.8993717313957476 0.5057441700960219 0.09529320987654318 0.09259259259259259
0 0.930989315414952 0.7557494093888126 0.06905864197530857 0.09825102880658444
0 0.3565256880144032 0.01398414875781131 0.06365740740740745 0.10288065843621398
