0 0.011112639377934273 0.010711180664232307 0.15713028169014084 0.15962441314553993
0 0.17929198454616588 0.008952247435228657 0.22271126760563378 0.16138497652582162
0 0.40641230193661976 0.004853503738480265 0.2337147887323944 0.17136150234741784
0 0.6559571840766824 0.001924665275604243 0.21214788732394366 0.1772300469483568
0 0.005808025234741785 0.3101433446357155 0.12411971830985917 0.30692488262910805
0 0.13301667644757434 0.310150408624587 0.13556338028169013 0.3145539906103287
0 0.2751852259389671 0.3072177664753956 0.1399647887323944 0.31631455399061026
0 0.42087123435054774 0.30721178925404286 0.13908450704225359 0.3098591549295775
0 0.564344312402191 0.3030913102069205 0.12059859154929574 0.29636150234741776
0 0.7131097784624413 0.27724471830985914 0.11751760563380284 0.2693661971830986
0 0.9063132702464789 0.2937130499043645 0.09110915492957743 0.30868544600938963
0 0.8429033401799687 0.28016812293514176 0.04841549295774649 0.25762910798122063
0 0.2721063795970266 0.7619348808902799 0.14304577464788734 0.2136150234741785
0 0.004467123924100157 0.758422448269866 0.09463028169014086 0.22300469483568083
0 0.4503417204616588 0.7032619327073553 0.11179577464788737 0.22711267605633792
0 0.5700636981611893 0.7032657363936707 0.11707746478873243 0.2312206572769953
0 0.8081887592918624 0.7091321074595722 0.12984154929577457 0.22887323943661983
