0 0.002744020061728395 0.14109510745313217 0.0625 0.16049382716049382
0 0.13586944873113854 0.14268166057003506 0.09645061728395063 0.20730452674897118
0 0.24466413751714677 0.14423201493674745 0.09413580246913579 0.21502057613168724
0 0.3908880958504801 0.14735034674592287 0.10108024691358032 0.24948559670781895
0 0.5112584662208505 0.1535079446730681 0.10108024691358024 0.23302469135802464
0 0.6169798632544582 0.16689814814814816 0.11766975308641976 0.25
0 0.7381188914609054 0.17615264441396128 0.11342592592592587 0.24485596707818932
0 0.853843289180384 0.24083885840573083 0.08989197530864207 0.10596707818930043
0 0.9413958011831274 0.23829018061271148 0.05439814814814825 0.13117283950617287
0 0.12893438143004113 0.5027106195701875 0.10995370370370373 0.14969135802469144
0 0.24120450745884775 0.5027134773662552 0.11226851851851853 0.1527777777777778
0 0.3650256665809328 0.5027120484682213 0.08140432098765436 0.1512345679012346
0 0.48384934413580244 0.5027025224813291 0.07638888888888896 0.14094650205761322
0 0.5907123413923182 0.5027191929583904 0.07021604938271611 0.15895061728395068
0 0.7245882094478738 0.4955213572626124 0.0736882716049381 0.16306584362139914
0 0.8515292781207132 0.4527954008535284 0.09104938271604937 0.13014403292181073
0 0.9413987482853222 0.44662017985063257 0.05864197530864206 0.12757201646090535
0 0.13669088648834019 0.8462972488949855 0.1682098765432099 0.11213991769547323
0 0.30720030649862823 0.8416742874561804 0.14621913580246912 0.11934156378600826
0 0.453394257973251 0.8298501562261851 0.10995370370370373 0.12705761316872424
0 0.576073816872428 0.8611968449931413 0.10185185185185183 0.09259259259259259
0 0.6779361175411522 0.8884335467154397 0.1168981481481481 0.06378600823045259
