0 0.1215442830594679 0.23686043731524953 0.09419014084507041 0.38673708920187794
0 0.3613993422339593 0.2033358328986263 0.06294014084507041 0.306924882629108
0 0.2218954787754304 0.22220374717440447 0.09286971830985916 0.4025821596244131
0 0.42698399598982784 0.20626086767518692 0.06822183098591547 0.2969483568075117
0 0.2867080521322379 0.7149446835332987 0.25396126760563376 0.1684272300469483
0 0.5000391236306729 0.20448508954964356 0.05633802816901413 0.2805164319248826
0 0.016356122848200313 0.23979742653451575 0.10211267605633804 0.38967136150234744
0 0.8557102161580594 0.5387959702660406 0.11003521126760568 0.06866197183098606
0 0.6048546923904539 0.39750260824204486 0.1456866197183098 0.2183098591549296
0 0.8891615316901408 0.23187434793948877 0.11091549295774648 0.07218309859154932
0 0.8632020857785604 0.4319862849939141 0.12367957746478864 0.06631455399061026
0 0.8764035602503911 0.3386758824552251 0.119718309859155 0.06572769953051644
0 0.9001497701486697 0.12388225960702486 0.08890845070422526 0.06044600938967135
0 0.7504917962636933 0.38338658494174926 0.0743838028169015 0.18427230046948356
0 0.5393443124021909 0.7166981829247087 0.2473591549295775 0.16079812206572774
0 0.0067644146126760556 0.7208958224656581 0.23371478873239435 0.25762910798122085
