0 0.01676692097026604 0.0018426143279429666 0.059859154929577454 0.0886150234741784
0 0.00046092527386541477 0.10868707616066771 0.029929577464788734 0.12852112676056338
0 0.03261046312597809 0.09813130325160842 0.05765845070422536 0.13673708920187794
0 0.09378820667057902 0.09343972787341333 0.05501760563380282 0.1402582159624413
0 0.15452091891627542 0.10867783863675881 0.04533450704225351 0.11854460093896717
0 0.20072225890062595 0.10281364110589462 0.025968309859154933 0.12323943661971834
0 0.22671410406885759 0.08756683620239958 0.05985915492957747 0.13556338028169013
0 0.2878973493740219 0.07701323682837767 0.06514084507042257 0.14612676056338028
0 0.366678892801252 0.07701160667709964 0.05985915492957743 0.14436619718309857
0 0.4300591744913928 0.0770170405146931 0.0598591549295775 0.15023474178403756
0 0.5009132922535211 0.07694042340462529 0.047535211267605605 0.06748826291079814
0 0.516766920970266 0.1508911493653278 0.0598591549295775 0.07511737089201878
0 0.5528373801838812 0.07400886802295252 0.029489436619718232 0.07042253521126762
0 0.5832260490023474 0.05876097635193879 0.05677816901408453 0.08157276995305163
0 0.5832226868153364 0.14737871674491393 0.051936619718309866 0.08450704225352113
0 0.6400014671361502 0.0681348895844201 0.05281690140845075 0.06455399061032864
0 0.642201560054773 0.1432745392105721 0.051936619718309866 0.08861502347417838
0 0.7042449139280125 0.058844114067118765 0.028169014084507102 0.17136150234741784
0 0.7346106587441316 0.06646344114067118 0.022447183098591474 0.16079812206572772
0 0.7729408132824727 0.055911471917927315 0.07702464788732391 0.17312206572769956
0 0.00047804186228482006 0.34467646930968526 0.0545774647887324 0.20833333333333334
0 0.06301227503912363 0.34468298991479746 0.10387323943661973 0.2153755868544601
0 0.16908071694053206 0.3435060206920535 0.09595070422535211 0.21185446009389666
0 0.2720791764475743 0.34058315945053036 0.10387323943661977 0.2241784037558685
0 0.398365977112676 0.3311994653103808 0.05545774647887324 0.23063380281690135
0 0.4661491955203443 0.3282744305338202 0.057658450704225414 0.2406103286384976
0 0.5282252543035993 0.3253488523735002 0.0809859154929577 0.25
0 0.6118639353482004 0.33766138497652587 0.09815140845070411 0.2376760563380281
0 0.7403905638693271 0.33882422622152664 0.1060739436619719 0.22593896713615028
0 0.8499550689553991 0.34643920622500435 0.0620598591549296 0.21068075117370896
0 0.9322653804773082 0.34467538254216656 0.06778169014084515 0.20715962441314548
0 0.9388629083528951 0.2752961441488437 0.06117957746478879 0.06631455399061031
0 0.8191751638302034 0.28760867675186924 0.10519366197183094 0.053990610328638514
0 0.6048357418818466 0.2752879933924535 0.11839788732394357 0.057511737089201896
0 0.8499636272496088 0.06178001651886628 0.07438380281690134 0.17312206572769956
0 0.8701975743348983 0.013542210050426015 0.05633802816901389 0.048122065727699524
0 0.06872860426447576 0.6879635063467223 0.0959507042253521 0.18368544600938963
0 0.16468328198356808 0.6639345331246739 0.10167253521126762 0.21830985915492965
0 0.2663597906885759 0.6651011780559902 0.10739436619718307 0.2106807511737089
0 0.39618391774256656 0.6398930620761606 0.08230633802816899 0.23943661971830993
0 0.484212086756651 0.6322710180838116 0.08230633802816899 0.24706572769953056
0 0.5911666177621283 0.7032211789254044 0.08274647887323938 0.18309859154929567
0 0.7245430482198748 0.6897392844722657 0.10255281690140852 0.20011737089201873
0 0.8363482981220658 0.6275870500782472 0.11619718309859148 0.2588028169014084
0 0.029075276310641628 0.6398745870283429 0.037411971830985914 0.2194835680751174
