0 0.23510856807511737 0.19043155538167275 0.10563380281690142 0.3139671361502348
0 0.35922828638497656 0.19395105199095808 0.10563380281690142 0.3122065727699531
0 0.7989268510367762 0.2308739784385324 0.10255281690140852 0.25938967136150237
0 0.8592414294796556 0.6169389019300991 0.12455985915492959 0.16725352112676053
0 0.805087294600939 0.014857198748043818 0.10035211267605636 0.2007042253521127
0 0.9164261174687012 0.24025658581116327 0.07614436619718311 0.2517605633802817
0 0.8865243544600939 0.7994354242740394 0.11619718309859163 0.15082159624413133
0 0.7786614216549296 0.7947509128847157 0.0752640845070423 0.1619718309859156
0 0.0013791079812206573 0.20040319074943488 0.08450704225352113 0.3086854460093897
0 0.09162662607589984 0.18925730307772562 0.1113556338028169 0.3133802816901408
0 0.0999859399452269 0.6540476656233699 0.10651408450704226 0.3151408450704224
0 0.21442683881064165 0.6511117631716223 0.11267605633802817 0.3133802816901407
0 0.38828063869327073 0.6604883933229004 0.1100352112676056 0.2992957746478873
0 0.0035807291666666665 0.6927528908015996 0.0858274647887324 0.28579812206572786
0 0.5424207135172144 0.2281201095461659 0.24075704225352115 0.45422535211267606
0 0.5410859252738653 0.7003890627716919 0.22007042253521145 0.2934272300469485
