0 0.067942158157277 0.03667894713962789 0.23107394366197181 0.3174882629107981
0 0.30114039270344284 0.07244229264475743 0.12103873239436622 0.27992957746478875
0 0.431039710485133 0.090639127977743 0.2042253521126761 0.28462441314553993
0 0.10620323503521127 0.488582963832377 0.18617957746478875 0.34565727699530513
0 0.10619467674100155 0.8381775995479047 0.17385563380281693 0.16138497652582162
0 0.2844501907276995 0.4991365632063988 0.17165492957746484 0.33509389671361506
0 0.28444377200704224 0.8370049773952357 0.1624119718309859 0.16255868544600938
0 0.4512290321791862 0.650536863154234 0.12191901408450702 0.3262910798122067
0 0.6149268877151799 0.6897974265345158 0.07218309859154932 0.26291079812206575
0 0.7280415566314554 0.7209039732220484 0.069982394366197 0.2664319248826291
0 0.8499611820226918 0.7314646365849417 0.07086267605633813 0.26349765258215974
0 0.7267547559663536 0.44739067118761955 0.11839788732394364 0.2241784037558685
0 0.8983800371674492 0.4755319727003999 0.07570422535211271 0.1942488262910798
0 0.003574921752738654 0.6968766301512781 0.07746478873239437 0.30281690140845074
0 0.6378829836658841 0.11645637715179967 0.1712147887323944 0.2799295774647888
0 0.7232424931533646 0.0006906407581290211 0.13116197183098596 0.11208920187793428
0 0.0035623899647887324 0.004807859502695184 0.059419014084507046 0.12206572769953052
0 0.002236771322378717 0.3763856285863328 0.05193661971830986 0.2288732394366197
