0 0.0022428843896713617 0.06468657624760911 0.06073943661971831 0.1431924882629108
0 0.003564223884976526 0.21550110850286908 0.06205985915492958 0.13556338028169013
0 0.06563019610719875 0.06058239871326726 0.07086267605633804 0.14730046948356806
0 0.0700309932511737 0.2108089897409146 0.06998239436619719 0.13849765258215965
0 0.14001338761737092 0.060579681794470534 0.06998239436619717 0.14436619718309857
0 0.14309223395931142 0.21256248913232484 0.06690140845070425 0.1308685446009389
0 0.2223166691118936 0.06644387932533473 0.06558098591549294 0.13967136150234744
0 0.2223166691118936 0.20494859589636583 0.06558098591549294 0.1473004694835681
0 0.29098108616979657 0.06058674578334203 0.06910211267605627 0.15199530516431928
0 0.2887834384780908 0.2125679229699183 0.07350352112676058 0.13673708920187794
0 0.36228604264475744 0.055891910102590855 0.07218309859154926 0.15199530516431925
0 0.3666853115219093 0.20026082420448618 0.06910211267605627 0.15492957746478875
0 0.5440642116588419 0.06351667101373674 0.07218309859154926 0.14730046948356806
0 0.5484610353090767 0.21081170665971136 0.0655809859154929 0.1414319248826291
0 0.6487975596635368 0.22312586941401494 0.04313380281690142 0.13086854460093894
0 0.6963529440532081 0.21081442357850808 0.07218309859154917 0.1443661971830986
0 0.7843795848004695 0.22136965310380802 0.06998239436619716 0.13556338028169013
0 0.8565626833920188 0.22020137802121373 0.069982394366197 0.14143192488262907
0 0.9480994473787168 0.2125760737263085 0.051936619718309866 0.14553990610328635
0 0.07794558147496086 0.41381879238393326 0.058538732394366216 0.09330985915492955
0 0.0427251442683881 0.5088989958268128 0.04533450704225351 0.10387323943661962
0 0.09027502689749609 0.5118376151973569 0.06646126760563383 0.1085680751173709
0 0.0475633313771518 0.6110062380455573 0.04049295774647887 0.09800469483568072
0 0.08895552132237872 0.6245093244653105 0.06778169014084509 0.10387323943661973
0 0.1717035284624413 0.4426165014780038 0.06998239436619717 0.13849765258215965
0 0.17038402288732396 0.5869870457311772 0.07130281690140843 0.1431924882629107
0 0.2627986233372457 0.5734893931490176 0.049735915492957736 0.1431924882629107
0 0.3147508313771518 0.5822976438880194 0.07218309859154928 0.14906103286384972
0 0.3970409697769954 0.5858252912536951 0.04885563380281681 0.1561032863849766
0 0.5462624706572771 0.591682968179447 0.06866197183098587 0.14436619718309865
0 0.624171373728482 0.5946172404799166 0.0743838028169015 0.14436619718309865
0 0.6950239632237871 0.5723053599374022 0.05985915492957743 0.13204225352112675
0 0.1364937891236307 0.7841587332637803 0.07218309859154927 0.1308685446009389
0 0.20515209311424099 0.7870680099113199 0.06690140845070422 0.10387323943661973
0 0.2751311252934272 0.7841435185185185 0.062059859154929634 0.11443661971830982
0 0.34862761639280127 0.8323101417144844 0.05193661971830991 0.16255868544600946
0 0.5044493960289516 0.9014997391757955 0.06910211267605636 0.09859154929577459
0 0.5722173317683881 0.8968092505651191 0.04929577464788737 0.10328638497652586
0 0.6219624168622848 0.9091217831681447 0.0625 0.09096244131455396
0 0.621960582942097 0.7993876065032169 0.0598591549295775 0.09917840375586845
0 0.6791859228286385 0.8035184098417666 0.06998239436619716 0.12382629107981215
0 0.7504801814358372 0.8052827769083636 0.057658450704225414 0.12793427230046955
0 0.8125314822965571 0.8052648452443052 0.04533450704225351 0.1085680751173709
