0 0.703346836419753 0.1833323807346441 0.041666666666666664 0.2211934156378601
0 0.5648405349794239 0.1792238225880201 0.03703703703703706 0.22839506172839508
0 0.653963048696845 0.18436547401310777 0.04012345679012341 0.2258230452674897
0 0.4668517982681756 0.18384916552354824 0.044367283950617224 0.22376543209876543
0 0.6068922003600824 0.18025024767565923 0.0358796296296296 0.22582304526748972
0 0.5964741941015089 0.463177773967383 0.03395061728395055 0.23199588477366254
0 0.20797700188614543 0.18744951226947112 0.04243827160493825 0.22325102880658435
0 0.3298900462962963 0.18744665447340347 0.041666666666666664 0.22016460905349794
0 0.7970946930727024 0.18281988263984145 0.03858024691358016 0.22325102880658443
0 0.5150720164609054 0.46472098384392624 0.03703703703703706 0.2319958847736626
0 0.0605983153292181 0.6785927259564091 0.03935185185185185 0.10236625514403301
0 0.42980752743484224 0.17973632068282272 0.033950617283950636 0.2263374485596708
0 0.5181608474794238 0.17767918381344308 0.040509259259259287 0.22685185185185186
0 0.44717292524005486 0.46266384697454654 0.04012345679012349 0.2325102880658436
0 0.6354372963820302 0.46214991998171007 0.029706790123456745 0.2330246913580247
0 0.040137656464334696 0.19103699893308945 0.02044753086419753 0.20884773662551442
0 0.3815840942215364 0.1761374028349337 0.03665123456790127 0.22839506172839508
0 0.11846814986282578 0.1956737730528883 0.03858024691358026 0.21656378600823045
0 0.1740167395404664 0.5072845221764976 0.028549382716049405 0.08950617283950603
0 0.12656759044924557 0.5026606081390032 0.035108024691358014 0.09567901234567905
0 0.06600249699931413 0.5047144109129705 0.04359567901234567 0.09156378600823048
0 0.10149123371056241 0.6796177221460142 0.036265432098765434 0.09825102880658444
0 0.28552061899862824 0.19207485520499926 0.03858024691358028 0.21862139917695472
0 0.2052718299897119 0.5042042943148911 0.03587962962962964 0.0961934156378601
0 0.3931581682956104 0.6935051821368694 0.03665123456790127 0.09670781893004106
0 0.15743393132716052 0.682703665599756 0.03819444444444445 0.09773662551440328
0 0.7507935742455417 0.23370437052278614 0.031635802469135874 0.1784979423868313
0 0.006192397548010974 0.24499647538484987 0.02816358024691358 0.1517489711934156
0 0.010055780606995884 0.4959752705380277 0.035879629629629636 0.09773662551440339
0 0.8399080504115226 0.46472527053802776 0.023148148148148095 0.23662551440329221
0 0.840300550840192 0.18950522024081695 0.032793209876543175 0.22119341563786005
0 0.9274975351508917 0.4744898834019204 0.04089506172839508 0.22685185185185194
0 0.7561958804869685 0.4626624180765127 0.03317901234567905 0.23096707818930043
0 0.6736362954389575 0.4606109967992684 0.0362654320987654 0.23765432098765435
0 0.886980238340192 0.19156045191281815 0.02932098765432095 0.21862139917695472
0 0.9224729938271605 0.19669876924249352 0.027777777777777936 0.21244855967078186
0 0.9683850951646091 0.19361377838744095 0.03009259259259254 0.2139917695473251
0 0.5166141546639232 0.7558441929583904 0.03549382716049381 0.20061728395061734
0 0.5991753472222221 0.7645766651425088 0.034722222222222224 0.18724279835390953
0 0.3472455311213992 0.6827136678859929 0.03356481481481484 0.10853909465020582
0 0.7268765003429356 0.7537718145099833 0.03549382716049381 0.184670781893004
0 0.25233973122427983 0.8478428402682517 0.03587962962962957 0.11471193415637873
0 0.2932358646262003 0.8570992417314434 0.03742283950617278 0.11162551440329217
0 0.3499461484053498 0.8540099641822892 0.03356481481481476 0.10853909465020582
0 0.46723117069615905 0.7558513374485597 0.035108024691358014 0.20833333333333334
0 0.19717238940329215 0.6842449702789208 0.03935185185185187 0.09567901234567905
0 0.008128911608367626 0.6739716697149823 0.038966049382716056 0.11162551440329227
0 0.3858273855452675 0.852984967992684 0.035879629629629685 0.11265432098765439
0 0.2052710262345679 0.8488692653558908 0.034722222222222224 0.11213991769547334
0 0.8152228545096023 0.7599351280292639 0.03202160493827159 0.17438271604938266
0 0.8514850715877914 0.7568725232434079 0.027391975308641906 0.20010288065843618
0 0.8935426311728394 0.756355738454504 0.034722222222222224 0.1975308641975308
0 0.7724001200274349 0.7573707323578723 0.033950617283950636 0.1826131687242798
0 0.6516410000857338 0.7609710791037952 0.029706790123456825 0.18209876543209863
0 0.9572016460905348 0.751727537722908 0.037037037037036986 0.19907407407407418
0 0.687909379286694 0.754295267489712 0.03395061728395071 0.19444444444444434
0 0.060600994513031546 0.18847450845907637 0.04320987654320989 0.2191358024691358
0 0.2569618591392318 0.24552326245999087 0.025077160493827223 0.16512345679012344
0 0.25581704389574755 0.4995794276787075 0.04320987654320992 0.10133744855967079
0 0.31137420696159124 0.49957704618198445 0.045524691358024685 0.0987654320987654
0 0.36614690500685865 0.5042038180155465 0.02932098765432103 0.09567901234567894
0 0.3977915487825789 0.4939252781588172 0.04205246913580246 0.10596707818930043
0 0.5609750085733882 0.4683184727937814 0.026234567901234605 0.22839506172839513
0 0.49075494041495205 0.4667738340192044 0.020447530864197462 0.22685185185185186
0 0.7164485811042525 0.4667724051211706 0.01929012345679 0.22530864197530856
0 0.8665407450274348 0.4636931298582533 0.04089506172839508 0.23302469135802475
0 0.9753244491598079 0.4667795496113398 0.02276234567901238 0.23302469135802464
0 0.2627764917695473 0.7130220240816947 0.0648148148148148 0.0637860082304528
0 0.024326989026063103 0.8508859167809786 0.030864197530864196 0.06790123456790127
0 0.0617495606138546 0.8539666209419297 0.03047839506172839 0.06172839506172836
