0 0.4768915037722908 0.4260426192653559 0.05709876543209881 0.1260288065843621
0 0.9336837705761318 0.6853333142813596 0.06018518518518508 0.1599794238683128
0 0.380451603223594 0.7238730757506477 0.07253086419753087 0.1162551440329218
0 0.34803990912208504 0.8900105738454503 0.06635802469135801 0.10030864197530878
0 0.27512833290466393 0.7356953017832648 0.0736882716049383 0.10648148148148148
0 0.7234168702846365 0.15244627343392775 0.05362654320987651 0.19753086419753085
0 0.8028785150891633 0.19150615378753238 0.033950617283950636 0.15997942386831276
0 0.6543609074931414 0.15091020804755373 0.057484567901234525 0.20524691358024694
0 0.20141755615569273 0.42191596174363666 0.041280864197530874 0.11368312757201646
0 0.3488034765089163 0.4260311880810852 0.05478395061728393 0.11368312757201651
0 0.5544302983539094 0.4142365874104557 0.04629629629629627 0.1532921810699589
0 0.2550424918552812 0.4286060623380582 0.038966049382716035 0.1167695473251029
0 0.3024956597222222 0.4239850060966316 0.03819444444444445 0.12602880658436216
0 0.4220930855624142 0.4214272786160646 0.036265432098765475 0.14146090534979427
0 0.8113846557784635 0.4497242226794696 0.06057098765432095 0.14660493827160498
0 0.6269729509602194 0.4409731748209114 0.06327160493827166 0.139917695473251
0 0.7183950081447189 0.7346822130772749 0.0443672839506173 0.12345679012345682
0 0.2623821159122085 0.9074793286084438 0.05246913580246917 0.07767489711934158
0 0.42944637345679015 0.9182832266422801 0.06944444444444445 0.07921810699588476
0 0.5891618977194787 0.9424406531016614 0.05979938271604952 0.05812757201646095
0 0.6802230688443073 0.9311233043743332 0.0767746913580246 0.05761316872427989
0 0.4795814043209876 0.7393023167200121 0.041666666666666664 0.11316872427983556
0 0.5243513695987654 0.7639770042676421 0.06597222222222222 0.095164609053498
0 0.5042912487139919 0.9270199855204999 0.06828703703703698 0.07047325102880656
0 0.8171542781207134 0.6724722793781436 0.03549382716049381 0.15895061728395057
0 0.2149174275548697 0.8946225803993295 0.03665123456790123 0.08127572016460899
0 0.18406019590192044 0.7480176421277244 0.046682098765432105 0.0812757201646091
0 0.6663124785665294 0.7233886793171772 0.045524691358024685 0.1486625514403292
0 0.8692429698216734 0.6791642851699436 0.04320987654321 0.16409465020576128
0 0.7778000150034294 0.7012702903520805 0.03202160493827159 0.14969135802469133
0 0.8962611989883402 0.9408922039323274 0.06057098765432095 0.0524691358024691
0 0.6215526941872428 0.7244117703094041 0.035879629629629685 0.1424897119341564
0 0.7666358560528121 0.9218807155921352 0.0667438271604938 0.07561728395061725
0 0.8391581468621397 0.9234224965706447 0.0543981481481481 0.07407407407407397
0 0.8437800068587106 0.192536865569273 0.04320987654320984 0.162037037037037
0 0.8981883359053497 0.14576665142508763 0.057870370370370315 0.20576131687242802
0 0.31021840706447185 0.19252162399024542 0.047839506172839524 0.1455761316872428
0 0.36036951303155007 0.19406483386678858 0.04320987654320984 0.14557613168724284
0 0.13582979681069957 0.1519171048620637 0.03935185185185187 0.1815843621399177
0 0.17441084747942387 0.14575569654016154 0.040509259259259266 0.19393004115226342
0 0.2207009816529492 0.15038389727175736 0.03163580246913583 0.19238683127572015
0 0.40474778163580244 0.15500781130925162 0.05902777777777786 0.18621399176954737
0 0.4603041409465021 0.153471269623533 0.06018518518518508 0.19341563786008234
0 0.5258865419238684 0.14884068739521414 0.0543981481481481 0.19238683127572018
0 0.5814431691529492 0.1488378295991465 0.055941358024691426 0.18930041152263374
0 0.961830739883402 0.14885592897424174 0.0362654320987654 0.20884773662551437
0 0.12426456404320987 0.4075221955494589 0.052083333333333336 0.12397119341563778
0 0.13775371870713307 0.6997127914951988 0.03202160493827161 0.13425925925925927
