0 0.8603877314814814 0.3396766880048773 0.06944444444444445 0.184156378600823
0 0.9332987718621399 0.35252914951989023 0.06134259259259254 0.17592592592592604
0 0.1798710240912208 0.3052607262612407 0.12538580246913583 0.23713991769547324
0 0.5267548653978051 0.30681631992074376 0.19367283950617287 0.25051440329218116
0 0.3372773598251029 0.30834047782350255 0.12384259259259262 0.22993827160493827
0 0.4691572359396433 0.6539761469288218 0.030864197530864206 0.18312757201646096
0 0.04941834919410151 0.6899296029568663 0.05131172839506173 0.12397119341563788
0 0.10612943672839506 0.6873580627953055 0.04861111111111111 0.12448559670781904
0 0.008168831447187929 0.27338677411979884 0.09645061728395063 0.2577160493827161
0 0.7936280971364883 0.13442834552659658 0.04668209876543206 0.18261316872427982
0 0.8993470829046638 0.6703994246303917 0.059799382716049364 0.1424897119341564
0 0.7874635631001371 0.32784969897881416 0.0586419753086419 0.18878600823045275
0 0.22072696973593964 0.6468216544734035 0.06905864197530862 0.23405349794238678
0 0.3237815072016461 0.7352147157445511 0.13425925925925924 0.14300411522633746
0 0.0019563400205761315 0.6930703208352385 0.03935185185185185 0.1826131687242799
0 0.04095534336419753 0.8184766041761926 0.08680555555555558 0.06584362139917693
