0 0.09160645295383411 0.43521615805946784 0.08230633802816902 0.38556338028169024
0 0.1862211463223787 0.44109013649800033 0.05985915492957747 0.39143192488262907
0 0.2799616710680751 0.5360920926795341 0.04621478873239436 0.3174882629107981
0 0.32705857541079814 0.5343483741957921 0.048855633802816927 0.3356807511737088
0 0.4150959140258216 0.485097157016171 0.062059859154929516 0.3838028169014085
0 0.478480780516432 0.4821764693096852 0.06866197183098595 0.398474178403756
0 0.5709121919014084 0.5197411319770475 0.07130281690140852 0.40492957746478875
0 0.6501491588419406 0.5180012171796209 0.08802816901408453 0.427230046948357
0 0.7663267801251957 0.5273821944009738 0.05985915492957743 0.4178403755868545
0 0.8341240585876369 0.5901261737089202 0.08230633802816906 0.3644366197183098
0 0.9467799418035995 0.671648952356112 0.05325704225352108 0.3104460093896714
0 0.22672419062989044 0.13225852025734655 0.07438380281690138 0.23356807511737085
0 0.3429112871674491 0.18678273343766302 0.0598591549295775 0.17605633802816903
0 0.4793610622065728 0.10588430272996 0.06866197183098587 0.2705399061032864
0 0.5911938209115806 0.3146295209528778 0.12191901408450695 0.08157276995305167
0 0.7439633460485132 0.2753591766649278 0.18045774647887325 0.1343896713615023
0 0.6013234790688576 0.1479606807511737 0.13116197183098596 0.07922535211267609
