0 0.4723240047926447 0.143523952356112 0.07614436619718311 0.35798122065727694
0 0.32046624364241005 0.13181022865588596 0.06294014084507032 0.3832159624413145
0 0.2566418476134585 0.6035716614501826 0.05721830985915493 0.30809859154929575
0 0.16201981856416278 0.13825367327421317 0.06910211267605632 0.37030516431924876
0 0.4005761565923318 0.15584354894800903 0.06910211267605636 0.35328638497652587
0 0.7130700435250391 0.11480231698834986 0.06029929577464799 0.3949530516431925
0 0.24519665737480437 0.11013628064684403 0.05501760563380284 0.42605633802816906
0 0.5581435225938967 0.13003771083289867 0.06470070422535217 0.3703051643192488
0 0.386919869913928 0.5959278821074595 0.051936619718309866 0.2922535211267606
0 0.7988935348200313 0.11949769605286038 0.05457746478873244 0.3955399061032863
0 0.6391221024061033 0.10131987915145192 0.054137323943661955 0.4113849765258217
0 0.12591757140062598 0.6176235654668754 0.053697183098591554 0.272887323943662
0 0.7319912094092332 0.6088337897756911 0.05325704225352108 0.2869718309859155
0 0.0629777362089202 0.5912352199617458 0.054137323943661976 0.29460093896713613
0 0.44898737040297343 0.6024022996000695 0.06294014084507032 0.31279342723004694
0 0.3186995671948357 0.605910928534168 0.054137323943661955 0.2992957746478874
0 0.027330912558685444 0.1382607372630847 0.06073943661971831 0.3779342723004695
0 0.5902652459898279 0.6152766910102591 0.05237676056338027 0.2734741784037559
0 0.08411733421361502 0.12769790036515388 0.07262323943661975 0.37852112676056343
0 0.5229252249608765 0.6012041384107112 0.05457746478873236 0.2863849765258216
0 0.19413879107981222 0.6416677534341854 0.05281690140845067 0.2546948356807512
0 0.0075206010367762114 0.5906554294905234 0.05501760563380282 0.30223004694835676
0 0.7993312304381847 0.5976661667536081 0.051056338028169064 0.2681924882629108
0 0.94898186864241 0.7143708702834288 0.05501760563380284 0.1825117370892019
