0 0.3900926461762688 0.5146057194025301 0.0667438271604938 0.2186213991769548
0 0.06834651491769547 0.5156169029111415 0.08564814814814814 0.19958847736625512
0 0.6501133294753086 0.49032445511354983 0.052083333333333336 0.10596707818930043
0 0.6347109696502058 0.0949193148910227 0.09490740740740745 0.2906378600823046
0 0.325294174382716 0.08872408931565309 0.09027777777777773 0.2664609053497943
0 0.7319251543209876 0.1375747789971041 0.08333333333333333 0.2474279835390947
0 0.24233673053840876 0.0835724356043286 0.07600308641975309 0.25823045267489714
0 0.5324652777777779 0.08305517451607985 0.08333333333333326 0.2551440329218107
0 0.44102205504115227 0.03934613625971651 0.07175925925925929 0.2716049382716049
0 0.2840175968792867 0.5161470240816948 0.09645061728395067 0.21656378600823048
0 0.47225865912208503 0.47862987730528883 0.052469135802469126 0.2536008230452675
0 0.04748344264403293 0.13239835771985978 0.04282407407407407 0.2124485596707819
0 0.5490472822359397 0.46781169029111414 0.07253086419753087 0.23662551440329216
0 0.005043831447187928 0.1339849108367627 0.04089506172839506 0.25925925925925924
0 0.12503000685871057 0.24754467687852463 0.04320987654320988 0.1260288065843621
0 0.8391509130658436 0.4898576817558299 0.04398148148148159 0.1574074074074074
0 0.8947078082133059 0.45747408931565314 0.045910493827160635 0.18312757201646085
0 0.7307350608710562 0.48320997180307873 0.0362654320987654 0.2001028806584363
0 0.4039665316358025 0.6369227251943301 0.04513888888888889 0.0987654320987654
0 0.7774297518004115 0.5217802164304222 0.0543981481481481 0.18930041152263374
0 0.16362231009945133 0.5511016803840878 0.06057098765432097 0.18981481481481483
0 0.9703090170610424 0.47391403749428446 0.02276234567901238 0.16049382716049382
0 0.001957679612482853 0.5438886031092821 0.04128086419753086 0.1774691358024691
0 0.08379951131687244 0.08699083600060968 0.11574074074074076 0.06121399176954732
0 0.08187558942043896 0.017028654168571862 0.12307098765432099 0.05761316872427983
0 0.10578703703703704 0.16415275872580398 0.1111111111111111 0.06275720164609055
