0 0.858082561728395 0.32684851775643964 0.08333333333333318 0.21862139917695472
0 0.7693426354595336 0.35049011202560587 0.0756172839506173 0.19598765432098766
0 0.12851964377572014 0.3144042447797592 0.06828703703703708 0.11213991769547323
0 0.5575344007201646 0.32930098308184724 0.07175925925925929 0.0895061728395062
0 0.0004894868827160494 0.6555617474470354 0.14930555555555555 0.22890946502057619
0 0.6532297560871057 0.4188219212010364 0.09529320987654326 0.1054526748971193
0 0.20952235510973935 0.4342525910684347 0.04552469135802472 0.10390946502057609
0 0.2700992369684499 0.44041923868312755 0.05401234567901238 0.09722222222222222
0 0.45028720850480103 0.4409364997713763 0.08024691358024698 0.10030864197530867
0 0.13815586419753084 0.4285841525682061 0.05555555555555557 0.0931069958847737
0 0.1995072980967078 0.31078960905349795 0.06828703703703706 0.09722222222222228
0 0.6902930491255144 0.6291519013869837 0.13310185185185192 0.039609053497942436
0 0.07449309842249656 0.43218307041609505 0.04783950617283951 0.09104938271604941
0 0.0698680234053498 0.3107977061423563 0.05439814814814815 0.10596707818930043
0 0.3445808149005487 0.42859224965706444 0.08526234567901234 0.1018518518518518
0 0.3688764574759945 0.3334109701265051 0.07098765432098769 0.0838477366255144
0 0.4981449331275721 0.5993174630391709 0.10648148148148151 0.040637860082304446
0 0.011993366340877915 0.3164556660570035 0.0482253086419753 0.10545267489711936
0 0.011606760116598077 0.43578960905349795 0.047067901234567895 0.09722222222222222
0 0.6532139489026063 0.3257006363359244 0.07253086419753087 0.0900205761316872
0 0.8507772312242798 0.5987963915561652 0.11921296296296302 0.03343621399176963
0 0.44759194958847737 0.32210933927754914 0.08796296296296302 0.10030864197530867
0 0.6347026641803841 0.2253858024691358 0.08294753086419746 0.0833333333333333
0 0.6412540723593965 0.17031178555098309 0.07253086419753087 0.047839506172839524
0 0.5440291709533608 0.17546343926230756 0.06867283950617278 0.05606995884773664
0 0.452985682441701 0.16673573007163542 0.07716049382716039 0.07458847736625514
0 0.9479528356481481 0.32735006096631614 0.052083333333333336 0.20473251028806583
0 0.8588908714849108 0.6714982472184119 0.13618827160493827 0.21810699588477364
0 0.6779634452160493 0.6797139346136258 0.15625 0.20216049382716053
0 0.5008857381687243 0.6663599298887365 0.16435185185185183 0.22427983539094645
0 0.3280456961591221 0.6642927907331199 0.16358024691358028 0.21399176954732518
0 0.15250825188614542 0.6653206447187928 0.16743827160493827 0.21296296296296308
0 0.3765852730624143 0.14978757049230298 0.06057098765432095 0.10390946502057616
0 0.40050824116941014 0.10293400396281055 0.06520061728395063 0.057613168724279816
0 0.5482880015432099 0.43270128410303305 0.09027777777777786 0.09516460905349794
0 0.31600088948902605 0.35757030178326477 0.041280864197530874 0.06481481481481487
