0 0.04851819248826291 0.06661993566336288 0.14788732394366197 0.32981220657277
0 0.20084543720657275 0.03673871935315597 0.20334507042253525 0.3820422535211268
0 0.42221091304773084 0.036741436271952706 0.16681338028169013 0.38497652582159625
0 0.6092609912949921 0.016770452964701792 0.15272887323943662 0.3656103286384977
0 0.7808920799100156 0.11761324117544775 0.11839788732394364 0.26173708920187794
0 0.026993776897496085 0.5273311163275952 0.20906690140845072 0.3626760563380281
0 0.2642067683881064 0.5196867936011129 0.17605633802816906 0.346244131455399
0 0.44596445862676054 0.5237366327595201 0.14656690140845074 0.2834507042253522
0 0.6013179773082942 0.5178941705790296 0.1232394366197184 0.3116197183098592
0 0.7303214250782473 0.5090967875152148 0.18397887323943662 0.3174882629107981
0 0.9533756357589985 0.0953073378542862 0.044014084507042146 0.25586854460093894
