0 0.5154538341158059 0.47018398974091463 0.07042253521126764 0.12265258215962442
0 0.8477760661189359 0.4854650278212484 0.09330985915492959 0.14730046948356812
0 0.31296887226134584 0.24480253434185362 0.04137323943661969 0.09096244131455396
0 0.3640304063967137 0.23306544513997568 0.04885563380281689 0.09096244131455399
0 0.30197635465571204 0.6954757868196836 0.05721830985915493 0.05751173708920179
0 0.2473955276799687 0.254773082942097 0.05237676056338027 0.08450704225352113
0 0.2623664294796557 0.009506498869761782 0.061179577464788755 0.1261737089201878
0 0.42214672584115803 0.47486578421144143 0.07438380281690142 0.1085680751173709
0 0.2253952098004695 0.5106068509824379 0.0620598591549296 0.04694835680751181
0 0.5999648498630672 0.4889584420100852 0.07614436619718311 0.11737089201877927
0 0.6770011125782472 0.7835278647191793 0.0928697183098592 0.08333333333333333
0 0.7095308832159625 0.3645039993044688 0.0343309859154929 0.0727699530516432
0 0.10743226721439748 0.09632998608937576 0.05457746478873242 0.09272300469483569
0 0.3856043378325508 0.6907776908363762 0.058978873239436624 0.053990610328638465
0 0.46834714886541473 0.23248185098243782 0.053697183098591554 0.09448356807511742
0 0.34200960974178407 0.009491284124500086 0.029049295774647908 0.1097417840375587
0 0.30903022300469485 0.5352482177012693 0.07394366197183101 0.03990610328638495
0 0.11269745207355245 0.26473711093722835 0.030809859154929578 0.07100938967136149
0 0.7557432267214398 0.36156918362023993 0.0308098591549296 0.07218309859154932
0 0.6329977259389672 0.1445156277169188 0.10827464788732384 0.16138497652582157
0 0.07484595070422535 0.2770648582855156 0.031690140845070415 0.07511737089201878
0 0.21394115561424099 0.038249869587897764 0.04709507042253524 0.11267605633802817
0 0.9529474153951486 0.4960262345679012 0.06117957746478879 0.14495305164319253
0 0.23638864436619716 0.6866686228482003 0.04753521126760568 0.05281690140845083
0 0.7007390698356807 0.49072878629803507 0.05017605633802818 0.12793427230046944
0 0.15407588761737087 0.25653690662493484 0.03829225352112679 0.0880281690140845
0 0.05283890845070422 0.11686989219266215 0.03169014084507042 0.09272300469483567
0 0.03391499168622848 0.28000565119109716 0.03477112676056338 0.08215962441314549
0 0.1958889622456964 0.25593538080333855 0.037852112676056315 0.07218309859154928
0 0.4357641945422535 0.22778429838288997 0.03565140845070426 0.09154929577464788
0 0.7417057902973397 0.47315412536950097 0.09859154929577459 0.16138497652582157
0 0.7729658768583725 0.1368810858981047 0.11311619718309866 0.1555164319248826
0 0.6171236184467919 0.9296345200834637 0.06646126760563385 0.0616197183098592
0 0.300210289514867 0.8404299252303947 0.049295774647887335 0.05868544600938964
0 0.9247927670187792 0.8721157190053903 0.0818661971830985 0.053990610328638465
0 0.44107033695226916 0.8586104590506 0.07086267605633796 0.045774647887323966
0 0.4683489827856025 0.7559169057555208 0.05633802816901405 0.05223004694835675
0 0.535256809956964 0.8873690445139977 0.06558098591549298 0.04870892018779332
0 0.5717857492175273 0.7864360545992001 0.061619718309859114 0.055164319248826206
0 0.437549821498435 0.9196460398191618 0.07174295774647885 0.04870892018779342
0 0.9252356587441314 0.7987692357850809 0.08582746478873243 0.06514084507042263
0 0.7839531983568074 0.8234285341679708 0.08978873239436622 0.07746478873239442
0 0.8992713223787168 0.09231709702660407 0.09154929577464783 0.1954225352112676
0 0.019829262030516433 0.12215918970613807 0.03301056338028168 0.10093896713615022
0 0.3776763008607199 0.0018665232133541995 0.05105633802816898 0.11443661971830986
0 0.43886199139280124 0.00302338723700226 0.05985915492957743 0.09624413145539906
0 0.505319285504695 0.001830116501478004 0.05413732394366188 0.07511737089201878
0 0.5480129474765257 0.20317173100330374 0.054137323943661955 0.1296948356807512
0 0.3055002322965571 0.4754026473656755 0.06117957746478879 0.05457746478873244
0 0.3618397887323943 0.8592261128499391 0.06338028169014089 0.07687793427230044
0 0.3745956205985915 0.734205464267084 0.05149647887323938 0.054577464788732336
0 0.5211848347026604 0.9390231046774474 0.08362676056338035 0.06044600938967135
