0 0.42368853952331964 0.5063476413656455 0.11149691358024691 0.1887860082304526
0 0.909390539266118 0.14928697988111567 0.0779320987654319 0.1188271604938272
0 0.5703058020404664 0.16274815195854292 0.12924382716049373 0.21244855967078188
0 0.06562553583676269 0.20283922039323274 0.056327160493827154 0.17746913580246912
0 0.5556463798868313 0.5073697797591831 0.13078703703703698 0.18158436213991766
0 0.03015341006515775 0.4713734567901235 0.08757716049382715 0.19444444444444445
0 0.4329587834362139 0.151943777625362 0.1273148148148149 0.21039094650205764
0 0.006204989711934157 0.22801735634811768 0.0462962962962963 0.14763374485596706
0 0.7253855345507544 0.07927288142051517 0.1107253086419754 0.059156378600823026
0 0.8437821502057613 0.4193091754305746 0.04629629629629635 0.07613168724279835
0 0.7349834426440329 0.7006934918457552 0.042824074074074125 0.08230452674897122
0 0.941384548611111 0.7171458238073465 0.0381944444444446 0.07304526748971185
0 0.7107137881515775 0.1862844840725499 0.09452160493827166 0.07613168724279833
0 0.812559209962277 0.1893694749276025 0.08526234567901238 0.07458847736625514
0 0.6852127807784637 0.6914351851851852 0.03973765432098762 0.08333333333333333
0 0.7747283307613169 0.4280540313976528 0.05324074074074064 0.07613168724279835
0 0.9467962319958848 0.42817834552659656 0.05324074074074064 0.2103909465020576
0 0.4313976230281207 0.8283445739978662 0.10146604938271611 0.16769547325102888
0 0.061411447616598086 0.7892775491540923 0.09915123456790122 0.1975308641975308
0 0.8005738811728396 0.6960771985977746 0.04861111111111111 0.09670781893004127
0 0.0015820580418381346 0.7789699550373418 0.05594135802469135 0.1764403292181071
0 0.20028640474965706 0.7872185070873344 0.07908950617283952 0.1959876543209876
0 0.8607596021947873 0.6976389841487579 0.0493827160493827 0.11676954732510286
0 0.7091456618655693 0.4311514060356653 0.05864197530864206 0.08796296296296297
0 0.9043424211248285 0.41930536503581767 0.030864197530864286 0.07201646090534979
0 0.5428985553840877 0.8237230414570949 0.10725308641975309 0.1764403292181071
0 0.28596080889917697 0.8031654854442921 0.11689814814814814 0.19650205761316858
0 0.13007008744855966 0.16223613016308489 0.07870370370370369 0.21502057613168724
0 0.22997095764746228 0.18690891251333636 0.04706790123456794 0.19495884773662553
0 0.2902132094478738 0.18536427373875933 0.12924382716049385 0.19341563786008234
0 0.16366089034636488 0.495583276177412 0.11612654320987653 0.2299382716049383
0 0.29598819015775035 0.5074145518975767 0.11188271604938274 0.2299382716049382
