0 0.8068080739883401 0.4481881572930955 0.13695987654321 0.15432098765432112
0 0.04057222007887517 0.3711105395518976 0.09066358024691357 0.24382716049382713
0 0.5749206961591221 0.4528158817253467 0.1080246913580246 0.15226337448559676
0 0.33996592078189297 0.4589911027282427 0.10648148148148155 0.15483539094650206
0 0.574879436728395 0.6694134849870447 0.048611111111111036 0.1887860082304527
0 0.22461392961248283 0.4589844345374181 0.11072530864197536 0.14763374485596703
0 0.4560908564814815 0.4589863397347966 0.10416666666666667 0.14969135802469127
0 0.6875594778806584 0.4512731481481482 0.0856481481481481 0.15277777777777782
0 0.14010229123799728 0.4559056355738455 0.0806327160493827 0.15586419753086417
0 0.21729279192386833 0.29694930269775954 0.12384259259259262 0.14969135802469133
0 0.31833124356995884 0.06026282197835696 0.06365740740740743 0.08384773662551442
0 0.5200989690500687 0.09576284103033074 0.05362654320987651 0.09053497942386832
0 0.5498322830932784 0.2983934423106233 0.09182098765432103 0.04269547325102889
0 0.24811251500342937 0.05512783874409388 0.059799382716049364 0.09362139917695475
0 0.6409017596879287 0.0710329027587258 0.1207561728395062 0.04886831275720164
0 0.39784432870370373 0.09680355509830818 0.11805555555555555 0.10339506172839506
0 0.8268754286694103 0.08552812071330591 0.14506172839506173 0.1481481481481481
0 0.443715706447188 0.6678621780216432 0.061728395061728336 0.1800411522633744
0 0.5100670331790124 0.6647924287456182 0.052083333333333336 0.19804526748971185
0 0.13351953660836763 0.7208057079713458 0.045910493827160476 0.13683127572016465
0 0.04786576217421124 0.7012769585429051 0.03780864197530865 0.15689300411522636
0 0.344164737654321 0.7254196197226033 0.041666666666666664 0.11985596707818931
0 0.2149158200445816 0.7151501295534217 0.03433641975308639 0.1399176954732511
0 0.6339048032407407 0.6663303993293705 0.045138888888888964 0.1923868312757201
0 0.1844355495541838 0.7274862825788753 0.03163580246913579 0.1296296296296295
0 0.39085165895061724 0.6935537646700198 0.04861111111111111 0.14917695473251028
0 0.09030537337105624 0.7141184651729919 0.03973765432098766 0.13683127572016465
0 0.7744057570301783 0.9054350518213686 0.14429012345679015 0.09207818930041153
0 0.8503512409979423 0.693567101051669 0.0613425925925927 0.16358024691358022
0 0.7751294045781894 0.6987063709800334 0.07523148148148143 0.15843621399176963
0 0.6875455461248285 0.681232853223594 0.0655864197530865 0.17592592592592593
0 0.9190377443415638 0.7146295343697606 0.0810185185185184 0.13323045267489714
0 0.18098395704732512 0.05512783874409388 0.06134259259259258 0.09362139917695475
0 0.5783572852366256 0.0957656988263984 0.05671296296296294 0.09362139917695475
0 0.3465208118998628 0.4095050297210791 0.10108024691358028 0.04320987654320984
0 0.35808765217764055 0.37400358177107146 0.09066358024691357 0.03497942386831275
0 0.5509896905006859 0.3467554488645024 0.09182098765432095 0.051440329218106984
0 0.5679730366941015 0.4043600442005792 0.10339506172839508 0.042181069958847725
0 0.795996495627572 0.42080332647462276 0.12384259259259255 0.023148148148148147
0 0.9502647033607682 0.44973565386374026 0.047839506172839365 0.15895061728395057
0 0.9275195044581619 0.9085181374790428 0.0725308641975308 0.08847736625514413
0 0.6270243912894375 0.9203413161103491 0.1373456790123458 0.07973251028806581
0 0.47155456961591224 0.9265060585276635 0.14969135802469136 0.07098765432098751
0 0.3207012495713306 0.9311299725651577 0.14313271604938274 0.06481481481481492
0 0.1698546274862826 0.9203413161103491 0.14621913580246912 0.07973251028806581
0 0.017851669667352535 0.9187985825331505 0.15084876543209877 0.08024691358024688
