0 0.9098105560446009 0.10946465832029212 0.05677816901408445 0.3345070422535212
0 0.5959947183098591 0.10125684663536776 0.06338028169014089 0.3433098591549296
0 0.11051967185054773 0.6134933055120848 0.06382042253521125 0.24882629107981216
0 0.09379523669796558 0.10007498695878977 0.06514084507042253 0.3345070422535211
0 0.8165098664906103 0.10768996696226742 0.06998239436619716 0.3192488262910798
0 0.6721473371478873 0.5430957659537472 0.07526408450704215 0.27582159624413133
0 0.3596329714397496 0.11298089462702139 0.05457746478873244 0.329225352112676
0 0.2628129890453834 0.549579420970266 0.0704225352112676 0.30633802816901395
0 0.441497640356025 0.11943738045557295 0.05237676056338027 0.3303990610328638
0 0.5136914368153365 0.5677322422187445 0.067781690140845 0.2634976525821596
0 0.6052288121087638 0.5448639367066597 0.05061619718309858 0.28403755868544606
0 0.6835867199726136 0.09770257346548426 0.06910211267605636 0.3075117370892019
0 0.2707291055359937 0.10711832724743522 0.06117957746478871 0.33568075117370894
0 0.18577672633020342 0.10712647800382542 0.05369718309859151 0.3444835680751174
0 0.4432582037363067 0.5507357416101548 0.05237676056338027 0.2875586854460094
0 0.19501998973004697 0.5425469483568076 0.054137323943661955 0.31690140845070414
0 0.03657142507824726 0.613471570161711 0.05721830985915493 0.2253521126760563
0 0.3662341671557121 0.5677534341853591 0.05325704225352115 0.2863849765258216
0 0.02204861111111111 0.08718049034950444 0.05985915492957747 0.352112676056338
0 0.5185228995500784 0.11181044600938966 0.05325704225352108 0.33274647887323944
0 0.00046459311424100155 0.6129031907494348 0.035211267605633804 0.24530516431924893
0 0.7672211218701095 0.5460294948704574 0.08010563380281689 0.27523474178403756
0 0.8547923391040689 0.5225612936880543 0.05589788732394349 0.2816901408450703
