0 0.11965958290466393 0.12623313900320074 0.08757716049382715 0.22067901234567902
0 0.025511188271604937 0.08408969669257735 0.06944444444444446 0.26131687242798357
0 0.3002253193587106 0.13241026520347507 0.10223765432098766 0.22530864197530862
0 0.405916977451989 0.13087134202103334 0.07600308641975309 0.2299382716049383
0 0.4838413065843621 0.12316529492455418 0.06481481481481492 0.24074074074074078
0 0.5474963027263375 0.1745632335009907 0.06134259259259254 0.19495884773662553
0 0.6269756301440329 0.12472088858405733 0.06712962962962968 0.2541152263374486
0 0.7064343278463648 0.13243265127267184 0.04320987654321 0.24948559670781895
0 0.7562114197530865 0.13551049763755524 0.05555555555555555 0.24022633744855967
0 0.8449545610425241 0.14426154549611342 0.0679012345679011 0.24691358024691354
0 0.9321459190672153 0.19718745237006555 0.06790123456790127 0.18467078189300412
0 0.4920029042352538 0.4816648567291572 0.15084876543209874 0.19804526748971185
0 0.42596932870370374 0.5212334247828074 0.0625 0.15432098765432106
0 0.13354900763031552 0.4724003581771071 0.08834876543209877 0.1923868312757202
0 0.24356031378600823 0.5073545381801554 0.17129629629629628 0.16512345679012339
0 0.033622417266803845 0.4682946578265508 0.08294753086419752 0.20267489711934158
0 0.7359088327331961 0.484744608291419 0.2642746913580248 0.19084362139917693
0 0.28092555084019205 0.7435132792257279 0.08834876543209873 0.21656378600823048
0 0.4036091285150892 0.7692067710714829 0.08603395061728397 0.18775720164609047
0 0.5123922968106996 0.7644899786617894 0.06712962962962953 0.09362139917695482
0 0.5987999935699588 0.7722241274196007 0.04976851851851849 0.11316872427983535
0 0.6543595679012346 0.7511616941015089 0.05555555555555555 0.14351851851851863
0 0.7053074631344307 0.7419081504343851 0.08719135802469134 0.14969135802469133
0 0.8302846900720164 0.7552464372809022 0.0543981481481481 0.11059670781893005
