0 0.9437181177126202 0.5603533188538332 0.06520061728395063 0.18158436213991777
0 0.47151438185871053 0.13965430193568054 0.09182098765432095 0.27109053497942387
0 0.5749102473422497 0.46062099908550524 0.09297839506172834 0.24845679012345678
0 0.4321421682098765 0.46368408017070567 0.0625 0.22325102880658446
0 0.3785314321844993 0.12937433318091754 0.08526234567901238 0.279835390946502
0 0.5814592442558298 0.1442810737692425 0.07908950617283961 0.26800411522633744
0 0.502749110510974 0.4559713648834019 0.06983024691358024 0.2268518518518518
0 0.3449577760631001 0.4657516956256668 0.07253086419753087 0.23405349794238683
0 0.654752872085048 0.14735653863740283 0.06635802469135801 0.2561728395061728
0 0.3102315350651577 0.13965144413961286 0.0667438271604938 0.26800411522633744
0 0.6756009409293553 0.46832371208657214 0.08757716049382715 0.2340534979423869
0 0.0788221236282579 0.5238154435299497 0.17052469135802467 0.1651234567901235
0 0.10307998971193416 0.31957780826093585 0.10185185185185185 0.14403292181069957
0 0.1377805105452675 0.14876209800335316 0.07060185185185185 0.10751028806584362
0 0.00046001586076817563 0.3226680384087791 0.1068672839506173 0.14814814814814814
0 0.0004798418209876543 0.16316300868770003 0.13541666666666666 0.10493827160493828
0 0.44024053712277095 0.0021057194025301024 0.057484567901234525 0.051954732510288065
0 0.00043724279835390947 0.51506630086877 0.07407407407407407 0.16049382716049387
0 0.8152552726337449 0.14735749123609204 0.07870370370370365 0.25720164609053503
0 0.7257515110596707 0.14736749352232892 0.08217592592592587 0.26800411522633744
0 0.85538301611797 0.518206066148453 0.0848765432098765 0.21810699588477364
0 0.9437119555898491 0.16380887059899407 0.05632716049382714 0.24691358024691354
0 0.7712759344993142 0.47552488187776254 0.08179012345679015 0.23353909465020573
0 0.5629342956961592 0.776954732510288 0.06983024691358032 0.2222222222222222
0 0.684471450617284 0.7892846936442615 0.08333333333333341 0.205246913580247
0 0.472274198388203 0.8062333295229385 0.07484567901234572 0.17644032921810698
0 0.07916586291152264 0.8673582533150435 0.10995370370370369 0.08024691358024698
0 0.08992144633058984 0.7403301707056851 0.042438271604938294 0.11213991769547334
0 0.1292789244684499 0.7377672039323273 0.05054012345679012 0.12191358024691365
0 0.41322579089506173 0.7958957285474775 0.04513888888888889 0.12294238683127577
0 0.7681865676440329 0.7815429240969364 0.07754629629629635 0.1774691358024691
0 0.8495978545096022 0.7800044772138394 0.08757716049382715 0.18261316872428
0 0.9402421446330589 0.7928683699131231 0.059799382716049364 0.18672839506172836
0 0.017800497256515776 0.0005901348879743942 0.0771604938271605 0.08179012345679013
0 0.1026636445473251 0.006748685413808871 0.05787037037037036 0.06635802469135801
0 0.34226894718792866 0.002113340192043896 0.08950617283950615 0.06018518518518518
0 0.514695859053498 0.002113340192043896 0.05092592592592595 0.06018518518518518
0 0.5714238254458162 0.0036536922725194333 0.07253086419753087 0.05709876543209877
0 0.6497489604766804 0.0036551211705532693 0.08294753086419754 0.058641975308641986
0 0.7508305469821673 0.005194520652339583 0.0848765432098765 0.05452674897119341
0 0.8484275870198903 0.006741540923639689 0.06905864197530857 0.058641975308641965
0 0.9255904921124828 0.0036536922725194333 0.0725308641975308 0.05709876543209877
0 0.9016463584533607 0.16381315729309556 0.03742283950617286 0.2515432098765432
0 0.00506446116255144 0.7372985253772291 0.07060185185185185 0.1712962962962963
0 0.1979694465877915 0.7418786198750191 0.07600308641975309 0.11779835390946497
0 0.3433917931241427 0.7995394185337601 0.03973765432098762 0.16923868312757195
0 0.6427745091735254 0.7769294886450236 0.0397376543209877 0.1949588477366254
