0 0.7211406357167351 0.15966363740283493 0.10918209876543222 0.21450617283950613
0 0.8357207540294924 0.17149253162627648 0.10455246913580254 0.21193415637860086
0 0.172338766718107 0.41688481176649905 0.39004629629629634 0.23559670781893005
0 0.5635081768689986 0.41072769013869836 0.3406635802469137 0.2525720164609053
0 0.25069926697530864 0.10365702636793173 0.45138888888888895 0.28292181069958844
0 0.056415305641289444 0.08395109358329522 0.12692901234567902 0.11162551440329219
0 0.04599649562757202 0.19403673220545645 0.1238425925925926 0.11522633744855972
0 0.06875080375514403 0.7240212048468221 0.11226851851851852 0.27623456790123463
0 0.21398132073045267 0.7161994170096021 0.35532407407407407 0.16203703703703715
0 0.5727411801268861 0.7038427831123305 0.30285493827160487 0.1502057613168725
0 0.0016410000857338821 0.4379377190976985 0.1408179012345679 0.19495884773662556
