0 0.6165458354766804 0.7948754953513183 0.04822530864197524 0.13220164609053503
0 0.5579049318415638 0.7876828989483311 0.04976851851851849 0.14197530864197525
0 0.04670835476680383 0.5839444253924707 0.03780864197530865 0.10442386831275714
0 0.24617198216735253 0.16673191967687853 0.04320987654320988 0.07047325102880656
0 0.10226203489369 0.5808541952446272 0.035108024691358014 0.10030864197530867
0 0.5328189300411523 0.38844783569577807 0.0370370370370369 0.07921810699588476
0 0.5818206661522635 0.39204103795153183 0.04398148148148143 0.07098765432098762
0 0.2839784807956104 0.4012950579180003 0.04012345679012349 0.06532921810699592
0 0.6886823238168726 0.5581975880201189 0.035879629629629685 0.07561728395061725
0 0.5201005765603567 0.6368970050297211 0.05594135802469135 0.07098765432098762
0 0.32641460905349795 0.15747837600975462 0.03703703703703706 0.07664609053497942
0 0.5748810442386832 0.6348346288675506 0.050925925925925875 0.06584362139917693
0 0.14817279663923183 0.582911332114007 0.035493827160493846 0.09979423868312752
0 0.6369898834019204 0.6368898605395519 0.04320987654321 0.06327160493827154
0 0.13776872213648833 0.39049592287761015 0.053626543209876525 0.06893004115226338
0 0.3738723315329218 0.6271161979881116 0.04282407407407405 0.06327160493827154
0 0.6867509002057613 0.6374133135192807 0.0324074074074073 0.07304526748971185
0 0.23883959190672155 0.54275548696845 0.04012345679012341 0.06481481481481471
0 0.729966135116598 0.16056670096021947 0.04012345679012349 0.0787037037037037
0 0.06908543381344308 0.17392737387593357 0.038580246913580245 0.06378600823045268
0 0.7874520426097393 0.16827322435604328 0.04205246913580238 0.06841563786008233
0 0.7519525891632374 0.4126081199512269 0.033950617283950636 0.06121399176954735
0 0.4579826281721537 0.5504786808413352 0.05054012345679008 0.0725308641975308
0 0.12618232381687244 0.17854747751867092 0.03587962962962962 0.053497942386831296
0 0.17016166195130314 0.17700712543819538 0.03279320987654322 0.056584362139917674
0 0.0660016932441701 0.4007706523395824 0.04243827160493827 0.05452674897119339
0 0.39007389188957475 0.5453198826398415 0.0397376543209877 0.056584362139917674
0 0.2538925861625515 0.6368870027434843 0.04976851851851849 0.06018518518518508
0 0.34378777649176956 0.3951207895137936 0.054398148148148175 0.06378600823045275
0 0.638918627829218 0.5623018594726413 0.042824074074074125 0.0637860082304527
0 0.7288071201989025 0.5592216316110349 0.03780864197530873 0.07047325102880667
0 0.539379983281893 0.17340725499161713 0.04050925925925936 0.057613168724279816
0 0.21144922410836767 0.6188943187014174 0.042438271604938294 0.0725308641975309
0 0.41167373971193416 0.1775177183356196 0.03240740740740738 0.0524691358024691
0 0.7824430405521263 0.6461548353909464 0.05131172839506175 0.06944444444444454
0 0.7284266760973936 0.6358710562414266 0.04552469135802476 0.07407407407407407
0 0.7994095078875172 0.4043838591678098 0.03858024691358016 0.06790123456790122
0 0.8595979080932785 0.404894452065234 0.04320987654320984 0.06378600823045265
0 0.8484034743655694 0.1790661675049535 0.03433641975308635 0.0581275720164609
0 0.8638403956618655 0.6204384811766499 0.04128086419753079 0.07355967078189302
0 0.7835975008573388 0.5689843392775492 0.04706790123456794 0.0586419753086419
0 0.6871447402263375 0.8149196006706295 0.04398148148148151 0.11316872427983544
0 0.092236529063786 0.7902139536655997 0.04282407407407407 0.09773662551440339
0 0.04863977837791495 0.7943267985063254 0.04128086419753085 0.09516460905349788
0 0.4116772226508916 0.8251748018594726 0.03742283950617278 0.07767489711934158
0 0.36846895361796983 0.8308260935832952 0.03973765432098762 0.0699588477366255
0 0.4888452181927298 0.7778487463801249 0.048225308641975315 0.07664609053497937
0 0.5879897548010974 0.7788675506782502 0.038580246913580314 0.06584362139917703
0 0.14701672882373112 0.7886745541838134 0.03742283950617284 0.10185185185185185
0 0.25388990697873803 0.8385426192653559 0.045910493827160476 0.07047325102880667
0 0.5486338841735254 0.7778435070873343 0.0327932098765431 0.07098765432098762
0 0.30982724622770924 0.8385383325712543 0.040123456790123455 0.06584362139917703
0 0.2052801354595336 0.8421439186099681 0.047839506172839524 0.07098765432098762
0 0.32332711762688615 0.6255801326017375 0.03549382716049381 0.07098765432098772
0 0.317926686814129 0.7675459152568207 0.03665123456790119 0.06069958847736624
0 0.6358279213820303 0.852944482548392 0.03665123456790119 0.06893004115226338
0 0.4676247427983539 0.6327741579027587 0.04629629629629619 0.06275720164609058
0 0.6342841756687243 0.7747513717421124 0.035879629629629525 0.06481481481481481
0 0.7388433427640604 0.8164551897576589 0.04552469135802476 0.10493827160493831
0 0.8279578189300411 0.8133497180307879 0.03703703703703714 0.08436213991769545
0 0.7843621399176955 0.8113078227404359 0.037037037037036986 0.10133744855967079
0 0.8703944830246912 0.8164294695930497 0.034722222222222224 0.07716049382716053
0 0.5849081575788752 0.17290142508763906 0.0455246913580246 0.06687242798353907
0 0.6350606031378601 0.17135678631306203 0.04282407407407405 0.06532921810699589
0 0.685978759430727 0.17598593964334705 0.03163580246913579 0.06481481481481481
0 0.6338970336076817 0.3333904892546868 0.033950617283950636 0.06172839506172836
0 0.6801973486796983 0.3287665752171925 0.03973765432098762 0.06790123456790122
0 0.7380677190500686 0.33185156607224503 0.03973765432098762 0.06635802469135804
0 0.6960152499142661 0.39410436671239135 0.03973765432098762 0.07716049382716053
0 0.6416211205418381 0.40129648681603414 0.045524691358024685 0.0668724279835391
0 0.4433151684670782 0.39256258573388203 0.0405092592592592 0.0787037037037037
0 0.1697900591563786 0.31795743789056546 0.053240740740740713 0.06069958847736624
0 0.056365740740740744 0.3107667466849565 0.05555555555555555 0.0725308641975309
0 0.008520876200274348 0.38639260402377684 0.047839506172839504 0.08179012345679015
0 0.28320660793895747 0.537612882944673 0.03973765432098766 0.0663580246913581
0 0.0015654471021947875 0.5752009983234263 0.03202160493827161 0.10596707818930043
0 0.5374512388545953 0.5509973708276177 0.04089506172839508 0.07716049382716053
0 0.5235655649862825 0.6374085505258346 0.04552469135802476 0.06790123456790127
0 0.4452436449759945 0.8385616712391404 0.0397376543209877 0.09104938271604932
