0 0.7983640903635115 0.10764936747447036 0.1998456790123457 0.1502057613168724
0 0.5626015410665295 0.8123399634202103 0.14621913580246912 0.10493827160493831
0 0.24972270447530864 0.8385711972260326 0.15625 0.10133744855967079
0 0.41676472479423865 0.597837600975461 0.14120370370370366 0.10905349794238688
0 0.4815857017318244 0.21922868084133515 0.15007716049382722 0.10030864197530866
0 0.2890793788580247 0.32774300792562105 0.16319444444444445 0.07355967078189302
0 0.4850539051783265 0.3179803002591069 0.14429012345679015 0.08539094650205757
0 0.12702948173868314 0.2994689262307575 0.1446759259259259 0.0931069958847737
0 0.2724754050925926 0.5926954732510288 0.14236111111111108 0.1111111111111111
0 0.6335902670610425 0.32056231900624904 0.1477623456790124 0.0961934156378601
0 0.3064364711934156 0.21871761164456638 0.15740740740740747 0.10390946502057612
0 0.1428594393004115 0.18478175964029875 0.16203703703703706 0.11985596707818931
0 0.12895420739026062 0.592173449169334 0.1385030864197531 0.10288065843621397
0 0.27864878043552815 0.4877495808565767 0.14313271604938274 0.10288065843621408
0 0.42602693115569273 0.49444158664837673 0.14544753086419746 0.10802469135802475
0 0.6405306927297668 0.21408417162017987 0.14197530864197538 0.09979423868312753
0 0.1559440372085048 0.48517851699436065 0.11496913580246915 0.10390946502057609
0 0.5691596472050755 0.6096607796067672 0.14544753086419754 0.10030864197530867
0 0.5718583890603567 0.49495551364121326 0.1427469135802469 0.1075102880658437
0 0.03476348165294924 0.3153916133211401 0.059413580246913594 0.06738683127572016
0 0.00427758487654321 0.45791657140679776 0.04861111111111111 0.10545267489711926
0 0.7987464098936901 0.2686752210028959 0.1948302469135803 0.16923868312757195
0 0.7145846729252401 0.6127352918762383 0.11304012345679015 0.08744855967078191
0 0.2593720528978052 0.7300416285627191 0.1624228395061729 0.11162551440329217
0 0.11815602494855967 0.6930064967230605 0.1446759259259259 0.11368312757201651
0 0.09154476380315502 0.8231562452370065 0.15779320987654316 0.11985596707818921
0 0.567999828532236 0.7094621627800639 0.14197530864197538 0.10802469135802475
0 0.4256349665637859 0.7099675163846975 0.13657407407407413 0.09825102880658435
0 0.0027732231652949245 0.6132596974546562 0.10455246913580248 0.09825102880658444
0 0.7119036136831276 0.8128467459228776 0.1412037037037038 0.09670781893004106
0 0.7091936192558299 0.7176721345831427 0.12770061728395063 0.08590534979423863
0 0.42949352709190675 0.8221031473860692 0.1373456790123457 0.09362139917695482
0 0.06293697487997256 0.4604762040847432 0.07368827160493827 0.09207818930041148
0 0.8773659872256515 0.8128315043438501 0.07368827160493825 0.08024691358024688
0 0.0397754308127572 0.21973022405121173 0.054398148148148154 0.08641975308641973
0 0.20803406850137177 0.15023814967230606 0.12461419753086417 0.03497942386831275
0 0.3361228995198903 0.1713439262307575 0.12808641975308635 0.051440329218106984
