0 0.09165871967918622 0.03207866023300295 0.15757042253521128 0.4196009389671362
0 0.16029348836071988 0.5543106633628934 0.1183978873239436 0.34565727699530513
0 0.036171019170579036 0.5554800252130063 0.11443661971830985 0.34096244131455405
0 0.6941818882042253 0.5618327247435229 0.11487676056338027 0.23004694835680758
0 0.2888195055751174 0.056053295079116675 0.12544014084507044 0.32629107981220656
0 0.45473365365805946 0.5406472787341332 0.09815140845070426 0.16666666666666657
0 0.558602919600939 0.5447639540949399 0.09242957746478864 0.176056338028169
0 0.3464645075312989 0.5283320292123109 0.10607394366197183 0.176056338028169
0 0.2843676643192488 0.527220809424448 0.05281690140845075 0.24354460093896713
0 0.7980193661971829 0.634006042427404 0.06338028169014097 0.2194835680751174
