0 0.4823077417695473 0.15816948635878678 0.07870370370370365 0.2674897119341564
0 0.5837799532750343 0.16997599451303155 0.08757716049382715 0.24074074074074073
0 0.3939581725823045 0.7321049573235787 0.07754629629629635 0.11779835390946497
0 0.49465047367969817 0.730566034141137 0.07445987654320992 0.1224279835390947
0 0.09188073345336077 0.15392613549763756 0.08603395061728397 0.1291152263374486
0 0.0995911565500686 0.31338115378753234 0.0779320987654321 0.11831275720164608
0 0.37544474451303156 0.1653687509525987 0.08487654320987659 0.264917695473251
0 0.2724384323559671 0.17462229461972262 0.08912037037037036 0.2587448559670782
0 0.29982263803155007 0.5284174477975919 0.0779320987654321 0.13528806584362127
0 0.19141214420438957 0.19412580018289893 0.07793209876543207 0.21141975308641975
0 0.583396829989712 0.7439214677640603 0.09143518518518516 0.10185185185185185
0 0.15865751457475996 0.9249680879439109 0.13348765432098764 0.07664609053497926
0 0.03516080461248285 0.5587548582533151 0.07600308641975309 0.12191358024691354
0 0.500048225308642 0.5202003315043439 0.06944444444444445 0.14969135802469133
0 0.20453210733882032 0.5335776748971194 0.08179012345679013 0.1527777777777778
0 0.38509570044581615 0.542309670781893 0.09336419753086421 0.1388888888888889
0 0.019335937499999997 0.3241702865416857 0.06597222222222224 0.10390946502057614
0 0.04749523105281208 0.7151277434842249 0.059799382716049385 0.11574074074074074
0 0.016629961848422498 0.15545743789056546 0.05825617283950617 0.1162551440329218
0 0.5949518818587106 0.6322764250876391 0.06404320987654318 0.08076131687242784
0 0.3013607574588477 0.7295324645633288 0.07060185185185186 0.11728395061728392
0 0.6801927940672154 0.5299782807498856 0.03317901234567889 0.15432098765432095
0 0.2188019761659808 0.705380753696083 0.07484567901234568 0.14454732510288054
0 0.12851428540809326 0.701754686785551 0.060570987654321014 0.11728395061728403
0 0.30559306412894377 0.6435732929431489 0.05401234567901226 0.05915637860082307
0 0.057918327760630994 0.9408874409388813 0.06905864197530866 0.04732510288065831
0 0.8361036093964335 0.614996284865112 0.10030864197530857 0.30709876543209874
0 0.6767211076817558 0.9378172153635117 0.03395061728395071 0.06481481481481481
0 0.08107049468449931 0.05462343773814968 0.07484567901234566 0.10442386831275723
0 0.17906968021262 0.04586476909007773 0.08256172839506175 0.08950617283950618
0 0.9020645790466393 0.20345459914647157 0.08410493827160492 0.286522633744856
0 0.5779728223593964 0.933703417924097 0.058641975308641986 0.06635802469135799
0 0.3059839570473251 0.9480933737235178 0.06134259259259262 0.051954732510288044
0 0.11849574545610424 0.5500019051973785 0.07831790123456793 0.11316872427983535
0 0.0004198281035665295 0.9778863740283493 0.048996913580246916 0.006172839506172909
0 0.0038904428155006857 0.9187971536351166 0.046682098765432105 0.0787037037037036
