0 0.35925952717764065 0.44663303993293707 0.11149691358024683 0.14146090534979414
0 0.8800907171639232 0.7285393804298125 0.10841049382716048 0.15586419753086422
0 0.4784754372427984 0.4512731481481482 0.11574074074074071 0.15277777777777782
0 0.5058698238168724 0.09372856652949246 0.11921296296296294 0.11574074074074074
0 0.020157375257201644 0.6240821711629324 0.13773148148148148 0.11985596707818921
0 0.14552629886831275 0.1045381801554641 0.11342592592592592 0.1234567901234568
0 0.24352414480452675 0.44663256363359244 0.11921296296296294 0.14094650205761317
0 0.2747612847222222 0.09886831275720163 0.10069444444444445 0.1111111111111111
0 0.3808628579389575 0.10814043209876542 0.10918209876543207 0.12500000000000003
0 0.3569484632201646 0.289743369913123 0.1168981481481481 0.14506172839506173
0 0.2311749828532236 0.29539942463039176 0.11419753086419754 0.14248971193415635
0 0.45763138717421126 0.6837577160493827 0.10030864197530857 0.125
0 0.14897574802812072 0.3066929583904892 0.08063271604938271 0.11728395061728397
0 0.04328355409807956 0.4435294734034446 0.10609567901234568 0.12294238683127566
0 0.1559258187585734 0.434799859015394 0.08873456790123459 0.13940329218106995
0 0.6084493419924554 0.43070892394452065 0.05594135802469135 0.16563786008230455
0 0.019363801011659805 0.11122399405578418 0.10609567901234569 0.1219135802469136
0 0.7497012710048011 0.6461595983843925 0.12538580246913572 0.07458847736625514
0 0.8982161994170096 0.10198045267489711 0.09799382716049397 0.1388888888888889
0 0.7605021326303155 0.08809775567748819 0.12307098765432095 0.1455761316872428
0 0.9255896883573388 0.3788042028654169 0.07137345679012333 0.21965020576131683
0 0.7419608410493826 0.42862987730528884 0.09027777777777778 0.14248971193415635
0 0.28944053283607685 0.7038489750038104 0.1277006172839506 0.15689300411522636
0 0.2002901556069959 0.6724484644109129 0.08449074074074076 0.13323045267489714
0 0.5725868591392319 0.7079656302392928 0.0806327160493827 0.15843621399176952
0 0.056399498456790126 0.7465011050144794 0.10416666666666664 0.110082304526749
0 0.7419892403978052 0.7357234034445969 0.13117283950617287 0.13683127572016465
0 0.676343074845679 0.7434361187319006 0.04513888888888889 0.13323045267489703
0 0.0004292052469135803 0.003173582533150434 0.0625 0.0941358024691358
0 0.07565747170781892 0.00934070644718793 0.05787037037037038 0.08796296296296297
0 0.1424305019718793 0.003681793933851547 0.09992283950617281 0.0874485596707819
0 0.29209908693415637 0.005201188843164152 0.06712962962962968 0.0617283950617284
0 0.3673595036008231 0.002127629172382259 0.10879629629629627 0.07561728395061727
0 0.5170588991769546 0.0036608367626886147 0.12037037037037047 0.06481481481481481
0 0.0008235811042524006 0.29378334095412284 0.07484567901234568 0.06378600823045265
0 0.07875192901234568 0.2984396433470507 0.06944444444444442 0.09259259259259264
0 0.005059638631687242 0.3725275301021186 0.0636574074074074 0.10751028806584365
0 0.4839115012002743 0.2850661103490322 0.16589506172839508 0.09362139917695476
0 0.47500562628600823 0.3740331123304374 0.11921296296296294 0.0668724279835391
0 0.6065147033607682 0.3770980986130163 0.047839506172839524 0.043724279835390956
0 0.7585240912208505 0.28968287989635727 0.05246913580246921 0.07973251028806587
0 0.7369529106652949 0.36938395442767874 0.10108024691358015 0.04578189300411524
0 0.9255918317043896 0.2984320225575369 0.07445987654320985 0.0843621399176955
0 0.8958515517832647 0.36078151196463953 0.026234567901234605 0.19958847736625512
0 0.8870338220164609 0.6482067329675354 0.1064814814814816 0.06327160493827164
0 0.2902193715706447 0.6404782998018594 0.13811728395061734 0.04989711934156381
0 0.2253440072016461 0.6281159503124524 0.050925925925925916 0.03189300411522635
0 0.007362665037722908 0.7480405044962658 0.04668209876543209 0.10596707818930053
