0 0.9247900161384977 0.6773360067814292 0.07790492957746488 0.11443661971830991
0 0.597754364730047 0.6861730568596766 0.0620598591549296 0.15140845070422543
0 0.7711735255281691 0.6703377673448095 0.06734154929577459 0.1619718309859155
0 0.5128056533646321 0.6844037993392453 0.0598591549295775 0.14201877934272297
0 0.675665713028169 0.6820569248826293 0.07130281690140837 0.14260563380281685
0 0.12155742615414711 0.43150484698313335 0.11311619718309858 0.1801643192488263
0 0.48156971341940535 0.40804697009215785 0.08010563380281689 0.19776995305164316
0 0.5581575826486698 0.4227047470005217 0.08494718309859163 0.18309859154929573
0 0.1730725498826291 0.6750293427230047 0.13996478873239437 0.15845070422535207
0 0.02911348298122066 0.43268507650843335 0.09242957746478873 0.18720657276995295
0 0.39663475645539903 0.1891209137541297 0.09771126760563385 0.16607981220657278
0 0.388710081670579 0.42974591375412974 0.0946302816901408 0.18192488262910797
0 0.4124706572769954 0.7148892583898452 0.08450704225352107 0.1085680751173709
0 0.26547675811815336 0.21434315771170234 0.10343309859154926 0.15258215962441313
0 0.3957590595657277 0.013022191792731699 0.10431338028169014 0.12030516431924883
0 0.24521316265649448 0.0311994653103808 0.07878521126760568 0.1038732394366197
0 0.49302315629890453 0.21433663710659018 0.09419014084507041 0.14553990610328638
0 0.040122200215179975 0.23487056598852374 0.09991197183098591 0.1390845070422535
0 0.8543540321791862 0.6656461919666146 0.058538732394366216 0.16549295774647882
0 0.4855389280125196 0.9020860502521302 0.0915492957746479 0.09800469483568072
0 0.8746038732394367 0.8833213788906277 0.0633802816901408 0.11384976525821594
0 0.5801575948748043 0.9020860502521302 0.07482394366197183 0.09800469483568072
0 0.6567378227699531 0.892117675186924 0.06866197183098595 0.10680751173708929
0 0.9401811913145539 0.8844956311945749 0.058098591549295656 0.11443661971830991
0 0.2989164588223787 0.8962196791862285 0.08758802816901413 0.1003521126760563
0 0.7984680653364633 0.8786325204312293 0.07570422535211271 0.12030516431924894
0 0.06037693172926448 0.8803903668927144 0.11179577464788733 0.11737089201877916
0 0.21836976721439746 0.892117675186924 0.0862676056338028 0.10680751173708929
0 0.3979466206964007 0.8921144148843679 0.08538732394366187 0.10328638497652586
0 0.00048018143583724573 0.8745239958268128 0.05765845070422536 0.11971830985915496
0 0.7271588297143975 0.8950503173361155 0.06646126760563394 0.10504694835680747
0 0.07972203883020346 0.01183489827856025 0.08142605633802817 0.10563380281690142
0 0.1576177988067293 0.015959181011997916 0.06822183098591547 0.12323943661971834
0 0.32839305800078245 0.01594994348808903 0.06910211267605636 0.11326291079812206
0 0.8896010612284821 0.42562978177708227 0.11003521126760553 0.17312206572769945
0 0.08632476281298905 0.6703100547730829 0.08230633802816903 0.13204225352112675
0 0.011928733861502347 0.015951030255607717 0.0647007042253521 0.11443661971830986
