0 0.5467321995027434 0.7825522024081695 0.07214506172839508 0.15637860082304528
0 0.2774474344135802 0.7892604023776862 0.07986111111111115 0.17901234567901247
0 0.5189437049897119 0.5155587943910989 0.056712962962963014 0.13683127572016465
0 0.44680292995541837 0.5263612635269014 0.06288580246913587 0.13683127572016454
0 0.6238867991255144 0.7840896966925774 0.06365740740740745 0.15020576131687227
0 0.4198050625857339 0.02328055936595031 0.07484567901234564 0.14300411522633746
0 0.15746152692043897 0.004755372656607224 0.07793209876543207 0.1358024691358025
0 0.6161736968449932 0.2918186061575979 0.06790123456790119 0.16409465020576133
0 0.7646985382373114 0.30775081923487274 0.054783950617283965 0.1486625514403292
0 0.5922493891460905 0.5304755372656607 0.06134259259259262 0.13580246913580254
0 0.3573080096879287 0.2948916895290352 0.07908950617283952 0.14969135802469138
0 0.26085712448559667 0.28204637250419146 0.07870370370370373 0.1656378600823045
0 0.6910153570816187 0.30209619341563787 0.062114197530864286 0.15277777777777773
0 0.664399541323731 0.036660760554793476 0.06867283950617294 0.14917695473251028
0 0.5413357874657064 0.304675830666057 0.07908950617283944 0.16100823045267487
0 0.1574628665123457 0.5412770538027739 0.0798611111111111 0.13477366255144033
0 0.3403318972908093 0.5238016308489559 0.07793209876543214 0.15020576131687238
0 0.2596997170781893 0.5279073311995123 0.07870370370370365 0.1399176954732511
0 0.06641803840877915 0.5407678898033836 0.08641975308641978 0.14043209876543206
0 0.8299034422153636 0.30670772367017224 0.060956790123456825 0.13323045267489714
0 0.4529872899519891 0.2995179850632525 0.07947530864197531 0.14609053497942387
0 0.16324588477366256 0.2835795800944978 0.07407407407407408 0.15483539094650206
0 0.5096930191186557 0.02584686023472032 0.06905864197530866 0.13683127572016462
0 0.327986486196845 0.0006658664837677185 0.0783179012345679 0.16358024691358025
0 0.586462620027435 0.03666457094955037 0.061728395061728336 0.15329218106995884
0 0.05638315543552812 0.2871875476299344 0.08063271604938271 0.1625514403292181
0 0.8113932291666667 0.03975765889346136 0.07291666666666682 0.16049382716049385
0 0.8997312778635117 0.3046634468830971 0.05748456790123445 0.1476337448559671
0 0.6778849451303155 0.5314952941624752 0.04320987654320984 0.12602880658436222
0 0.7376974558470508 0.04488883173296753 0.062114197530864126 0.14660493827160492
0 0.9641471622085048 0.3319058641975308 0.03858024691358016 0.125
0 0.908610093021262 0.05671486816034141 0.06520061728395063 0.14094650205761314
0 0.36849601337448556 0.7877076665142508 0.07870370370370373 0.168724279835391
0 0.0749032814643347 0.8015998894985522 0.08294753086419754 0.17232510288065842
0 0.44912819358710565 0.7856381458619113 0.07793209876543207 0.15586419753086414
0 0.17096890003429355 0.8170167466849565 0.08410493827160494 0.15586419753086433
0 0.7056812092764061 0.7799682784636488 0.06983024691358015 0.14351851851851863
0 0.8900757673182441 0.7686533112330437 0.04243827160493825 0.14557613168724276
0 0.8360652970679012 0.771744970278921 0.04513888888888889 0.1512345679012345
0 0.9494850608710562 0.7660703398872123 0.0362654320987654 0.1337448559670782
0 0.7805054548182442 0.7655502210028959 0.038966049382716035 0.1275720164609054
0 0.05291173696844993 0.012470469440634048 0.0817901234567901 0.13477366255144033
