0 0.32336409036351166 0.7372418457552202 0.0887345679012346 0.110082304526749
0 0.3966574502743484 0.06649424630391708 0.0756172839506173 0.14711934156378603
0 0.5968608003257887 0.5546058146623989 0.035108024691358014 0.08539094650205767
0 0.5447822895233196 0.5582042562109435 0.04205246913580246 0.08281893004115216
0 0.6300403485082304 0.5556365264441396 0.035879629629629685 0.08744855967078191
0 0.05022907021604939 0.5561123494894071 0.1076388888888889 0.04578189300411524
0 0.054079593192729765 0.501064529035208 0.09683641975308643 0.038580246913580314
0 0.1740566593792867 0.337019890260631 0.08603395061728397 0.09259259259259264
0 0.44642891589506173 0.5890393994817862 0.0798611111111111 0.051440329218106984
0 0.12428197873799726 0.7582895137936289 0.07716049382716049 0.0637860082304527
0 0.5934869041495199 0.0654840153939948 0.17669753086419754 0.16718106995884774
0 0.38932586376886147 0.18521995503734187 0.07368827160493825 0.037551440329218096
0 0.07104954346707817 0.3319201531778692 0.08912037037037036 0.1404320987654321
0 0.47767784422153636 0.07729242874561805 0.07831790123456786 0.1424897119341564
0 0.3418820730452675 0.5540847431793934 0.08796296296296298 0.07818930041152264
0 0.6697777349108368 0.5576898529187624 0.03549382716049381 0.08281893004115227
0 0.29249319487311387 0.0834462162780064 0.07908950617283948 0.12191358024691357
0 0.10807934670781892 0.104006630086877 0.07870370370370369 0.10493827160493827
0 0.012410515260631002 0.09836581694863589 0.09336419753086421 0.12397119341563785
0 0.1952771347736626 0.08242550678250267 0.08796296296296294 0.13065843621399179
0 0.7824534893689987 0.07987968678555099 0.06635802469135793 0.1589506172839506
0 0.7183901856138547 0.5571606843468984 0.03742283950617286 0.06687242798353905
0 0.7936248821159122 0.3704341944825484 0.04205246913580238 0.06893004115226338
0 0.6801989561899864 0.36992407788446885 0.04205246913580238 0.07355967078189302
0 0.8820025827331962 0.1312781016613321 0.08371913580246905 0.11368312757201648
0 0.4371683170438958 0.721847850937357 0.07793209876543207 0.1512345679012346
0 0.2134130658436214 0.7259244970278921 0.09259259259259257 0.10956790123456783
0 0.6408910429526748 0.7387526672763298 0.10532407407407413 0.07510288065843619
0 0.5409604338134432 0.7305736549306507 0.09413580246913579 0.13065843621399184
0 0.7666371956447189 0.721267242036275 0.06867283950617285 0.07973251028806581
0 0.890470946930727 0.36118636640755986 0.055941358024691426 0.08127572016460904
0 0.730360510973937 0.3601527968297516 0.05246913580246905 0.07613168724279835
0 0.6231047453703704 0.36736587410455723 0.048611111111111036 0.08847736625514402
0 0.3916680062585734 0.34679974470355135 0.11304012345679015 0.09927983539094645
0 0.2693691593792866 0.3416499961896053 0.11381172839506175 0.09310699588477366
0 0.2492902842078189 0.5412384735558604 0.08912037037037036 0.09310699588477366
0 0.886613725994513 0.546377743484225 0.05709876543209873 0.08796296296296297
0 0.9525679976851852 0.55100689681451 0.03125 0.08744855967078191
0 0.854604177383402 0.7237925811614082 0.07445987654320985 0.02932098765432106
0 0.007382758916323731 0.7212777206218565 0.07561728395061727 0.09104938271604932
0 0.520124957133059 0.33446549687547633 0.09104938271604944 0.11162551440329212
0 0.8433915252057614 0.36376266956256675 0.03935185185185175 0.08590534979423863
