0 0.037118238947574336 0.0829366631890106 0.21082746478873235 0.20539906103286384
0 0.260706426056338 0.08293503303773256 0.20598591549295778 0.20363849765258218
0 0.48426741001564944 0.007305251260650322 0.16197183098591547 0.284037558685446
0 0.6603182462832551 0.020800186924013215 0.154049295774648 0.28110328638497656
0 0.8244819175469483 0.05364501825769431 0.14128521126760568 0.2605633802816901
0 0.0485570104655712 0.003578725439054078 0.20378521126760565 0.06220657276995307
0 0.2615830399061033 0.005338745435576421 0.20070422535211263 0.061619718309859156
0 0.019476538047730828 0.4362518475047818 0.15889084507042253 0.2365023474178403
0 0.1818882042253521 0.4380107807337854 0.15845070422535212 0.23474178403755863
0 0.34958217185054774 0.44094070596418017 0.15889084507042245 0.23004694835680753
0 0.5212361844679185 0.39638106416275437 0.1575704225352112 0.27464788732394363
0 0.6924414979460094 0.4069406407581291 0.14392605633802819 0.2705399061032863
0 0.8442897838419404 0.41163112936880547 0.1434859154929577 0.26584507042253513
0 0.053363103971048514 0.8100319509650495 0.15272887323943662 0.1866197183098591
0 0.21752371870109544 0.8006509737436969 0.13556338028169018 0.19600938967136144
0 0.3614503863458529 0.7883112719527038 0.13644366197183103 0.17899061032863856
0 0.5304470486111111 0.7530684880890279 0.11135563380281689 0.14495305164319253
0 0.6532573479068857 0.7653924317509998 0.12720070422535218 0.14495305164319242
0 0.862770808881064 0.8194161884889584 0.1364436619718311 0.18075117370892027
0 0.5124416202073553 0.9102895148669796 0.16945422535211263 0.08450704225352118
0 0.20741484497261342 0.7436005694661798 0.15625 0.06044600938967135
0 0.0013540444053208138 0.799480525126065 0.04841549295774649 0.19953051643192485
