0 0.6937069028755869 0.5666525386889237 0.0647007042253521 0.3650234741784038
0 0.6083247750391236 0.5584202747348287 0.07218309859154926 0.3474178403755869
0 0.4683664050273866 0.6393638062945575 0.08142605633802817 0.3016431924882629
0 0.7680907056924882 0.6358377890801599 0.06470070422535201 0.2963615023474179
0 0.4278710020539906 0.29008922361328465 0.0779049295774648 0.1977699530516432
0 0.0304137323943662 0.6235078681968353 0.06338028169014084 0.28990610328638494
0 0.22364289906103288 0.637584767866458 0.07394366197183098 0.2816901408450703
0 0.591587502445227 0.21035798122065727 0.05501760563380284 0.28521126760563376
0 0.3310406274452269 0.2443651104155799 0.07878521126760564 0.2523474178403756
0 0.09774764035602504 0.61883313771518 0.05237676056338029 0.3116197183098591
0 0.16465179968701096 0.6457952964701791 0.05633802816901411 0.27582159624413144
0 0.2504927132237872 0.27309435315597286 0.07570422535211267 0.22359154929577468
0 0.023808868838028168 0.2490545122587376 0.059419014084507046 0.24647887323943662
0 0.5114928721635368 0.23556501043296818 0.07086267605633796 0.25528169014084506
0 0.09598891089593113 0.31296785341679706 0.05501760563380282 0.18838028169014082
0 0.17478145784428795 0.26840386454529647 0.06558098591549295 0.22828638497652587
0 0.6637895515453833 0.13822650408624587 0.08230633802816906 0.340962441314554
0 0.754462233470266 0.1300138019474874 0.08758802816901405 0.3444835680751174
0 0.31298140404929575 0.629394887845592 0.059419014084506984 0.3098591549295775
0 0.4023306069053208 0.6276201964875674 0.06029929577464783 0.29460093896713613
0 0.5532912754303599 0.6264388801947487 0.04929577464788737 0.2863849765258216
