0 0.1523474178403756 0.016584072335246048 0.08450704225352115 0.1643192488262911
0 0.2548935103677621 0.04532418275082594 0.07482394366197186 0.1473004694835681
0 0.363168158255086 0.05413134672230917 0.07482394366197183 0.15199530516431922
0 0.45118593505477306 0.0664482263954095 0.0598591549295775 0.1443661971830986
0 0.5202990512519561 0.06352536515388628 0.07570422535211271 0.15669014084507046
0 0.6026108910406887 0.06353786298035125 0.08362676056338018 0.17018779342723003
0 0.02470748973004695 0.36459800469483566 0.0858274647887324 0.17429577464788723
0 0.12418940727699532 0.45606959659189705 0.10035211267605636 0.0903755868544601
0 0.23819138791079808 0.38388215093027295 0.108274647887324 0.08568075117370898
0 0.22807120500782474 0.480113784559207 0.11267605633802817 0.07218309859154928
0 0.36010734546165885 0.38388649800034774 0.10387323943661973 0.09037558685446014
0 0.3543839862089202 0.4742577377847331 0.10167253521126764 0.08568075117370892
0 0.4670319224374022 0.3974162102243088 0.06117957746478871 0.12500000000000006
0 0.5519827733763694 0.4003852590853765 0.06646126760563378 0.16255868544600946
0 0.6272486918035993 0.38397398278560246 0.06910211267605643 0.18485915492957744
0 0.6963309370109546 0.39157809511389324 0.04049295774647877 0.1578638497652583
0 0.7460858030125196 0.42325573813249867 0.067781690140845 0.1443661971830986
0 0.8213569175469484 0.4396805990262563 0.07790492957746473 0.13673708920187794
0 0.9027768608176839 0.45492631716223264 0.06910211267605636 0.12323943661971834
0 0.7909676374217527 0.33870142149191446 0.049735915492957694 0.09330985915492965
0 0.8464409722222223 0.33284972178751526 0.07218309859154932 0.11150234741784036
0 0.9208241637323945 0.33403321161537125 0.07130281690140837 0.12206572769953049
0 0.0022382995892018783 0.7994669405320814 0.054137323943661976 0.18485915492957727
0 0.07884236844679188 0.7871304990436445 0.08230633802816902 0.17136150234741784
0 0.1602803452660407 0.6791422143974961 0.09947183098591551 0.16373239436619721
0 0.16115573650234744 0.8446275647713442 0.09242957746478872 0.1555164319248826
0 0.2909795579029734 0.7513242262215266 0.06690140845070418 0.16255868544600938
0 0.3825380232785603 0.6996658189880021 0.08010563380281689 0.14612676056338028
0 0.37593774452269174 0.8504906755346896 0.08274647887323947 0.1496478873239436
0 0.4828941094483568 0.6650859633107286 0.08582746478873236 0.1942488262910798
0 0.4762880232785603 0.8551811641453659 0.08010563380281698 0.14495305164319253
0 0.5700386345852895 0.6515714658320293 0.0809859154929577 0.176056338028169
0 0.5629927132237871 0.8370033472439575 0.07570422535211271 0.16079812206572755
0 0.702937940140845 0.6444813945400801 0.04753521126760568 0.12441314553990614
0 0.6637868006651017 0.8217614327942967 0.07834507042253527 0.1784037558685446
0 0.7504722344483568 0.8070862676056338 0.04621478873239432 0.17429577464788729
0 0.7830499926643193 0.6486121978786298 0.05677816901408445 0.14906103286384972
0 0.8160617786580594 0.8235100417318727 0.058538732394366216 0.16549295774647893
0 0.8781121625586855 0.8023805642496956 0.04489436619718295 0.16255868544600957
0 0.9221396958137715 0.7330855503390715 0.0642605633802816 0.1126760563380281
0 0.9265386590375586 0.8457605199095809 0.06073943661971839 0.11150234741784046
0 0.8508362676056338 0.7043160972004868 0.0633802816901408 0.09800469483568072
0 0.16597925224960874 0.35805512084854807 0.06646126760563383 0.07981220657276995
