0 0.08646395961934156 0.7259887974394147 0.06365740740740741 0.17901234567901228
0 0.4599287872942387 0.7296020042676421 0.07523148148148151 0.1923868312757202
0 0.5390107917524006 0.6987663846974546 0.06442901234567897 0.22325102880658446
0 0.8252826538923183 0.09171858329522938 0.07368827160493825 0.16718106995884774
0 0.9001315479252401 0.10764936747447036 0.07831790123456793 0.1502057613168724
0 0.6840765389231824 0.07938195397043134 0.07021604938271603 0.1769547325102881
0 0.5112356931584362 0.347465611187319 0.06828703703703698 0.2628600823045268
0 0.6034494491598079 0.07114388050602041 0.07831790123456786 0.16872427983539093
0 0.6786597650891633 0.4363030597469898 0.04783950617283945 0.09619341563786005
0 0.7469671639231824 0.0999404625819235 0.07716049382716063 0.15792181069958847
0 0.024719489454732513 0.4399500838286846 0.04050925925925926 0.14609053497942392
0 0.35500364368998627 0.7263917466849565 0.09413580246913575 0.058641975308642014
0 0.36039951989026064 0.6991126543209876 0.08641975308641968 0.041666666666666664
0 0.8719794881687242 0.33555145938119185 0.09490740740740745 0.17335390946502058
0 0.0015761638374485597 0.7486034903215973 0.0474537037037037 0.15843621399176952
0 0.05210717806927298 0.7306203322664228 0.03433641975308642 0.18106995884773672
0 0.817949995713306 0.7110487158969669 0.07021604938271603 0.154835390946502
0 0.22960015860768174 0.7655087829599146 0.06867283950617285 0.08281893004115227
0 0.1536045739026063 0.7753319806431946 0.07947530864197531 0.1363168724279835
0 0.3469015239197531 0.783565767413504 0.09375 0.1399176954732511
0 0.8935782643175583 0.707940862673373 0.08603395061728412 0.13168724279835387
0 0.6023892961248285 0.6853523662551441 0.21836419753086428 0.18055555555555555
0 0.40513465577846364 0.07831456713915562 0.06057098765432095 0.13528806584362144
0 0.4800065907921811 0.08400158131382411 0.09837962962962968 0.1661522633744856
0 0.16940693587105624 0.5150005715592135 0.05709876543209879 0.08950617283950614
0 0.089941808127572 0.5000909731748209 0.07175925925925927 0.09825102880658435
0 0.5385802469135802 0.8760288065843621 0.0 0.0
0 0.584901727537723 0.34588572626124064 0.0362654320987654 0.2232510288065844
