0 0.18756162122770917 0.7975051440329218 0.08873456790123456 0.19444444444444445
0 0.397810303069273 0.2671615416857187 0.06905864197530866 0.2011316872427983
0 0.08722136488340193 0.7851504153330285 0.043209876543209874 0.184670781893004
0 0.0992066936728395 0.5372089811004421 0.0798611111111111 0.18569958847736615
0 0.47227580589849105 0.2686952255753696 0.07716049382716048 0.19084362139917693
0 0.36617717978395053 0.5531511964639537 0.07291666666666674 0.1810699588477366
0 0.17909111368312758 0.5408117093430879 0.11342592592592596 0.18775720164609047
0 0.2820813507373114 0.7862016079865874 0.08603395061728393 0.2088477366255145
0 0.9005031507201645 0.5495589468068892 0.057870370370370475 0.19032921810699588
0 0.7311398855452675 0.3051907102575827 0.0636574074074073 0.16152263374485598
0 0.044031314300411524 0.28926135497637556 0.07175925925925924 0.18004115226337444
0 0.1215685013717421 0.3020928593202256 0.058641975308641986 0.14917695473251028
0 0.19101589291838134 0.3051873761621704 0.06288580246913583 0.15792181069958847
0 0.26161560142318246 0.2872018366102728 0.059799382716049364 0.1779835390946502
0 0.32566524134087793 0.27590258725803996 0.06905864197530866 0.1970164609053498
0 0.6072884516460906 0.3293362292333486 0.050925925925925875 0.12757201646090535
0 0.04864165380658436 0.5428564624295078 0.04398148148148147 0.17386831275720158
0 0.5567392189643346 0.3519480643194635 0.03780864197530865 0.10390946502057614
0 0.009673996913580245 0.5428693225118123 0.041666666666666664 0.18775720164609036
0 0.0015657150205761318 0.29593097469897883 0.032407407407407406 0.16100823045267487
0 0.6659320344650206 0.318543762383783 0.05324074074074064 0.13837448559670779
0 0.799039780521262 0.33088134430727023 0.06172839506172825 0.12962962962962962
0 0.768944508744856 0.5639417581161409 0.057870370370370475 0.16820987654320985
0 0.8318305791323731 0.5567482091144642 0.05825617283950619 0.17695473251028804
0 0.7091488768861454 0.8026482243560432 0.06327160493827158 0.19341563786008242
0 0.5521221814986282 0.797499904740131 0.055941358024691426 0.1887860082304527
0 0.6173324438443072 0.8000714449016918 0.06983024691358032 0.18827160493827153
0 0.5127759559327847 0.5490459724127419 0.06404320987654326 0.19187242798353915
0 0.4788248028120713 0.7939152758725805 0.06327160493827166 0.206275720164609
0 0.7855286565500686 0.8072678516994362 0.05015432098765429 0.1826131687242798
0 0.8526523919753087 0.8185785322359397 0.041666666666666664 0.17592592592592593
0 0.9066751864711934 0.7995460867245846 0.056712962962963014 0.17644032921810698
0 0.9213383594821674 0.32111244474927597 0.06057098765432095 0.13477366255144038
0 0.30135057656035663 0.54543848117665 0.05594135802469139 0.18467078189300412
0 0.601929012345679 0.5572530864197531 0.11111111111111104 0.16666666666666657
0 0.04863549168381344 0.7851508916323732 0.03510802469135803 0.18518518518518517
0 0.002727409122085048 0.7902830170705685 0.03858024691358025 0.17232510288065864
0 0.13506274648491082 0.788759811766499 0.045910493827160496 0.1939300411522634
0 0.39394584833676266 0.7913327808260936 0.05979938271604945 0.1949588477366255
