0 0.8200395515453834 0.2988996478873239 0.08230633802816906 0.20598591549295775
0 0.7531534257629108 0.643923882802991 0.10431338028169014 0.15610328638497648
0 0.6897627518583724 0.30119164058424625 0.08934859154929574 0.1461267605633803
0 0.8794640673904539 0.673846396278908 0.09022887323943662 0.14847417840375585
0 0.6215381699921753 0.5946036558859329 0.08538732394366204 0.12969483568075107
0 0.2931689529538341 0.4701660580768562 0.05061619718309858 0.10328638497652586
0 0.5202859081572769 0.28885139540949406 0.05677816901408461 0.12852112676056332
0 0.5444945715962441 0.5822536298035124 0.0580985915492959 0.10152582159624414
0 0.3548103726525822 0.5000755303425491 0.08186619718309854 0.08157276995305161
0 0.4819979337832551 0.04587137019648757 0.06294014084507041 0.10446009389671362
0 0.29054766969874807 0.2788341158059468 0.07878521126760564 0.08450704225352113
0 0.3684525992762128 0.0030674013215093022 0.07878521126760568 0.14377934272300472
0 0.21834745451877932 0.2911471917927317 0.054137323943662 0.0727699530516432
0 0.4727571156103286 0.5423469831333682 0.06602112676056338 0.10093896713615007
0 0.43005764622456966 0.32401973569813947 0.05765845070422534 0.08215962441314549
0 0.0977396933685446 0.26179957833420275 0.04093309859154929 0.06748826291079815
0 0.08278071205007824 0.07636878368979308 0.04929577464788732 0.08392018779342723
0 0.15804143437010956 0.255953312467397 0.044454225352112665 0.09154929577464793
0 0.1426349765258216 0.39619848721961404 0.042253521126760556 0.07746478873239432
0 0.06252628618935838 0.36743827160493825 0.037852112676056336 0.07276995305164326
0 0.21658536287167449 0.03650723787167449 0.051936619718309866 0.13204225352112675
0 0.3116554797535211 0.07402136584941749 0.051496478873239465 0.08392018779342725
0 0.6343102014866979 0.010699769605286038 0.09683098591549305 0.1473004694835681
0 0.8610120794209704 0.015393518518518518 0.1390845070422535 0.14612676056338028
0 0.9309440409820032 0.31008628934098414 0.06646126760563378 0.2453051643192488
0 0.6048210705203444 0.2847651495392105 0.09727112676056338 0.15199530516431928
0 0.37902239827856027 0.2723966484089723 0.08802816901408453 0.10387323943661973
0 0.1827046043622848 0.4290715745087811 0.06646126760563383 0.08744131455399058
0 0.25399244424882633 0.6203453747174404 0.044894366197183073 0.043427230046948276
0 0.2201211609937402 0.6532374804381846 0.07306338028169014 0.073943661971831
0 0.16246912901017213 0.6820014997391758 0.08230633802816902 0.08274647887323935
0 0.13561809223395932 0.7236600156494523 0.07878521126760563 0.073943661971831
0 0.04051802132237872 0.6232964919144497 0.036091549295774634 0.0616197183098592
0 0.12065727699530518 0.6109518996696226 0.08450704225352111 0.039319248826290974
0 0.308140771713615 0.8169753086419753 0.06073943661971831 0.0798122065727699
0 0.35875788585680757 0.7782304164493132 0.062059859154929516 0.06631455399061037
0 0.4199380746283255 0.7582860589462701 0.06294014084507041 0.07570422535211271
0 0.3961897251564946 0.907362849939141 0.09066901408450695 0.09272300469483567
0 0.49521958137715183 0.8791911189358372 0.08802816901408453 0.08978873239436612
0 0.5731339862089202 0.8592233959311424 0.10167253521126764 0.073943661971831
0 0.6840473395931143 0.9284700486871849 0.09859154929577459 0.0715962441314554
0 0.034792522496087636 0.10275658581116327 0.03080985915492957 0.061619718309859156
0 0.05636400870500783 0.251222613458529 0.037411971830985914 0.052816901408450724
0 0.07573295676838811 0.5270425795513825 0.04137323943661973 0.05105633802816901
