0 0.031744852797339594 0.20494750912884716 0.07878521126760564 0.14612676056338028
0 0.11496387177230047 0.24073748043818466 0.12544014084507044 0.13732394366197184
0 0.1717160602503912 0.1567721917927317 0.08802816901408456 0.0886150234741784
0 0.2729713786189359 0.16450454268822814 0.12103873239436617 0.20011737089201878
0 0.39619247603677626 0.1644654190575552 0.0946302816901408 0.15786384976525825
0 0.4952486184467918 0.14634411406711875 0.12984154929577466 0.2347417840375587
0 0.6343236502347418 0.15215832029212312 0.11619718309859156 0.17605633802816897
0 0.8003148229655712 0.30113567205703357 0.1998239436619719 0.08568075117370892
0 0.20650919405320814 0.47141095026951835 0.11971830985915494 0.18016431924882637
0 0.0005095241588419405 0.4742881672752565 0.09991197183098591 0.11854460093896711
0 0.11713645588810642 0.47423382889932186 0.08494718309859156 0.05985915492957748
0 0.3407426765453834 0.47901940966788387 0.10607394366197179 0.1578638497652582
0 0.45474221195226916 0.46846852721265864 0.110475352112676 0.17136150234741784
0 0.5731309296752739 0.4619979134063641 0.09727112676056338 0.1549295774647888
0 0.6941546850547731 0.4619424882629108 0.07570422535211271 0.09507042253521131
0 0.00048751711658841945 0.7900566205877239 0.0682218309859155 0.16255868544600946
0 0.10700068466353678 0.7313391149365326 0.06690140845070425 0.12793427230046955
0 0.17831511639280123 0.8006118501130238 0.08362676056338031 0.15375586854460088
0 0.49435335974178407 0.7437326117197008 0.108274647887324 0.20305164319248828
0 0.6387140551643193 0.7513573726308467 0.10035211267605619 0.19835680751173712
0 0.014187512226134586 0.0006765127803860199 0.1483274647887324 0.09683098591549297
