0 0.0383362676056338 0.001948574161015476 0.06338028169014084 0.20305164319248825
0 0.10611704078638498 0.0019529212310902453 0.06205985915492958 0.20774647887323944
0 0.18049687010954618 0.006065249521822292 0.056338028169014086 0.2124413145539906
0 0.2425545896909233 0.0060636193705442525 0.05325704225352115 0.2106807511737089
0 0.34995965375586857 0.003144561815336463 0.06866197183098587 0.227112676056338
0 0.5418586169796558 0.003158689793079464 0.06514084507042249 0.24237089201877932
0 0.6184385392214398 0.006102743001217179 0.058538732394366216 0.25293427230046944
0 0.7518012152777778 0.010807359589636585 0.058538732394366064 0.2634976525821596
0 0.8125345388302034 0.04832963832376978 0.049735915492957694 0.22417840375586853
0 0.9172920334507043 0.07531842288297687 0.05545774647887309 0.21713615023474175
0 0.0010080447965571204 0.3377195270387759 0.18397887323943662 0.3004694835680751
0 0.19422834751564946 0.38227645192140497 0.18177816901408453 0.25293427230046944
0 0.3847653193466354 0.44088799773952353 0.11839788732394364 0.17312206572769961
0 0.5642972417840377 0.38110382976873586 0.05281690140845059 0.25410798122065725
0 0.6171239241001565 0.38227536515388627 0.06690140845070426 0.2517605633802817
0 0.6941381797730829 0.3857959485306903 0.051936619718309866 0.2511737089201878
0 0.7504786531690141 0.38579160146061553 0.05545774647887324 0.24647887323943662
0 0.8204460705203442 0.40219418362023995 0.03389084507042257 0.21478873239436627
0 0.8666562744522691 0.39457811684924354 0.02728873239436606 0.22887323943661972
0 0.9243364265453833 0.4098292688228134 0.058538732394366216 0.22124413145539915
0 0.00680048170970266 0.8100319509650495 0.28565140845070425 0.1866197183098591
0 0.29230823307902976 0.7121065901582334 0.07878521126760564 0.2723004694835679
0 0.39836261492566505 0.7197020083463745 0.050616197183098656 0.2359154929577464
0 0.4798653902582159 0.7062239175795514 0.16109154929577474 0.25704225352112675
0 0.650168720657277 0.7120663797600418 0.11619718309859156 0.22887323943661964
0 0.7852827904929577 0.7208414840897235 0.10299295774647893 0.198943661971831
0 0.9129126320422535 0.7120381238045558 0.08714788732394364 0.198356807511737
0 0.8653422706377152 0.10696944009737437 0.03653169014084515 0.17488262910798127
0 0.0026692708333333334 0.0013611763171622329 0.0409330985915493 0.20246478873239437
0 0.31384579176447575 0.007827443053382021 0.03653169014084507 0.2142018779342723
0 0.6972167204616587 0.05418242479568771 0.04841549295774657 0.20715962441314553
