0 0.15860848551097395 0.7552526291723822 0.06288580246913582 0.11728395061728403
0 0.4587695044581619 0.22290761697911904 0.07253086419753087 0.18467078189300412
0 0.5432522076474622 0.23112187547629934 0.060956790123456825 0.16718106995884774
0 0.38237204218106996 0.2460371894528273 0.06018518518518516 0.1646090534979424
0 0.3198709705075446 0.2424382716049383 0.058641975308641986 0.1666666666666666
0 0.622728587962963 0.25992369684499317 0.0625 0.16203703703703703
0 0.24155842764060356 0.2398500609663161 0.06635802469135801 0.14917695473251033
0 0.1566840277777778 0.224944749276025 0.06944444444444442 0.1625514403292181
0 0.697955782750343 0.2660908207590307 0.05632716049382714 0.15586419753086422
0 0.03864936985596708 0.6523248171010516 0.09953703703703705 0.0663580246913581
0 0.4838179976851852 0.5134354519128181 0.03125 0.06584362139917693
0 0.7172258123285322 0.6173439643347051 0.027391975308641906 0.06481481481481492
0 0.29362327460562415 0.5391518061271148 0.03973765432098766 0.06172839506172847
0 0.3800459747942387 0.6091130353604634 0.04398148148148151 0.06430041152263376
0 0.677488425925926 0.6055117360158511 0.027777777777777776 0.0637860082304528
0 0.5200839656207132 0.5206337639079409 0.03202160493827159 0.06224279835390942
0 0.4822745198902606 0.5911174935223289 0.030864197530864206 0.07355967078189313
0 0.4394536608367626 0.5088091563786008 0.03549382716049389 0.06944444444444445
0 0.7114395790466392 0.5124037875323884 0.028549382716049364 0.06275720164609047
0 0.6427662037037037 0.6096226756591984 0.027777777777777856 0.05915637860082307
0 0.34184724365569275 0.5417233462886756 0.03780864197530869 0.0612139917695473
0 0.1585846407750343 0.586475956409084 0.028549382716049385 0.06069958847736624
0 0.6065031828703704 0.6096207704618198 0.03125 0.05709876543209873
0 0.19793836805555556 0.5967587829599146 0.03125 0.0550411522633746
0 0.6736298653978052 0.5216559023014784 0.027006172839506112 0.055041152263374395
0 0.3896886252572016 0.5396685909160189 0.040509259259259287 0.06430041152263376
0 0.5181538816015089 0.5962572397500381 0.030478395061728492 0.06893004115226328
0 0.39470432527434846 0.47587543819539707 0.04089506172839508 0.056584362139917674
0 0.3252582733196159 0.6121956447187928 0.03858024691358028 0.06018518518518518
0 0.6153753000685871 0.5221731633897272 0.02932098765432103 0.05812757201646095
0 0.27741742755486964 0.6075645861911294 0.03665123456790127 0.058641975308642014
0 0.6331222136488339 0.5165171086724586 0.02932098765432103 0.06069958847736624
0 0.5829686964163237 0.5206294772138395 0.030478395061728492 0.05761316872427979
0 0.5501754865397805 0.5180622237463801 0.030478395061728412 0.06275720164609047
0 0.23111657664609053 0.5926507011126352 0.03009259259259262 0.06275720164609047
0 0.7666278185013717 0.26917724051211706 0.05516975308641984 0.15586419753086417
0 0.9066684885116598 0.2784326893766194 0.04706790123456794 0.15174897119341565
0 0.8329845036008229 0.2763750762078951 0.0532407407407408 0.15174897119341565
0 0.7588938185871056 0.6122061233043743 0.02932098765432095 0.07150205761316879
0 0.9633720743312757 0.28047696616369455 0.03356481481481476 0.13734567901234565
0 0.8379811814128942 0.6142604023776863 0.026234567901234605 0.06790123456790137
0 0.8148349086934156 0.5201245999085505 0.028935185185185237 0.06790123456790116
0 0.33143272033607685 0.7475146700198141 0.04089506172839504 0.0936213991769546
0 0.37811347950960217 0.9141684766041761 0.038966049382716035 0.07973251028806581
0 0.37271117326817554 0.7490597850937358 0.03742283950617286 0.09567901234567905
0 0.3337475351508916 0.9167395404663923 0.04089506172839508 0.0787037037037037
0 0.597632137345679 0.9223922610882488 0.03472222222222214 0.072530864197531
0 0.5548075274348422 0.9254758230452675 0.03395061728395071 0.06944444444444454
0 0.2967043359910837 0.9090234910836763 0.03202160493827163 0.0787037037037035
0 0.45759119941700965 0.777840172991922 0.04243827160493825 0.0673868312757202
0 0.47108919538751715 0.9213610730071635 0.035108024691358014 0.06995884773662561
0 0.21105833118998624 0.7711553116902911 0.035108024691358056 0.0699588477366255
0 0.2527282128772291 0.7696201989026064 0.0397376543209877 0.0787037037037036
0 0.19447204003772292 0.899768042219174 0.03973765432098766 0.08281893004115227
0 0.29516219778806585 0.7398010021338212 0.03356481481481484 0.0961934156378601
0 0.5162262088477366 0.9187890565462583 0.03240740740740746 0.0699588477366255
0 0.41668943972908096 0.7690981748209115 0.03279320987654325 0.07047325102880656
0 0.5972490140603567 0.7721841182746533 0.038580246913580314 0.0699588477366255
0 0.7955490719307272 0.6260802469135802 0.03510802469135794 0.05555555555555555
0 0.687909379286694 0.759842725956409 0.03395061728395071 0.07458847736625514
0 0.02900350437242798 0.7511388317329676 0.09837962962962964 0.1188271604938272
0 0.6393004115226338 0.923931660570035 0.037037037037036986 0.06841563786008244
0 0.24000208976337448 0.9172477518670935 0.04745370370370373 0.07201646090534973
0 0.7253311471193414 0.7613830780368847 0.03240740740740746 0.07150205761316879
0 0.5081275720164609 0.7840087258039933 0.037037037037036986 0.06275720164609037
0 0.5505642361111112 0.7783579103795154 0.034722222222222224 0.07098765432098762
0 0.43250975222908095 0.9208466697149825 0.0362654320987654 0.0699588477366255
0 0.5578976980452675 0.6229947797591829 0.0393518518518519 0.056584362139917674
0 0.6466285150891632 0.7670386564548086 0.033950617283950636 0.06841563786008233
0 0.43637099194101514 0.618363244932175 0.040895061728395 0.054526748971193334
0 0.7801204561042523 0.7773129096174364 0.04012345679012349 0.05349794238683122
0 0.8561165766460905 0.9295924782807499 0.03009259259259254 0.07098765432098783
0 0.7361365633573388 0.9100542028654169 0.03665123456790127 0.08076131687242794
0 0.9656863533093277 0.7922401310775796 0.032793209876543335 0.0637860082304527
0 0.8919986175411522 0.7649896166742874 0.03356481481481492 0.07767489711934158
0 0.8113653656550067 0.909020156988264 0.032793209876543175 0.07510288065843619
0 0.9313467185356653 0.7649896166742874 0.028163580246913494 0.07767489711934158
0 0.847629190243484 0.7644685451912818 0.030478395061728572 0.07047325102880667
0 0.8970172646604937 0.9280497447035514 0.0381944444444446 0.07150205761316857
0 0.952955407664609 0.9331904435299497 0.03356481481481492 0.06790123456790116
0 0.8646058384773663 0.6229923982624599 0.0324074074074073 0.05401234567901238
0 0.9020434134945131 0.6327684423106235 0.05362654320987651 0.056584362139917674
0 0.0074224108367626895 0.24001295534217343 0.13271604938271608 0.32510288065843623
0 0.02014263974622771 0.9007787494284407 0.11651234567901234 0.06327160493827164
0 0.012041055812757202 0.5695073159579332 0.11689814814814814 0.06790123456790127
