0 0.36278024262688613 0.5299273167200121 0.18132716049382722 0.09927983539094656
0 0.4160116062242798 0.25010621475384853 0.16782407407407404 0.11471193415637858
0 0.25433947402263374 0.42189595717116296 0.1377314814814815 0.09207818930041148
0 0.5522038966049383 0.5268485177564396 0.1736111111111111 0.1075102880658436
0 0.6081256965877916 0.2783698178631306 0.14544753086419746 0.08384773662551444
0 0.27477843149862824 0.26911817939338517 0.1253858024691358 0.09207818930041153
0 0.10966167266803839 0.4208690557841792 0.13503086419753088 0.09413580246913576
0 0.11660129458161865 0.5278625590611188 0.12808641975308643 0.09156378600823048
0 0.7168836805555555 0.4506596745922878 0.09027777777777778 0.045781893004115184
0 0.10194562328532235 0.26033998247218415 0.13503086419753085 0.05606995884773661
0 0.24892216435185183 0.5345450388660264 0.11458333333333337 0.08641975308641979
0 0.454582475994513 0.14104271452522482 0.15432098765432095 0.10390946502057614
0 0.7300282921810699 0.5283612444749276 0.12962962962962968 0.07458847736625503
0 0.09770367155349796 0.3266851470812377 0.13773148148148145 0.04218106995884767
0 0.21031378600823045 0.012427126200274348 0.07407407407407408 0.08796296296296297
0 0.011999796382030177 0.22792876467001982 0.057484567901234566 0.05195473251028807
0 0.0054743762860082305 0.09107557918000304 0.10532407407407408 0.02829218106995885
0 0.29943442429698214 0.010374276024996189 0.07445987654320992 0.09310699588477367
0 0.4159515925068587 0.04427869227251943 0.08140432098765428 0.043209876543209874
0 0.7936990955075446 0.2953322664228014 0.1489197530864197 0.06995884773662545
0 0.7906014231824418 0.17239750038103946 0.13271604938271586 0.07818930041152262
0 0.8449725115740742 0.4460271871665904 0.09375 0.04269547325102889
0 0.8889631022805212 0.5391694292028654 0.1068672839506173 0.08076131687242805
0 0.8036852173353909 0.01960829141899101 0.0844907407407408 0.06584362139917696
0 0.9105522333676268 0.027831123304374334 0.08410493827160492 0.057613168724279844
0 0.6609340170610426 0.14568044124371282 0.07831790123456778 0.11265432098765436
0 0.393584962277092 0.6935966316110349 0.09567901234567897 0.19547325102880656
0 0.12393823945473251 0.7465658817253467 0.1377314814814815 0.1800411522633746
0 0.5112882051611797 0.7162370446578264 0.1439043209876543 0.2026748971193417
0 0.670225426526063 0.7768890032007316 0.12461419753086421 0.1512345679012346
0 0.8018242562585732 0.8601389841487579 0.1824845679012346 0.0612139917695473
0 0.793721064814815 0.7840153939948179 0.18055555555555555 0.0699588477366255
0 0.809537626457476 0.9342102004267642 0.17862654320987667 0.05812757201646106
0 0.792547850222908 0.6981105204999238 0.15779320987654333 0.07047325102880656
0 0.00045840835048010977 0.05763745999085505 0.10455246913580248 0.02623456790123457
0 0.5077862439986284 0.06535589087029416 0.10108024691358015 0.028806584362139932
0 0.0004568008401920439 0.5108929660112788 0.10223765432098766 0.09773662551440318
0 0.00046698173868312757 0.6915604519128181 0.11689814814814815 0.2186213991769548
0 0.00045117455418381346 0.2819239635726261 0.09413580246913582 0.03343621399176953
0 0.0015967935528120715 0.33028215973174824 0.07716049382716049 0.038065843621399156
