0 0.9209648812585735 0.4323026215515927 0.07831790123456793 0.220164609053498
0 0.6933272247942387 0.7378410303307422 0.0578703703703704 0.20164609053497948
0 0.7666417502572017 0.5972831885383325 0.07523148148148143 0.06584362139917693
0 0.38854059499314125 0.5016398986434994 0.0540123456790123 0.10442386831275725
0 0.44372508359053503 0.10203522709952752 0.07523148148148143 0.1980452674897119
0 0.19412187071330592 0.04654492455418381 0.0910493827160494 0.26851851851851855
0 0.28709999785665297 0.04294219631153788 0.09066358024691361 0.2664609053497943
0 0.37581581147119336 0.08199778997104101 0.06365740740740738 0.22427983539094648
0 0.14086130401234567 0.4148338667885993 0.0625 0.24279835390946503
0 0.02821314514746228 0.3988792676421277 0.07137345679012347 0.2340534979423869
0 0.5428755144032921 0.42666704770614233 0.07407407407407413 0.24485596707818932
0 0.112321030521262 0.04037922953818015 0.07561728395061729 0.27623456790123463
0 0.45182586376886147 0.43128905654625815 0.07368827160493825 0.23662551440329227
0 0.039402220507544584 0.047574207437890564 0.07253086419753087 0.2690329218106996
0 0.2785890346364884 0.38400205761316875 0.05709876543209873 0.2777777777777778
0 0.6254206318587106 0.48987530483158054 0.05015432098765436 0.17644032921810698
0 0.7022030928497942 0.5016941967687852 0.06134259259259254 0.16306584362139925
0 0.6277255336934157 0.1436823654930651 0.035879629629629525 0.17695473251028804
0 0.5883723422496571 0.1477833028501753 0.03395061728395055 0.16152263374485598
0 0.5563515410665295 0.14470355128791343 0.0351080246913581 0.16872427983539093
0 0.5185455782750342 0.1303083561957019 0.03896604938271611 0.17746913580246912
0 0.34956195344650204 0.40963029644871213 0.03587962962962964 0.17849794238683117
0 0.22611427254801097 0.3653987578113092 0.0489969135802469 0.18621399176954745
0 0.6582015174897119 0.11849613244932176 0.03240740740740746 0.19804526748971196
0 0.8241153335048012 0.10974556089010822 0.05941358024691349 0.1918724279835391
0 0.8503515089163236 0.42409407864654775 0.06172839506172857 0.24382716049382724
0 0.7512096514917697 0.1184904168571864 0.07523148148148143 0.1918724279835391
0 0.892407728909465 0.09279406721536351 0.06712962962962953 0.2175925925925926
0 0.6994928305041151 0.10925211476909008 0.04745370370370365 0.21450617283950618
0 0.7651033629115227 0.5175554412437129 0.08217592592592587 0.07098765432098762
0 0.6080761316872428 0.7481319539704313 0.07407407407407404 0.20473251028806594
0 0.3233539094650206 0.7836024424630391 0.07407407407407404 0.17952674897119344
0 0.5351549104080933 0.7285770080780368 0.0675154320987654 0.19650205761316877
0 0.23616951731824415 0.7625323883554336 0.08410493827160492 0.20164609053497937
0 0.07140346364883401 0.7789690024386526 0.04320987654320988 0.17541152263374477
0 0.10689139660493828 0.754265736930346 0.034722222222222224 0.1625514403292181
0 0.3920136209705075 0.41623132906569116 0.05516975308641976 0.08539094650205761
0 0.0019785772462277093 0.8170105547934766 0.07137345679012347 0.14917695473251028
0 0.8835680298353908 0.7193410874866635 0.1157407407407408 0.22170781893004127
