0 0.0005134976525821597 0.15399930446878807 0.1056338028169014 0.2629107981220657
0 0.1717016945422535 0.07713984524430535 0.06734154929577464 0.2828638497652582
0 0.15679834213615026 0.004761671883150757 0.15580985915492956 0.0721830985915493
0 0.24175072134194053 0.08891225439054078 0.16329225352112675 0.32100938967136144
0 0.4649140502738654 0.08187652147452618 0.18045774647887317 0.3280516431924882
0 0.5780082404147104 0.01943031646670144 0.14876760563380284 0.06924882629107981
0 0.7619990341353676 0.11002217005738132 0.16593309859154934 0.3028169014084507
0 0.9480994473787168 0.11632107459572248 0.051936619718309866 0.13380281690140847
0 0.9533765527190924 0.0006949878282037907 0.04533450704225351 0.11678403755868545
0 0.9502986233372457 0.42444466179794815 0.049735915492957694 0.16079812206572774
0 0.9546969752543036 0.6473890410363415 0.04533450704225351 0.09565727699530513
0 0.9524953540688575 0.7465652712571728 0.044014084507042306 0.09330985915492955
0 0.6669371698943662 0.7408151843157711 0.17825704225352107 0.22124413145539912
0 0.6849814162754304 0.4725933533298557 0.17605633802816897 0.1895539906103286
0 0.5111126393779343 0.471394648756738 0.15713028169014073 0.16255868544600943
0 0.5031846024061033 0.6985518822813425 0.14920774647887325 0.2106807511737089
0 0.2981141187402191 0.7390404929577465 0.19982394366197187 0.20598591549295775
0 0.29679766969874805 0.5207376977916884 0.20554577464788729 0.21361502347417838
0 0.07232186521909233 0.5224884802643018 0.19982394366197181 0.20305164319248828
0 0.07804430751173708 0.7314048643714136 0.20070422535211263 0.198943661971831
0 0.8790083382237872 0.6726721439749609 0.06778169014084515 0.14788732394366208
