0 0.13041730967078188 0.3628434118274653 0.023148148148148136 0.20421810699588472
0 0.37850330075445815 0.06912294238683128 0.0447530864197531 0.2083333333333333
0 0.4321298439643347 0.06859806050906873 0.0447530864197531 0.19701646090534983
0 0.31638642403978057 0.3577212886755068 0.04089506172839504 0.22788065843621397
0 0.4772679290980795 0.06603461743636642 0.04359567901234571 0.20627572016460907
0 0.6863744748799725 0.40142794543514704 0.045910493827160476 0.20884773662551445
0 0.4456275720164609 0.3880506020423716 0.03703703703703706 0.2057613168724281
0 0.48884307484567907 0.39164332799878065 0.04513888888888889 0.1970164609053498
0 0.6377596129115226 0.387043228928517 0.0405092592592592 0.22890946502057613
0 0.5405389981995885 0.38188538332571254 0.04282407407407405 0.21399176954732502
0 0.3619073645404664 0.36235139460448107 0.03549382716049381 0.22839506172839508
0 0.043237204218107 0.36798982624599913 0.03935185185185186 0.2067901234567901
0 0.3414601015946502 0.05266156073769242 0.035879629629629685 0.2078189300411523
0 0.40087341392318243 0.3690281588172535 0.03549382716049389 0.2170781893004116
0 0.5856794945987654 0.3721164837677183 0.04513888888888889 0.21913580246913578
0 0.6207888588820301 0.018240836000609665 0.04706790123456794 0.25565843621399176
0 0.7870632930384088 0.3798525377229081 0.037808641975308574 0.24074074074074073
0 0.08143084490740742 0.37260088020118887 0.03819444444444445 0.1867283950617283
0 0.03706168552812071 0.0038289704313366865 0.03549382716049383 0.24639917695473249
0 0.5251044881687242 0.05832761774119799 0.039351851851851825 0.21604938271604943
0 0.5737131880144033 0.0454856348117665 0.035879629629629685 0.23559670781893008
0 0.000791698816872428 0.3494960752934004 0.028935185185185182 0.2335390946502058
0 0.2924674747085048 0.07065662627648225 0.04205246913580246 0.198045267489712
0 0.07833692343964335 0.009988949855205 0.027391975308641976 0.23251028806584365
0 0.2835862482853224 0.36900148605395516 0.030864197530864168 0.1882716049382717
0 0.0004002700617283951 0.016150834476451763 0.020833333333333332 0.22067901234567902
0 0.8368435999657065 0.018236549306508157 0.054783950617283965 0.2510288065843621
0 0.9097463348765432 0.022870465630239294 0.034722222222222224 0.25565843621399176
0 0.7616059563614541 0.03621256287151349 0.045910493827160476 0.22067901234567902
0 0.735366298010974 0.39475022862368536 0.038580246913580314 0.21913580246913586
0 0.7126106502914952 0.038288751714677646 0.0482253086419754 0.24074074074074073
0 0.6693970228909465 0.020297496570644717 0.042824074074074125 0.25462962962962965
0 0.8376109182098765 0.3803102613930803 0.04861111111111111 0.17952674897119344
0 0.8970220871913579 0.3818420400853529 0.04513888888888905 0.16718106995884768
0 0.380063389489026 0.6987320911446425 0.06905864197530866 0.1862139917695474
0 0.5505974579903978 0.6771433470507544 0.08256172839506166 0.2037037037037037
0 0.476123649691358 0.6688866979119038 0.062499999999999924 0.17541152263374477
0 0.7380902241941015 0.698791628562719 0.07214506172839508 0.25051440329218116
0 0.6566832240226338 0.6998094802621552 0.06828703703703706 0.2386831275720164
0 0.299431209276406 0.6766084628867551 0.06983024691358024 0.18158436213991766
0 0.020084769375857337 0.6946516346593506 0.03317901234567902 0.2237654320987654
0 0.06792373971193415 0.7131515775034293 0.03240740740740742 0.2037037037037038
0 0.1269469628772291 0.7043600442005792 0.02584876543209877 0.15329218106995884
0 0.1929178455075446 0.8452222412741961 0.023919753086419762 0.06224279835390942
0 0.1609503600823045 0.2660188995579942 0.10185185185185185 0.0781893004115226
0 0.1655850801611797 0.37094955037341876 0.10918209876543208 0.06995884773662545
0 0.1617259837962963 0.4506739635726261 0.10763888888888885 0.06121399176954735
0 0.16480972436556926 0.5196040047248897 0.10378086419753087 0.0612139917695472
0 0.1736775548696845 0.5880163084895594 0.09567901234567897 0.057613168724279996
0 0.1794619127229081 0.6528173106233806 0.09182098765432099 0.04269547325102889
0 0.1756089784807956 0.7068410874866636 0.09915123456790123 0.0550411522633745
0 0.17831415037722903 0.7726837562871512 0.10570987654320987 0.05401234567901238
