0 0.5695969654733959 0.03664688749782646 0.0787852112676056 0.28286384976525825
0 0.8477659795579029 0.011437684750478178 0.07878521126760553 0.3104460093896713
0 0.7434654367175273 0.0032276995305164317 0.09727112676056338 0.3169014084507042
0 0.7342130037167449 0.46277766910102597 0.08362676056338042 0.36326291079812195
0 0.4027661629499218 0.42163210745957225 0.053697183098591554 0.29225352112676056
0 0.6496995427425665 0.4504341636237176 0.0743838028169015 0.3421361502347419
0 0.5757503790101721 0.4486572987306555 0.06646126760563385 0.32453051643192493
0 0.5009288805751174 0.45039775691184136 0.06998239436619708 0.30281690140845074
0 0.34378606709702664 0.4145664884367936 0.051936619718309866 0.26701877934272306
0 0.27115579763302033 0.22135117805599025 0.041813380281690134 0.11561032863849766
0 0.3728426985524257 0.044278169014084504 0.0625 0.2852112676056338
0 0.44105413732394366 0.03253401582333507 0.047535211267605605 0.2775821596244131
0 0.25180641138497656 0.5212310902451748 0.06602112676056338 0.1126760563380282
0 0.4987232858959311 0.025512410885063466 0.06294014084507041 0.29988262910798114
0 0.328814859643975 0.034885237350026084 0.04269366197183098 0.2816901408450704
0 0.20996582795383414 0.23484122326551904 0.026848591549295777 0.10739436619718311
0 0.26412057413928014 0.09282461745783342 0.051936619718309866 0.10974178403755869
0 0.22977216598200315 0.10339288819335768 0.02684859154929574 0.11502347417840375
0 0.1663882164514867 0.23953551556251088 0.02156690140845073 0.10680751173708919
0 0.23946137764084502 0.41088071639714835 0.03565140845070422 0.0892018779342723
0 0.2126051447574335 0.4097108111632759 0.024647887323943646 0.09330985915492959
0 0.022029049295774646 0.003028821074595722 0.03169014084507042 0.10211267605633803
0 0.07396780858763694 0.0006667318727177883 0.03477112676056337 0.08626760563380283
0 0.14218169258607197 0.238950291253695 0.023327464788732398 0.10856807511737096
0 0.048443001760563376 0.17612317423056859 0.039612676056338024 0.07218309859154932
0 0.8248948552425666 0.46105296904886106 0.10211267605633796 0.4019953051643192
0 0.9388629083528951 0.4540645105199096 0.06117957746478879 0.46009389671361495
0 0.49741172730829414 0.856363023821944 0.07570422535211271 0.153755868544601
0 0.5814771004499217 0.894464006259781 0.07350352112676062 0.10563380281690134
0 0.36184192830594675 0.813553077725613 0.06646126760563385 0.1866197183098591
0 0.43181912656494525 0.8246967918622848 0.058978873239436624 0.17957746478873243
0 0.6571834653755869 0.007339484437489133 0.07658450704225343 0.3210093896713615
0 0.05371277142018779 0.003609154929577465 0.022447183098591544 0.09507042253521127
0 0.10962166226525823 0.000649886976178056 0.03829225352112676 0.06807511737089203
0 0.0022095681729264478 0.22897485219961747 0.01276408450704225 0.10974178403755865
0 0.017620610817683884 0.22663069466179792 0.021566901408450707 0.11326291079812205
0 0.04226483030125196 0.2588826943140323 0.01628521126760564 0.08626760563380284
0 0.058560128129890456 0.2512595635541645 0.030809859154929578 0.09272300469483573
0 0.09288011052425664 0.255364827856025 0.014964788732394357 0.08978873239436622
0 0.10652661629499216 0.2495028038601982 0.01804577464788733 0.09683098591549298
0 0.12721109643974962 0.24364241001564943 0.014964788732394338 0.10563380281690145
0 0.18795572916666667 0.23543025126065034 0.022447183098591516 0.10974178403755867
0 0.23681533646322378 0.2278071205007825 0.028169014084507026 0.11619718309859157
0 0.19764432951877936 0.11922926447574335 0.030369718309859156 0.10563380281690139
0 0.17123435054773084 0.1262726047643888 0.028169014084507043 0.10680751173708922
0 0.14570434761345852 0.127448487219614 0.025528169014084532 0.1091549295774648
0 0.12061662509780909 0.14563391149365326 0.025968309859154933 0.10152582159624417
0 0.09113024501173708 0.1573623065553817 0.030369718309859156 0.09213615023474175
0 0.1927960558489828 0.4050246696226743 0.020686619718309866 0.10269953051643188
0 0.11050194395539907 0.3962060945922449 0.03829225352112676 0.08568075117370887
0 0.08936417987089203 0.39973102503912367 0.022447183098591554 0.08978873239436622
0 0.016742468701095463 0.43731198921926623 0.02464788732394366 0.11384976525821594
0 0.04094349080594679 0.4349776125891149 0.014964788732394372 0.1279342723004696
0 0.05414924442488262 0.4807169405320814 0.017165492957746487 0.08978873239436622
0 0.06867480927230048 0.4830692488262911 0.018485915492957736 0.09507042253521127
0 0.08628808440923316 0.4883509389671361 0.02948943661971832 0.09507042253521127
0 0.20557144953051645 0.5171193053382019 0.03697183098591547 0.1085680751173709
0 0.18575257971439751 0.5130086071987481 0.01892605633802818 0.10563380281690134
0 0.1606691363458529 0.5077236567553468 0.02552816901408449 0.10211267605633802
0 0.1430598347026604 0.5012633672404799 0.020246478873239444 0.09683098591549298
0 0.12237535455790298 0.49597950356459747 0.02332746478873238 0.09448356807511739
0 0.3336478506455399 0.797625412971657 0.030369718309859156 0.09741784037558696
0 0.29843872261345855 0.7882351982263954 0.03345070422535209 0.09683098591549298
0 0.28391376907277 0.6825975917231786 0.03301056338028169 0.09272300469483558
0 0.25222332257433494 0.6726232394366196 0.032570422535211245 0.09507042253521127
0 0.2174540297339593 0.6673377456094594 0.03521126760563386 0.09096244131455386
0 0.21834103579812206 0.778267909928708 0.04489436619718311 0.10680751173708919
0 0.20071828540688574 0.7559603764562686 0.02024647887323946 0.09917840375586845
0 0.182232369913928 0.7495071509302731 0.020246478873239424 0.10152582159624414
0 0.0977378594483568 0.7060717701269345 0.03829225352112676 0.09272300469483567
0 0.06780247456964007 0.689639301860546 0.029929577464788724 0.0921361502347417
0 0.036552474569640066 0.642696922274387 0.029929577464788727 0.0985915492957747
