0 0.10574872848200312 0.298408428968875 0.1654929577464789 0.3092723004694837
0 0.2703614045383412 0.29370815945053036 0.16549295774647887 0.30340375586854457
0 0.45608769806338034 0.2972233089897409 0.14656690140845074 0.29694835680751175
0 0.579305127640845 0.6932674752217005 0.11487676056338035 0.20774647887323958
0 0.43363103971048517 0.6962147887323944 0.13292253521126757 0.22183098591549297
0 0.6990310788341159 0.6950323856720572 0.12588028169014087 0.21244131455399054
0 0.626862651604069 0.3013329203616762 0.14700704225352107 0.29870892018779355
0 0.2892718725547731 0.6973890410363415 0.14304577464788729 0.22241784037558684
0 0.13127384096244132 0.6921193053382021 0.16109154929577466 0.2353286384976525
0 0.662525674882629 0.0007411754477482177 0.16373239436619724 0.16666666666666666
0 0.018182096048513303 0.0054490523387237 0.19630281690140844 0.1807511737089202
0 0.44380379499217526 0.0007656277169187967 0.2042253521126761 0.193075117370892
0 0.22637452318075119 0.0013421578855851157 0.20466549295774644 0.181924882629108
0 0.7861875244522691 0.3288650886802295 0.13820422535211271 0.24471830985915496
0 0.8702443392996871 0.0025403190749434886 0.12367957746478864 0.20833333333333334
0 0.008441534624413145 0.7249570726830118 0.11355633802816902 0.20715962441314548
0 0.8526469581377152 0.6862464136671883 0.13556338028169013 0.23063380281690143
