0 0.17479918573943662 0.09523887150060859 0.09110915492957744 0.18192488262910797
0 0.5330649696791863 0.09873391584072334 0.07834507042253512 0.15375586854460094
0 0.5348185030320813 0.3763052077899496 0.06822183098591547 0.14201877934272292
0 0.46131131406494524 0.6016263475917232 0.06294014084507041 0.1085680751173709
0 0.6206563600352112 0.10108187706485829 0.08318661971830986 0.15434272300469482
0 0.7148535309076682 0.3376081333681099 0.09330985915492959 0.1801643192488262
0 0.15674057365023475 0.37513910624239266 0.07262323943661973 0.15023474178403745
0 0.6188881553208138 0.3681006564075813 0.07218309859154926 0.15434272300469487
0 0.16906360035211268 0.6040079986089376 0.07130281690140847 0.1455399061032864
0 0.6197598787167448 0.6033798469831334 0.0598591549295775 0.10093896713615017
0 0.08103543133802818 0.6086854460093897 0.07130281690140843 0.12676056338028172
0 0.5502084555946791 0.593421796209355 0.04665492957746488 0.1208920187793426
0 0.44635416666666666 0.37572541731872716 0.07394366197183094 0.1496478873239436
0 0.274707489730047 0.0928854764388802 0.0858274647887324 0.17546948356807515
0 0.8160859252738655 0.3399604416623196 0.09330985915492959 0.1854460093896713
0 0.3297321253912363 0.6444542253521127 0.0959507042253521 0.09507042253521127
0 0.08631437059859154 0.3821704920883324 0.06734154929577466 0.13849765258215965
0 0.23772832306338032 0.36165395148669793 0.07526408450704226 0.1637323943661971
0 0.36492627640845077 0.09933218135976353 0.07130281690140837 0.16607981220657275
0 0.697229863556338 0.5963946487567379 0.06734154929577482 0.16255868544600946
0 0.7069251882824727 0.05416721005042602 0.08494718309859148 0.19072769953051644
0 0.32180103188575904 0.362245696400626 0.08362676056338023 0.16901408450704225
0 0.8622707599765257 0.6866925317336116 0.050176056338028255 0.07863849765258227
0 0.5356963394953053 0.3005259954790472 0.0647007042253521 0.061032863849765216
0 0.44284068124021914 0.09698150321683185 0.08494718309859156 0.16255868544600943
0 0.00709268632629108 0.376309011476265 0.07262323943661973 0.1461267605633803
0 0.922591451486698 0.04713691097200487 0.08098591549295785 0.20363849765258213
0 0.9362128936815337 0.6913966049382716 0.04797535211267593 0.08861502347417838
0 0.0005581230438184664 0.16383183359415754 0.16989436619718312 0.10739436619718314
0 0.016326780125195617 0.623942031820553 0.059859154929577454 0.125
0 0.8200450533059468 0.05826541036341505 0.09022887323943662 0.1801643192488263
0 0.7667705888106414 0.6274756564075813 0.06514084507042273 0.13849765258215965
0 0.5419053819444445 0.929617675186924 0.13248239436619724 0.04342723004694838
0 0.3456157081377152 0.826332376977917 0.15140845070422534 0.04460093896713612
0 0.16382959213615023 0.9266893801078073 0.13996478873239437 0.04988262910798127
0 0.5445355291471048 0.8715234307077031 0.11707746478873252 0.04812206572769945
0 0.8262054968701095 0.8345450791166753 0.08802816901408445 0.041079812206572794
0 0.3623358641431925 0.9390029994783516 0.1439260563380281 0.038732394366197104
0 0.3544160798122066 0.8750380368631543 0.14788732394366197 0.041079812206572794
0 0.18802755770735524 0.8709382063988871 0.12588028169014082 0.04988262910798127
0 0.7016554186228482 0.8416867718657624 0.10211267605633796 0.14847417840375596
0 0.8275479264475742 0.9225906364110589 0.119718309859155 0.05985915492957748
0 0.0467252298513302 0.8550768344635715 0.1012323943661972 0.03227699530516443
0 0.0401139475743349 0.9037857546513651 0.08802816901408451 0.03227699530516422
0 0.05330441852503912 0.9419204268822814 0.0682218309859155 0.020539906103286397
0 0.7082630330594679 0.0088245522517823 0.11003521126760568 0.023474178403755867
