0 0.0013983641431924883 0.0006363023821944011 0.11223591549295775 0.05340375586854461
0 0.1589892654538341 0.0006379325334724396 0.14172535211267603 0.05516431924882629
0 0.3403327953834116 0.0012334811337158756 0.1496478873239437 0.06455399061032865
0 0.5199102601721439 0.0012432620413841073 0.14964788732394366 0.07511737089201878
0 0.7025555677816901 0.003011432794296644 0.13072183098591547 0.08333333333333333
0 0.859692573845853 0.0030261041557989913 0.14040492957746473 0.09917840375586855
0 0.0005226672535211267 0.14502640845070425 0.11883802816901406 0.07922535211267603
0 0.0013998924100156493 0.22718874978264653 0.11443661971830986 0.08215962441314552
0 0.000524195520344288 0.31404810033037733 0.1210387323943662 0.08744131455399064
0 0.0005186937597809078 0.402056164145366 0.1131161971830986 0.06572769953051644
0 0.0005186937597809078 0.47541460180838113 0.1131161971830986 0.06748826291079821
0 0.12818490805946794 0.1379906755346896 0.14964788732394366 0.08626760563380281
0 0.13038469532472613 0.22719037993392455 0.14832746478873235 0.08392018779342723
0 0.1312613091744914 0.31228536341505825 0.14304577464788734 0.085093896713615
0 0.1325832599765258 0.39912189184489655 0.14524647887323944 0.0657276995305164
0 0.13038316705790298 0.47072519996522344 0.1461267605633803 0.07335680751173707
0 0.3249263375391236 0.19199650060858978 0.14744718309859156 0.10269953051643191
0 0.32052890258215966 0.29937999913058594 0.15316901408450703 0.09096244131455401
0 0.3218474911971831 0.39444390106068505 0.1505281690140845 0.0839201877934273
0 0.32184229508998435 0.4766035254738306 0.14304577464788734 0.0839201877934272
0 0.4891010123239437 0.19377988610676403 0.15052816901408453 0.1273474178403756
0 0.4921746625586854 0.32288243348982787 0.1399647887323944 0.12147887323943662
0 0.48908572965571206 0.44904418796731005 0.12852112676056338 0.1085680751173709
0 0.648428330399061 0.20080475134759174 0.14524647887323955 0.10856807511737088
0 0.6497524207746479 0.31405788123804557 0.15052816901408445 0.09800469483568076
0 0.6462276261737089 0.41087419579203616 0.14524647887323947 0.08215962441314555
0 0.6497426398669797 0.4959680925056512 0.13644366197183094 0.08215962441314559
0 0.7958770417644759 0.21723939314901758 0.14744718309859148 0.11150234741784039
0 0.80906751271518 0.34048154668753267 0.12764084507042256 0.11443661971830982
0 0.7971827929381847 0.46781701008520254 0.1263204225352112 0.10152582159624404
0 0.9467799418035995 0.22018398974091463 0.05325704225352108 0.1226525821596244
0 0.9423815898865413 0.35631574943488087 0.057658450704225414 0.10269953051643194
0 0.9379832379694836 0.46782461745783344 0.0620598591549296 0.10974178403755874
0 0.027832184076682316 0.6291867718657624 0.1487676056338028 0.08509389671361495
0 0.0313523938771518 0.7189700704225352 0.14744718309859156 0.07922535211267603
0 0.0344318515258216 0.7964185576421492 0.14524647887323944 0.0616197183098592
0 0.042346745402973396 0.8598151408450704 0.13424295774647887 0.07922535211267613
0 0.03662399745696401 0.9448867588245523 0.13292253521126762 0.055164319248826206
0 0.183203125 0.6585294948704573 0.15052816901408453 0.08509389671361495
0 0.18320557022691705 0.7494973700226047 0.1540492957746479 0.09096244131455396
0 0.19640123728482003 0.8480671839680056 0.14172535211267603 0.06748826291079821
0 0.19287827660406884 0.9226069379238393 0.1390845070422535 0.07746478873239442
0 0.35923745598591544 0.7013546557120501 0.11883802816901405 0.06866197183098595
0 0.343844752543036 0.7788064032342202 0.13644366197183103 0.054577464788732336
0 0.34472197769953056 0.8374956529299252 0.13204225352112675 0.05868544600938964
0 0.3491203296165884 0.9108622413493306 0.12764084507042256 0.06924882629107983
0 0.4921654929577464 0.7729525299947835 0.12676056338028177 0.07042253521126766
0 0.4921639646909233 0.8551094374891324 0.12455985915492968 0.06748826291079811
0 0.48688502543035994 0.9284651582333507 0.12852112676056346 0.06631455399061037
0 0.4855701046557121 0.707212332637802 0.13644366197183094 0.056924882629108026
0 0.6330136199139281 0.655575117370892 0.13116197183098588 0.06338028169014091
0 0.6343306802621282 0.7260030864197531 0.12632042253521128 0.06924882629107972
0 0.6312481660798122 0.7981774908711529 0.12411971830985927 0.05985915492957748
0 0.6286051814358372 0.8668400060858982 0.12103873239436622 0.06044600938967124
0 0.628604570129108 0.9313978003825422 0.12015845070422541 0.06455399061032854
0 0.7751766676447573 0.643847265692923 0.12764084507042256 0.07335680751173701
0 0.7729713786189358 0.7201301947487393 0.12103873239436606 0.06455399061032865
0 0.7694471953247262 0.7893871717962093 0.11663732394366204 0.07335680751173701
0 0.764165505183881 0.8668438097722135 0.11663732394366204 0.06455399061032865
0 0.7663637641823161 0.9331502130064336 0.1131161971830985 0.055751173708920285
0 0.9049955985915493 0.6644203182055295 0.09507042253521121 0.10915492957746477
0 0.9027964226330203 0.7864605068683708 0.09727112676056338 0.08157276995305161
0 0.8882818613067293 0.8786145887671708 0.11179577464788729 0.10093896713615039
