0 0.816416430898491 0.6179298125285779 0.08410493827160492 0.14197530864197536
0 0.9039968064128944 0.6194796905959458 0.0887345679012346 0.14917695473251028
0 0.4773046339163237 0.22909712696235332 0.09645061728395063 0.20267489711934153
0 0.3519316915294925 0.23989245160798658 0.11496913580246916 0.19495884773662556
0 0.16290482467421125 0.521269623532998 0.13850308641975306 0.19341563786008234
0 0.007429644633058985 0.5089296601127876 0.1431327160493827 0.19958847736625512
0 0.48424104080932795 0.0005996608748666363 0.0848765432098765 0.09207818930041152
0 0.8017543295610424 0.3499185528120713 0.08179012345679015 0.1342592592592593
0 0.1470577203360768 0.03665028196921201 0.09645061728395062 0.13786008230452676
0 0.37275779106652945 0.0036932251181222373 0.10455246913580246 0.09979423868312758
0 0.08105924211248286 0.02790923639689072 0.05864197530864197 0.14197530864197533
0 0.47035777820644725 0.5361682670324646 0.09297839506172834 0.17283950617283947
0 0.2546928583676269 0.24400529644871205 0.09104938271604937 0.1923868312757202
0 0.8993677126200275 0.40132173068129856 0.0895061728395062 0.09413580246913582
0 0.8541942622599451 0.23718421353452218 0.03973765432098762 0.047839506172839524
0 0.7145635073731139 0.34116702865416865 0.08256172839506175 0.12705761316872424
0 0.7269132051611797 0.6225537265660723 0.08834876543209873 0.13580246913580232
0 0.34690259559327846 0.6225327693949093 0.09529320987654326 0.11316872427983535
0 0.3071419002914952 0.0021442996494436825 0.06211419753086421 0.09362139917695472
0 0.7346051418895748 0.1939748132906569 0.05362654320987651 0.048353909465020606
0 0.7357577267661178 0.15487016079865876 0.04668209876543222 0.03755144032921812
0 0.7315230088305898 0.10343697607072093 0.059799382716049204 0.045267489711934165
0 0.79826013803155 0.10651625133363816 0.05015432098765445 0.03755144032921812
0 0.8040431562928669 0.16103871361073005 0.0443672839506173 0.032921810699588466
0 0.7870780285493828 0.18934565996037192 0.05902777777777762 0.04886831275720164
0 0.7882314171810699 0.23666028425544888 0.0532407407407408 0.03755144032921812
0 0.8912321030521262 0.1502476756591983 0.04089506172839508 0.04526748971193415
0 0.8561216670953361 0.1610430003048316 0.0374228395061727 0.03755144032921812
0 0.623481974451303 0.07468516613321138 0.036265432098765475 0.1044238683127572
0 0.6211650162894377 0.18063795534217345 0.03317901234567905 0.08899176954732509
0 0.05175513331618656 0.24857729385764363 0.08294753086419751 0.13014403292181073
0 0.13665310999657063 0.24244112940100596 0.11381172839506172 0.16975308641975306
