0 0.11851932227366253 0.8108167581161408 0.11226851851851853 0.12654320987654316
0 0.6925762495713306 0.4240364464258497 0.08757716049382715 0.18158436213991763
0 0.6161763760288066 0.42608500990702636 0.0717592592592592 0.17181069958847736
0 0.4568380808470507 0.446138164913885 0.06905864197530873 0.1625514403292181
0 0.3704234182098765 0.4245484682213077 0.0763888888888889 0.17901234567901234
0 0.2751323516803841 0.15399186480719404 0.07947530864197531 0.2001028806584362
0 0.5382424018347051 0.43842259183051363 0.06905864197530866 0.1630658436213992
0 0.6161761081104252 0.16014993903368388 0.07137345679012341 0.184156378600823
0 0.5332355431241426 0.14114130848955952 0.08140432098765436 0.2103909465020576
0 0.36887351037379973 0.15552459609815578 0.06674382716049389 0.18878600823045263
0 0.09768893604252402 0.4853080704160952 0.11651234567901236 0.2438271604938272
0 0.08921440972222221 0.14372761393080324 0.13541666666666666 0.22582304526748972
0 0.2832355431241427 0.43276987120865723 0.08140432098765432 0.169238683127572
0 0.7076169195816188 0.20950074302697758 0.0794753086419754 0.14969135802469136
0 0.44642462920096027 0.14679021871665907 0.07368827160493825 0.2001028806584362
0 0.830665670010288 0.6786308299039779 0.04745370370370381 0.14351851851851852
0 0.7172539437585734 0.007257849413199207 0.0679012345679011 0.060699588477366256
0 0.7870833869170097 0.44253972336534064 0.06674382716049365 0.16512345679012344
0 0.7998194230109739 0.16837801021185794 0.07330246913580254 0.1815843621399177
0 0.8696461869855966 0.4476823273891175 0.06828703703703698 0.16358024691358025
0 0.8835332004458162 0.1981891098917848 0.0655864197530865 0.15534979423868314
0 0.9491024734224967 0.6873799725651577 0.04089506172839508 0.14814814814814814
0 0.9610591349451304 0.19407054945892394 0.0362654320987654 0.15174897119341563
0 0.5336058063271605 0.6930336457857033 0.059027777777777776 0.14300411522633757
0 0.4537495177469136 0.6873823540618808 0.06597222222222222 0.15072016460905344
0 0.6088418424211248 0.6817296334400244 0.06558641975308643 0.15689300411522636
0 0.6902453596536352 0.6791514250876391 0.06442901234567905 0.15020576131687238
0 0.3719623413923182 0.6781240474013108 0.07021604938271611 0.15174897119341554
0 0.528205911351166 0.9126300297210791 0.06095679012345675 0.0848765432098765
0 0.4464155199759945 0.9218711896052431 0.06057098765432095 0.06532921810699588
0 0.7704796810699588 0.6781264288980339 0.04629629629629635 0.15432098765432084
0 0.3665597672325103 0.9234129705837525 0.06828703703703698 0.06378600823045259
0 0.5968825017146776 0.9146747828074989 0.06635802469135801 0.07098765432098751
0 0.27860725308641976 0.6786513107757963 0.08333333333333329 0.16563786008230455
0 0.6836709104938271 0.9208433356195702 0.04166666666666659 0.06635802469135799
0 0.015878718707133057 0.7995451341258956 0.08757716049382716 0.17541152263374488
0 0.7376886145404664 0.9172510859625057 0.04938271604938286 0.07561728395061725
0 0.944865076303155 0.9157131153787533 0.05015432098765445 0.0812757201646091
0 0.004671156978737997 0.5110044200579181 0.05979938271604938 0.21810699588477364
0 0.010076946159122083 0.1812538103947569 0.06635802469135804 0.198559670781893
0 0.8002121913580246 0.006240950312452369 0.08333333333333333 0.073559670781893
0 0.6292979466735255 0.005201665142508764 0.07793209876543207 0.06224279835390946
0 0.5355492862654322 0.006223803536046334 0.07986111111111104 0.05504115226337449
0 0.4491252464849108 0.001080246913580247 0.07368827160493834 0.055555555555555546
0 0.3380211012517147 0.005190233958238073 0.08371913580246916 0.04989711934156378
0 0.8341341413751715 0.9249580856576741 0.04205246913580254 0.06584362139917693
0 0.8920045117455417 0.9311266384697455 0.04205246913580254 0.06121399176954741
