0 0.0016637731481481482 0.1626128829446731 0.1736111111111111 0.06635802469135801
0 0.000884130658436214 0.2351380315500686 0.16203703703703703 0.06018518518518521
0 0.19807982896090534 0.16517680231672002 0.23495370370370366 0.057613168724279816
0 0.165291173696845 0.23514946273433926 0.2415123456790123 0.07253086419753087
0 0.4342003172153635 0.16106967306812986 0.24845679012345684 0.06635802469135801
0 0.41261118612825787 0.22128200731595793 0.27121913580246915 0.09567901234567902
0 0.6838019225823045 0.16106967306812986 0.23032407407407404 0.06635802469135801
0 0.6919217249657065 0.23053936137783873 0.25617283950617276 0.09362139917695474
0 0.043733656978737996 0.6780383135192807 0.19868827160493827 0.05915637860082296
0 0.040263042266803835 0.7433799154092365 0.2010030864197531 0.0725308641975309
0 0.2447530864197531 0.6569506363359244 0.22222222222222227 0.06224279835390942
0 0.24128568672839507 0.7207209266880048 0.2291666666666667 0.04526748971193418
0 0.24128032836076818 0.7690805517451608 0.2214506172839506 0.05144032921810709
0 0.4692855688443072 0.6482038751714678 0.21566358024691357 0.06018518518518518
0 0.4704437800068587 0.7068477556774883 0.21682098765432095 0.06224279835390942
0 0.4692839613340192 0.7690915066300869 0.2133487654320988 0.06327160493827154
0 0.6884109224965707 0.6513002972107911 0.20061728395061731 0.07098765432098762
0 0.6918831447187929 0.7253743712848651 0.20061728395061723 0.07098765432098762
0 0.9128691915294924 0.675480109739369 0.08719135802469143 0.07407407407407407
0 0.908242776920439 0.7551773738759335 0.09182098765432095 0.03600823045267492
0 0.9040018968621399 0.7963315424477976 0.09606481481481476 0.038065843621399156
0 0.11974531678669412 0.37863035360463343 0.21103395061728392 0.031893004115226296
0 0.12320494684499314 0.41054145709495504 0.19290123456790123 0.051440329218106984
0 0.31728796939300413 0.4301140260631001 0.22800925925925916 0.0787037037037037
0 0.5453178583676268 0.3925525834476452 0.2577160493827161 0.06790123456790122
0 0.546469639489026 0.46509202103337904 0.2496141975308642 0.07716049382716048
0 0.8099314664780521 0.4121013374485597 0.19020061728395063 0.06944444444444445
0 0.8118561921296297 0.48617541152263377 0.1840277777777778 0.06944444444444445
0 0.023271122685185185 0.8812552392927908 0.17708333333333334 0.08899176954732509
0 0.1990740740740741 0.9094650205761317 0.0 0.0
0 0.2049958740569273 0.9249657064471879 0.19405864197530864 0.07407407407407407
0 0.4090853802297668 0.9095116979119037 0.19405864197530864 0.05041152263374497
