0 0.25660579561042524 0.7743560432860844 0.06790123456790127 0.19341563786008234
0 0.3275934499314129 0.7794900739216584 0.06790123456790127 0.1826131687242798
0 0.6134701324588477 0.5212796258192348 0.06365740740740738 0.20421810699588486
0 0.24273164223251031 0.5166428516994361 0.08912037037037032 0.19650205761316858
0 0.6092394332990397 0.02330199283645786 0.08256172839506183 0.1661522633744856
0 0.8214190029149521 0.5264188957475995 0.06558641975308635 0.19907407407407407
0 0.8754300090020575 0.26765022481329065 0.06365740740740745 0.17335390946502052
0 0.5363128536522633 0.5181889193720469 0.06828703703703715 0.19958847736625512
0 0.8233442644032922 0.7907593164151806 0.06018518518518508 0.1311728395061728
0 0.25350544410150894 0.2707099718030788 0.04783950617283948 0.14454732510288068
0 0.17019140089163237 0.2655787989635726 0.0756172839506173 0.15843621399176952
0 0.5258819873113855 0.26558737235177565 0.04783950617283945 0.1676954732510288
0 0.6848299254115227 0.2712558108520043 0.04398148148148143 0.17849794238683128
0 0.6883101851851852 0.5259021109586953 0.05555555555555555 0.19650205761316877
0 0.5363208912037036 0.05310880582228319 0.07986111111111119 0.1352880658436214
0 0.17249978566529492 0.5222989064167048 0.06635802469135806 0.19393004115226328
0 0.43560394161522636 0.2717502095717116 0.04745370370370365 0.15689300411522636
0 0.813304558899177 0.05413237311385459 0.04745370370370365 0.12962962962962962
0 0.6362121163408779 0.2707295000762079 0.03433641975308651 0.16563786008230455
0 0.13120150677297668 0.5346288675506782 0.04128086419753085 0.17695473251028815
0 0.5814378107853224 0.26404844916933395 0.0482253086419754 0.17232510288065847
0 0.08994421939300411 0.273801630848956 0.07523148148148151 0.15020576131687244
0 0.3156394675925926 0.03459600289590002 0.0763888888888889 0.14146090534979422
0 0.3765705375514404 0.2707114007011126 0.039351851851851825 0.14609053497942387
0 0.4865234375 0.27586448331047103 0.03819444444444445 0.15586419753086414
0 0.161702406978738 0.023810680536503585 0.07368827160493825 0.15997942386831276
0 0.39742316100823044 0.03408493369913123 0.06712962962962968 0.1450617283950617
0 0.7338276427469137 0.26970307498856877 0.04513888888888889 0.1682098765432099
0 0.767010941786694 0.5310394756896815 0.0513117283950619 0.18930041152263374
0 0.7824376821844993 0.27381877762536194 0.04359567901234555 0.16872427983539096
0 0.8441615226337447 0.31441805746075296 0.03703703703703714 0.1270576131687243
0 0.883523019547325 0.047969059594573996 0.050925925925925875 0.13991769547325103
0 0.7280673975480111 0.0541366598079561 0.08371913580246905 0.13425925925925927
0 0.9444816850994513 0.04900120027434842 0.05362654320987651 0.14351851851851855
0 0.17828387560013717 0.8216435185185186 0.062114197530864244 0.15277777777777768
0 0.6721121077674898 0.7928583676268863 0.0636574074074073 0.17592592592592582
0 0.24116753472222222 0.02329818244170096 0.059027777777777776 0.16203703703703703
0 0.4657077867798354 0.7933880124980948 0.06365740740740745 0.1923868312757201
0 0.13004758230452676 0.7630448864502363 0.04629629629629629 0.19958847736625523
