0 0.870421542781207 0.5022586114921507 0.07368827160493825 0.21707818930041142
0 0.6917917845507545 0.6534931793933852 0.06905864197530866 0.21707818930041142
0 0.8372133273319616 0.21162027511050144 0.031635802469135714 0.21656378600823048
0 0.9463978373628259 0.21213420210333792 0.0351080246913581 0.2160493827160494
0 0.29517559370713303 0.036756973022405125 0.05285493827160492 0.2530864197530864
0 0.3623135288065844 0.38548525377229087 0.06481481481481476 0.2129629629629629
0 0.29518229166666665 0.39011202560585273 0.0625 0.2098765432098765
0 0.6887032214506174 0.033658645785703406 0.06597222222222222 0.24022633744855967
0 0.22458445859053494 0.032644604481024235 0.06828703703703706 0.25617283950617287
0 0.3507300775891632 0.03726518442310623 0.05131172839506178 0.24639917695473249
0 0.6188587748628257 0.35102499618960525 0.045524691358024685 0.2181069958847737
0 0.4271178948045267 0.3813714563328761 0.04976851851851849 0.2145061728395061
0 0.15282144847393692 0.06862187547629935 0.06288580246913578 0.22273662551440326
0 0.44756488983196163 0.03572245084590763 0.0489969135802469 0.2469135802469136
0 0.430215835048011 0.6524610387136107 0.06635802469135801 0.21347736625514402
0 0.5494188850308642 0.04547896662094193 0.05208333333333341 0.22839506172839505
0 0.40396358453360764 0.037264231824417016 0.04089506172839508 0.24537037037037038
0 0.13623944401577504 0.4029630582228319 0.07368827160493828 0.20010288065843618
0 0.6011148083847735 0.04393861454046639 0.04976851851851865 0.23148148148148148
0 0.47610757458847736 0.3695482777015699 0.039351851851851825 0.22325102880658435
0 0.498877154063786 0.047023605395518975 0.04976851851851857 0.22993827160493827
0 0.5370732060185186 0.35001905197378447 0.05208333333333325 0.24279835390946503
0 0.7824285729595336 0.22447273662551442 0.030478395061728256 0.20833333333333334
0 0.8260306820130315 0.0006487197073616826 0.03973765432098762 0.1450617283950617
0 0.25311615869341564 0.34740321597317486 0.042824074074074084 0.19547325102880667
0 0.9518081811556929 0.4960900586800792 0.04822530864197524 0.22170781893004116
0 0.6682430984224965 0.35206380506020424 0.047839506172839524 0.22890946502057608
0 0.721483571244856 0.34024919981710106 0.04745370370370365 0.2469135802469136
0 0.8993390453532236 0.21624704694406338 0.04822530864197524 0.21347736625514407
0 0.8171588327331962 0.49813338286846526 0.04205246913580238 0.206275720164609
0 0.7712496784979425 0.5120270347508001 0.04398148148148143 0.2114197530864197
0 0.9070497363683128 0.0037322816643804296 0.0405092592592592 0.1419753086419753
0 0.8711658200445818 0.011440233958238075 0.03433641975308635 0.1332304526748971
0 0.7650765710733882 0.0037313290656912058 0.04359567901234571 0.14094650205761317
0 0.317562585733882 0.6617307765584515 0.06790123456790123 0.2247942386831275
0 0.23500005358367626 0.6725303878981862 0.06674382716049385 0.22170781893004116
0 0.6188622578017833 0.6838353528425546 0.05054012345679016 0.2088477366255144
0 0.1624734760802469 0.6797306050906874 0.07291666666666664 0.220164609053498
0 0.5390048975480111 0.6802392927907331 0.05594135802469135 0.21399176954732507
0 0.06793633187585733 0.6827936861758878 0.05054012345679012 0.1949588477366255
0 0.3827484675068587 0.645241769547325 0.04668209876543214 0.19444444444444445
0 0.006211955589849109 0.6822745198902607 0.05632716049382716 0.18981481481481471
0 0.9313748499657065 0.7702065233958237 0.06867283950617285 0.1563786008230454
0 0.7928664051783266 0.7665475918305137 0.060956790123456665 0.09362139917695471
0 0.9517993398491085 0.01092059137326627 0.03549382716049365 0.12757201646090535
