0 0.3357654963991769 0.4774891403749428 0.16898148148148154 0.13271604938271608
0 0.5086363490226337 0.035212810547172686 0.21412037037037032 0.25205761316872427
0 0.5348084919410151 0.4182522671848804 0.12422839506172842 0.04578189300411524
0 0.3731540423525378 0.39974232205456484 0.11959876543209873 0.05504115226337444
0 0.42752164780521257 0.10972793781435757 0.0756172839506173 0.17283950617283952
0 0.10964131087105625 0.4630853718945283 0.10570987654320987 0.13220164609053503
0 0.5506408607681756 0.5355495541838136 0.14506172839506168 0.06018518518518508
0 0.31913071201989024 0.10304831580551746 0.10378086419753087 0.18106995884773658
0 0.018190586419753085 0.483132335009907 0.08333333333333333 0.1162551440329219
0 0.541765796467764 0.4722598498704466 0.1427469135802469 0.04063786008230455
0 0.03670106738683128 0.7063733615302545 0.07175925925925926 0.10545267489711947
0 0.7258391203703703 0.029048068129858256 0.20833333333333334 0.26080246913580246
0 0.7443380808470507 0.461539780521262 0.18016975308641983 0.12962962962962957
0 0.7285327717764061 0.3591311347355586 0.19830246913580238 0.08384773662551444
0 0.7909909765089164 0.6502495808565768 0.13811728395061731 0.047325102880658415
0 0.46190682870370375 0.7136212086572168 0.14583333333333326 0.15534979423868306
0 0.649384591478052 0.7166838134430727 0.11381172839506175 0.12962962962962962
0 0.31682447059327845 0.7115531169029111 0.1161265432098765 0.14403292181069946
0 0.8052455739883402 0.7161794124371285 0.10918209876543207 0.14043209876543217
0 0.8762326924725653 0.9347141251333638 0.10841049382716048 0.046810699588477354
0 0.9363846557784635 0.7074226489864349 0.06057098765432095 0.1275720164609055
0 0.9344585905349793 0.45744312985825336 0.06481481481481492 0.14969135802469133
