0 0.1831432169405321 0.44793188141192836 0.06426056338028169 0.17488262910798122
0 0.35787760416666664 0.6668372891671014 0.0620598591549296 0.18427230046948362
0 0.46659086463223787 0.4449970657276995 0.05985915492957743 0.17429577464788729
0 0.7007659673317683 0.2524816336289341 0.08890845070422533 0.14495305164319247
0 0.7091029685054774 0.4479199269692228 0.05193661971830994 0.16197183098591544
0 0.7755669869913927 0.6574296861415406 0.05589788732394364 0.16490610328638494
0 0.07090057707355243 0.45144974786993564 0.05457746478873241 0.17136150234741784
0 0.5902658572965571 0.6556626021561467 0.05325704225352115 0.1578638497652583
0 0.24080044503129888 0.6609692879499218 0.0625 0.18485915492957739
0 0.30505306142410016 0.6668285950269518 0.05105633802816902 0.17488262910798116
0 0.38912485328638496 0.26068020778994955 0.058098591549295815 0.12617370892018778
0 0.44590088272691697 0.26537884715701615 0.05501760563380292 0.1302816901408451
0 0.2654489436619718 0.45145681185880715 0.06338028169014084 0.17899061032863856
0 0.04714000146713616 0.2343010998087289 0.06470070422535212 0.15786384976525825
0 0.5044466451486699 0.24955605546861412 0.06514084507042249 0.15434272300469487
0 0.33675176056338024 0.4438266171100678 0.0633802816901408 0.17781690140845072
0 0.8358650601525822 0.6544894366197184 0.05413732394366188 0.15845070422535218
0 0.11051906054381846 0.6697628673274213 0.06294014084507041 0.17488262910798127
0 0.7047018657081376 0.6568373978438532 0.05237676056338027 0.15903755868544603
0 0.5929042571400626 0.44675110850286903 0.04973591549295778 0.1672535211267607
0 0.43225926741001564 0.6591984002782125 0.058978873239436624 0.17370892018779333
0 0.6501250122261346 0.44616099374021906 0.05325704225352115 0.16373239436619716
0 0.5317283475156495 0.4414753955833768 0.05501760563380284 0.17370892018779346
0 0.5295300885172143 0.6574215353851505 0.0585387323943663 0.1561032863849766
0 0.32926630966353676 0.2676773604590506 0.05897887323943666 0.07746478873239437
0 0.8706322134194053 0.31404157972526514 0.04841549295774649 0.08039906103286383
0 0.24740622554773084 0.22023072074421843 0.0677816901408451 0.17312206572769953
0 0.40101385221048513 0.44675545557294377 0.06558098591549298 0.17194835680751175
0 0.7711570202464789 0.44440532081377154 0.043573943661971905 0.16901408450704225
0 0.11976354655712049 0.22844124934793947 0.06514084507042256 0.1672535211267606
0 0.5991001564945228 0.2524816336289341 0.09859154929577459 0.14495305164319247
0 0.793166507726917 0.23422122239610502 0.04709507042253528 0.0715962441314554
0 0.1888577122456964 0.23312250043470703 0.05369718309859151 0.15258215962441313
0 0.8147355487089202 0.30935000434707005 0.050176056338028095 0.08392018779342726
0 0.8583168280516433 0.21426817075291257 0.06073943661971823 0.07159624413145538
0 0.9080402117566511 0.7260242783863676 0.042693661971830936 0.0921361502347417
0 0.9282848567097026 0.30935380803338547 0.04005281690140852 0.0880281690140845
0 0.6562875953638497 0.8751157407407407 0.05413732394366204 0.125
0 0.7641251589397495 0.8727704964354025 0.058538732394366216 0.1273474178403756
0 0.5933511223591549 0.8780467527386541 0.059419014084507026 0.12147887323943668
0 0.5348093334311425 0.8839104068857591 0.05501760563380284 0.11619718309859153
0 0.4503108494718309 0.8886008954964354 0.06734154929577467 0.11150234741784036
0 0.2619201755672927 0.8956366284124501 0.05237676056338027 0.1044600938967136
0 0.7134994865023474 0.8680800078247262 0.04489436619718311 0.13204225352112675
0 0.18534514377934272 0.8938776951834465 0.06602112676056338 0.10622065727699521
0 0.1743413169992175 0.6703502651712745 0.06558098591549295 0.17546948356807515
0 0.38428850009780907 0.8927023561119805 0.06558098591549298 0.1044600938967136
0 0.31782723249217526 0.8927034428794991 0.0655809859154929 0.10563380281690134
0 0.11183978873239438 0.9173301382368284 0.06338028169014083 0.08274647887323935
0 0.8341093872261346 0.8657347635193879 0.06117957746478864 0.13438967136150234
0 0.606132934761346 0.1550165188662841 0.08494718309859148 0.0938967136150235
0 0.69063753178795 0.17026604068857593 0.0814260563380281 0.0845070422535211
0 0.9194829567683881 0.21428664580073034 0.04137323943661973 0.09154929577464786
0 0.9692093970070423 0.3081800991131977 0.02772887323943662 0.08802816901408456
0 0.003106660798122065 0.23019692227438707 0.0369718309859155 0.16197183098591553
0 0.13207556973787166 0.45203605894627025 0.04797535211267605 0.1707746478873239
0 0.8147285186815337 0.4508493088158581 0.04005281690140852 0.15669014084507046
0 0.8556555042057903 0.45143996696226746 0.03125 0.16079812206572766
0 0.8900036067097026 0.4520219309685272 0.05589788732394364 0.15551643192488265
0 0.9450080692488263 0.4467505651191097 0.03697183098591555 0.1666666666666667
0 0.07176954958920188 0.9020860502521302 0.038292253521126765 0.09800469483568072
0 0.020719018974960875 0.8991528647191792 0.04665492957746479 0.09917840375586845
0 0.9370858396909234 0.6438478090766824 0.03741197183098595 0.07394366197183089
0 0.9652521028951486 0.7207425882455225 0.03345070422535217 0.0921361502347419
0 0.9291712514671362 0.8968027299600069 0.04885563380281689 0.09624413145539921
