0 0.19039646562071333 0.7003443644261546 0.2820216049382716 0.2608024691358025
0 0.5938124249828532 0.3509883211400701 0.08989197530864199 0.17849794238683137
0 0.4850129136659808 0.3576641327541533 0.08526234567901238 0.1661522633744856
0 0.3646395961934156 0.3499390336838896 0.08101851851851849 0.15637860082304533
0 0.24658671982167352 0.3473679698216735 0.08487654320987655 0.1574074074074074
0 0.6370935678155006 0.71095917162018 0.1925154320987654 0.05812757201646085
0 0.3372744127229081 0.022333199969516843 0.11959876543209873 0.23096707818930046
0 0.6710208762002743 0.8056860615759793 0.15895061728395063 0.14094650205761322
0 0.5775910386659808 0.7769171048620638 0.06442901234567897 0.18158436213991766
0 0.17216542352537723 0.002295762841030331 0.1404320987654321 0.257201646090535
0 0.48389649777091903 0.02182498856881573 0.14429012345679015 0.23765432098765435
