0 0.2597659306533647 0.40334289688749786 0.11927816901408445 0.18779342723004688
0 0.4107623606220658 0.07531679273169885 0.15977112676056338 0.2153755868544601
0 0.09517281641236307 0.39276919231438007 0.14744718309859153 0.17664319248826282
0 0.6902533255086071 0.4461479525299948 0.16197183098591547 0.14964788732394366
0 0.45960332306338025 0.7096407146583202 0.13864436619718312 0.14436619718309865
0 0.38302981954225357 0.39923491566684055 0.15448943661971823 0.187793427230047
0 0.32184229508998435 0.7108051860545992 0.14304577464788734 0.13438967136150234
0 0.1796685494913928 0.6761910972004869 0.1311619718309859 0.1455399061032864
0 0.0736156959115806 0.07354536167623023 0.16153169014084506 0.20363849765258213
0 0.5674500562402192 0.07767018779342721 0.15624999999999992 0.2218309859154929
0 0.24307053257042252 0.0788330290384281 0.16241197183098588 0.21009389671361506
0 0.01725138155320814 0.6885161276299775 0.12367957746478873 0.14671361502347413
0 0.5651848591549296 0.4074307729090593 0.06338028169014089 0.1660798122065728
0 0.0031424222417840374 0.40449704399234915 0.08846830985915494 0.1666666666666667
0 0.6154058465375587 0.6702682142236133 0.12808098591549288 0.08685446009389676
0 0.6298791446596245 0.41153929751347595 0.054137323943661955 0.16666666666666666
0 0.4221907399256651 0.008260519909580944 0.1377640845070423 0.04812206572769953
0 0.8988369889475744 0.7160982872543905 0.09991197183098595 0.14671361502347413
0 0.45960637959702666 0.9313869327073554 0.14304577464788737 0.052816901408450516
0 0.1510288292253521 0.8956355416449313 0.08714788732394364 0.10328638497652586
0 0.059919979949139265 0.8921084376630151 0.08758802816901409 0.09683098591549308
0 0.2364210436228482 0.8979818727177882 0.09419014084507044 0.10211267605633802
0 0.3350327660406886 0.9190852677795166 0.12323943661971831 0.07687793427230044
0 0.603959433685446 0.7336794687880369 0.1241197183098592 0.12030516431924883
0 0.6035309076682316 0.939016040688576 0.1408450704225352 0.05281690140845062
0 0.001807939651799687 0.07647420013910625 0.0682218309859155 0.1977699530516432
0 0.2646264304577465 0.0012378282037906452 0.14656690140845072 0.06924882629107983
0 0.7258876173708921 0.0765029994783516 0.1373239436619719 0.22887323943661972
0 0.8645273987676056 0.927296339766997 0.13072183098591555 0.07159624413145552
