0 0.1734224965706447 0.5819525415333029 0.28395061728395066 0.17541152263374488
0 0.48746409893689996 0.5809099222679469 0.2816358024691357 0.16049382716049387
0 0.1637479638203018 0.24041495198902607 0.2415123456790124 0.2037037037037037
0 0.4218532986111112 0.22911284484072553 0.2465277777777777 0.21965020576131689
0 0.0004825210048010974 0.28309947035512883 0.1392746913580247 0.1918724279835391
0 0.3253086419753086 0.5057155921353452 0.11111111111111115 0.06172839506172847
0 0.000490826474622771 0.5881215706447187 0.15123456790123457 0.1712962962962964
0 0.14785852837791494 0.504692977442463 0.1385030864197531 0.06841563786008233
0 0.7890169538751715 0.5613492607834171 0.07330246913580238 0.14609053497942381
0 0.772810303069273 0.2891980071635421 0.06905864197530857 0.11162551440329223
0 0.8488214270404664 0.33649310318549 0.0806327160493827 0.07921810699588476
0 0.6940948109567902 0.35603137860082307 0.05208333333333341 0.06944444444444445
0 0.851913473079561 0.2814309937509526 0.0887345679012346 0.056584362139917674
0 0.7049007630315501 0.2798992150586801 0.05709876543209865 0.06893004115226338
0 0.5965639467592593 0.8900177183356195 0.16319444444444445 0.10802469135802475
0 0.1289818029835391 0.9054245732357872 0.17824074074074073 0.08076131687242805
0 0.3473529663923183 0.8292876467001981 0.18827160493827166 0.0751028806584363
0 0.3423420889060357 0.9280430765127268 0.19483024691358028 0.06430041152263376
0 0.7967656893004116 0.8946011469288219 0.12037037037037047 0.05812757201646085
0 0.7956064064643348 0.8488206828227405 0.11766975308641968 0.05967078189300413
0 0.8013934435013718 0.9527115721688768 0.11766975308641985 0.039609053497942436
0 0.8152777777777778 0.15340220621856424 0.1111111111111111 0.1188271604938272
0 0.0027370541838134432 0.8237230414570949 0.05246913580246914 0.1764403292181071
