0 0.90358340835048 0.7362944863587868 0.048996913580246985 0.19804526748971185
0 0.5158800582990398 0.7141899100746837 0.08950617283950611 0.21399176954732518
0 0.22996425968792866 0.4117207742722146 0.03742283950617286 0.21399176954732507
0 0.7238131215706447 0.4384645061728395 0.06867283950617285 0.2083333333333334
0 0.3970330718449932 0.4240688347812833 0.06095679012345675 0.21656378600823042
0 0.4633913644547325 0.42098527282426457 0.06134259259259262 0.21965020576131683
0 0.1470183363340192 0.13700512498094802 0.039737654320987637 0.18775720164609053
0 0.31099724579903976 0.11028330285017528 0.058256172839506154 0.21707818930041156
0 0.729594800240055 0.14833199969516841 0.060956790123456825 0.19855967078189302
0 0.19408730924211248 0.1385464296601128 0.04128086419753083 0.18569958847736626
0 0.6566765260631001 0.4389727175735406 0.058641975308641986 0.20164609053497942
0 0.5258897569444445 0.42921239140374945 0.059027777777777776 0.21604938271604932
0 0.4938676161694101 0.14574950464868158 0.05825617283950619 0.1872427983539095
0 0.5609867969821672 0.11594650205761317 0.04320987654320992 0.2222222222222222
0 0.33183191872427975 0.4101856614845298 0.06018518518518524 0.22273662551440335
0 0.25543552812071335 0.1395747599451303 0.0493827160493827 0.18518518518518517
0 0.588776899005487 0.4328055936595031 0.06095679012345675 0.20781893004115223
0 0.6103721922153635 0.13599632296905959 0.04706790123456794 0.20936213991769548
0 0.12620188185871056 0.39989902453894227 0.06404320987654322 0.2242798353909465
0 0.3797067901234568 0.18069749276024996 0.1111111111111111 0.1532921810699589
0 0.06561508701989026 0.43072416552354825 0.04128086419753086 0.18209876543209874
0 0.0023512517146776404 0.40809565996037195 0.05246913580246914 0.18775720164609042
0 0.7967439879115227 0.4466954351470812 0.08912037037037047 0.20884773662551434
0 0.6624643668552812 0.14370379896357263 0.059799382716049364 0.20010288065843618
0 0.8511239176097393 0.15349222679469593 0.06288580246913587 0.21604938271604943
0 0.8893132716049384 0.4436118731900625 0.0555555555555554 0.21193415637860075
0 0.7971003193587105 0.15193520423715895 0.04668209876543206 0.20113168724279834
0 0.6960251628943758 0.7219064357567443 0.05401234567901238 0.21450617283950624
0 0.26509130658436214 0.6972188881268099 0.06481481481481484 0.2186213991769548
0 0.10113463434499315 0.6859034445968603 0.07831790123456787 0.220164609053498
0 0.03514633701989026 0.687962962962963 0.055169753086419755 0.2222222222222222
0 0.3357089656207133 0.7033802964487121 0.08757716049382719 0.206275720164609
0 0.2002708654835391 0.6936171124828533 0.05671296296296294 0.2175925925925926
0 0.6234951024519889 0.745545172229843 0.05516975308641984 0.1887860082304526
0 0.8260523834019204 0.7280816567596403 0.07098765432098762 0.21707818930041153
0 0.4363924254115226 0.7100599184575523 0.0717592592592592 0.19804526748971185
0 0.7662449631344307 0.7239669067215363 0.05941358024691365 0.2175925925925926
0 0.9162950638717421 0.2454784903215973 0.020447530864197618 0.1167695473251029
0 0.27280039008916324 0.4076160265203475 0.05478395061728389 0.22530864197530867
0 0.9571995027434842 0.7208528616064623 0.033950617283950636 0.18775720164609058
