0 0.6043546434859155 0.32250858546339767 0.059419014084507026 0.35152582159624407
0 0.38912485328638496 0.33658548513302033 0.058098591549295815 0.34330985915492956
0 0.4613134536384977 0.30844418362023995 0.06602112676056338 0.37323943661971837
0 0.7478411702856025 0.3283619153190749 0.06029929577464799 0.335093896713615
0 0.5392122701486699 0.3148898017736046 0.05721830985915485 0.3626760563380281
0 0.11403804773082943 0.3676496478873239 0.05985915492957747 0.30105633802816906
0 0.6804956474960876 0.3371603851504086 0.05457746478873244 0.3303990610328639
0 0.1932566754694836 0.34595233437663014 0.05017605633802814 0.3186619718309859
0 0.271159465473396 0.37057468266388455 0.047095070422535204 0.2910798122065728
0 0.36271273474178406 0.005494696574508781 0.05281690140845067 0.23004694835680753
0 0.16069328296165886 0.014283385498174232 0.06029929577464791 0.21478873239436622
0 0.43225468260954614 0.001981720570335594 0.05237676056338027 0.23884976525821594
0 0.09335142801251956 0.009017996870109547 0.05985915492957745 0.23239436619718315
0 0.0290920872456964 0.3389258389845244 0.061619718309859156 0.33568075117370905
0 0.4929993153364632 0.010177577812554338 0.0598591549295775 0.2171361502347418
0 0.22583290541862283 0.006080464267083985 0.05853873239436618 0.22887323943661972
0 0.3288218896713615 0.3717565423404625 0.05281690140845071 0.2998826291079812
0 0.29361612382629104 0.0019665058250739006 0.06073943661971831 0.22241784037558684
0 0.5669466451486699 0.0025468396800556424 0.06514084507042249 0.2153755868544601
0 0.6457187133215962 0.004902951660580769 0.046214788732394395 0.22476525821596247
0 0.7214235499804382 0.004892627369153191 0.04709507042253512 0.2136150234741784
0 0.0035608616979655714 0.02661765345157364 0.05721830985915493 0.22593896713615022
0 0.7918460851917057 0.003120109546165884 0.04709507042253528 0.2007042253521127
0 0.8169362529342722 0.31545818118588076 0.050176056338028255 0.34272300469483563
0 0.319134817586072 0.8111996826638844 0.04709507042253524 0.1801643192488263
0 0.24519360084115804 0.812376108502869 0.05061619718309862 0.18309859154929586
0 0.7236306729264474 0.7642996870109545 0.056338028169014204 0.23239436619718307
0 0.11403193466353678 0.7924426186750131 0.051056338028169 0.20422535211267592
0 0.37239888986697967 0.8111915319074943 0.05721830985915493 0.17136150234741784
0 0.7883298488849765 0.7748576334550512 0.05413732394366204 0.22652582159624415
0 0.17301692097026605 0.7965457094418362 0.05985915492957745 0.198943661971831
0 0.05549197965571206 0.7801137845592071 0.049295774647887314 0.1989436619718311
0 0.4401723273669797 0.801817618675013 0.04533450704225351 0.1883802816901409
0 0.6444007360133022 0.7801175882455225 0.049735915492957694 0.2030516431924882
0 0.5022367713223787 0.7942069857416102 0.05193661971830994 0.20833333333333323
0 0.5700257971439749 0.7801414971309338 0.0625 0.22887323943661972
0 0.00047406836854460094 0.764882737784733 0.0488556338028169 0.22828638497652598
