0 0.3833907961658841 0.2794204268822813 0.04049295774647892 0.08392018779342726
0 0.09554265698356806 0.7529951312815162 0.046214788732394374 0.0657276995305164
0 0.24650668769561818 0.5763590027821248 0.040052816901408446 0.07335680751173701
0 0.421700471928795 0.2712196791862285 0.06558098591549298 0.1003521126760563
0 0.5515218481025038 0.571069705268649 0.03653169014084515 0.06514084507042242
0 0.088503154342723 0.2846896191966614 0.050176056338028165 0.07042253521126766
0 0.3393748777386541 0.27473102503912367 0.03785211267605636 0.08978873239436616
0 0.6012562353286385 0.570481220657277 0.034330985915492974 0.0633802816901408
0 0.4951978799882629 0.2835354720918101 0.05677816901408453 0.09154929577464788
0 0.5647300469483568 0.4771447356981395 0.042253521126760535 0.03462441314553991
0 0.5590183025234742 0.2923268779342723 0.05677816901408453 0.07922535211267609
0 0.6263601574726135 0.2899886976178056 0.05721830985915493 0.08920187793427224
0 0.034368581279342725 0.7482970352982089 0.054137323943661955 0.06220657276995307
0 0.4564560103677621 0.47421100678142936 0.04313380281690142 0.035211267605633784
0 0.5532857736697966 0.6420801817075291 0.04137323943661973 0.06631455399061037
0 0.5066317610524257 0.4742131803164667 0.04269366197183102 0.03755868544600936
0 0.6149070202464788 0.4753841723178578 0.04357394366197182 0.03462441314553991
0 0.21261400870500782 0.46071661450182577 0.037411971830985914 0.03873239436619721
0 0.4947497921557121 0.6326992044861762 0.04533450704225359 0.07570422535211271
0 0.7826071009389671 0.43843081637976006 0.05281690140845083 0.054577464788732384
0 0.2852439725156495 0.28528299426186754 0.04709507042253516 0.07746478873239437
0 0.23286598933881061 0.6649631585811163 0.04533450704225355 0.0616197183098592
0 0.6435128129890454 0.5716478655885933 0.03873239436619708 0.05575117370892018
0 0.8090069933489827 0.3093396800556425 0.04049295774647892 0.0727699530516432
0 0.04316773034037558 0.1796524517475222 0.04885563380281691 0.08098591549295772
0 0.9423663072183098 0.6637823856720569 0.035651408450704344 0.05399061032863857
0 0.6650797143974961 0.6432381324986959 0.03873239436619708 0.0492957746478874
0 0.23727198258998436 0.7541617762128325 0.05193661971830991 0.058098591549295656
0 0.16596030174100157 0.20194477047470005 0.0391725352112676 0.0721830985915493
0 0.8076859595070423 0.24126184576595378 0.03961267605633796 0.06983568075117369
0 0.8693053721635368 0.3093418535906799 0.03917253521126772 0.07511737089201884
0 0.1897306582550861 0.8486562119631368 0.04313380281690138 0.0698356807511738
0 0.6223906372261346 0.8363300947661277 0.04533450704225351 0.06748826291079811
0 0.8926325312989045 0.8398544818292472 0.03873239436619716 0.07100938967136154
0 0.29096855438184666 0.7694151017214399 0.05105633802816898 0.05281690140845062
0 0.7170209189162754 0.8416210224308815 0.04533450704225367 0.07746478873239442
0 0.4670181680359938 0.829297622152669 0.04137323943661965 0.0780516431924883
0 0.7755590400039124 0.840441336289341 0.04445422535211271 0.07100938967136154
0 0.575286702856025 0.8234355981568423 0.03257042253521129 0.08509389671361504
0 0.2390285724765258 0.8562543470700746 0.046214788732394395 0.03638497652582163
0 0.928724997554773 0.8427882107459572 0.04005281690140852 0.07042253521126757
0 0.09510404440532082 0.82342092679534 0.04841549295774649 0.06924882629107972
0 0.40671826095461655 0.7711767518692401 0.04049295774647892 0.053990610328638465
0 0.5215956328247262 0.8369180359937403 0.04137323943661965 0.06866197183098585
0 0.1840091329225352 0.7647300469483568 0.04357394366197182 0.06338028169014091
0 0.6734393339201878 0.8204996957050948 0.0343309859154929 0.08333333333333333
0 0.08718089788732393 0.9501684489653973 0.04753521126760563 0.05516431924882631
0 0.14395784428794992 0.946058837593462 0.04577464788732397 0.053403755868544595
0 0.1496729508998435 0.7600368414188837 0.03609154929577464 0.06514084507042252
0 0.018528401310641627 0.826943140323422 0.06117957746478874 0.07042253521126766
0 0.8283756357589985 0.8427936445835507 0.044014084507042146 0.07629107981220658
0 0.0017865439162754306 0.177898952356112 0.03741197183098592 0.08861502347417838
0 0.0312869840571205 0.2682691053729786 0.053257042253521125 0.08274647887323941
0 0.11139170089984352 0.19549969570509476 0.051936619718309845 0.08333333333333336
0 0.1430769512910798 0.28469668318553293 0.04489436619718313 0.07805164319248835
0 0.9793265233763693 0.33573074247956874 0.0189260563380281 0.053990610328638514
0 0.95556839299687 0.27704801338897583 0.03257042253521136 0.056924882629108026
0 0.9388415126173708 0.3339745261693619 0.030369718309859194 0.05868544600938964
0 0.8508157888302034 0.23656755346896194 0.03389084507042257 0.07042253521126764
0 0.7601476917057904 0.3040672274387063 0.035211267605633784 0.08274647887323941
0 0.7649889353482002 0.24418959746131105 0.034771126760563376 0.062793427230047
0 0.7231780002934272 0.2394920448617632 0.03829225352112676 0.05985915492957743
0 0.7161436937597808 0.3028946052860372 0.049735915492957854 0.08392018779342726
0 0.6879590913536776 0.3011302382194401 0.02728873239436622 0.07981220657276995
0 0.6980832477503912 0.24535950269518347 0.028609154929577427 0.058685446009389686
0 0.6540743593505477 0.23185913319422707 0.036091549295774586 0.05575117370892018
0 0.22758980095852893 0.27238578073378544 0.05325704225352111 0.09213615023474181
0 0.18576939064945228 0.27707355242566506 0.04313380281690142 0.08450704225352113
0 0.25707190189749607 0.20487469570509473 0.04269366197183098 0.06748826291079814
0 0.21393443124021908 0.21836256737958618 0.037411971830985914 0.056924882629108
0 0.01985982736697966 0.4560250391236307 0.07702464788732394 0.042253521126760535
0 0.06649183294209703 0.4137715179968702 0.044014084507042264 0.042253521126760535
0 0.10257849178403755 0.46072259172317853 0.03697183098591549 0.045187793427230095
0 0.11358384683098594 0.4184636367588246 0.039612676056338 0.03931924882629108
0 0.16200086805555558 0.42139790905929403 0.041813380281690134 0.03931924882629108
0 0.1589229386737089 0.4636498000347765 0.04621478873239436 0.03755868544600936
0 0.21173372701486698 0.4231541253695009 0.037411971830985914 0.03462441314553996
0 0.25486355633802815 0.4231541253695009 0.03169014084507044 0.03462441314553996
0 0.29888375391236305 0.42726373674143625 0.04049295774647885 0.03638497652582157
0 0.2716084702660407 0.46482513910624235 0.0598591549295775 0.039319248826291134
0 0.252660406885759 0.4683386584941749 0.028169014084506984 0.031103286384976586
0 0.3415853628716745 0.42432783428968873 0.05193661971830991 0.03462441314553996
0 0.39792491930751184 0.4260911145887672 0.05413732394366188 0.03755868544600936
0 0.3393886321400626 0.47245153016866637 0.057658450704225414 0.03638497652582157
0 0.3970415810837246 0.46365686402364803 0.049735915492957694 0.045187793427230095
0 0.4555763399843505 0.4231666231959659 0.044014084507042306 0.04812206572769955
0 0.5039973347026604 0.42727080073030776 0.051936619718309866 0.04401408450704225
0 0.5594526359546166 0.4290270170405147 0.04841549295774649 0.03931924882629103
0 0.612710289514867 0.42024484872196144 0.04929577464788737 0.06161971830985914
0 0.6655299418035994 0.439596917927317 0.05325704225352115 0.046361502347417836
0 0.7240647007042255 0.4501467136150234 0.04753521126760552 0.03169014084507046
0 0.6668476134585289 0.49063260737263087 0.04929577464788729 0.024061032863849724
0 0.7240656176643193 0.48477221352808203 0.04885563380281689 0.0328638497652582
0 0.7861254768192487 0.48595189966962266 0.04885563380281689 0.039319248826290974
0 0.8406977455007824 0.45308370283428967 0.04137323943661973 0.03462441314553996
0 0.8406971341940531 0.4935755738132499 0.04049295774647892 0.03345070422535217
0 0.8820627322965572 0.44429175360806816 0.02948943661971839 0.046361502347417836
0 0.8847026604068858 0.4906451051990958 0.028169014084507026 0.03755868544600936
0 0.9194762323943663 0.48595026951834464 0.0316901408450704 0.03755868544600936
0 0.9700912069640062 0.4830154538341158 0.029929577464788793 0.0369718309859155
0 0.8921994204812206 0.6608524604416623 0.04885563380281689 0.05868544600938964
0 0.8301346708724568 0.6549643540253869 0.041813380281690134 0.03755868544600936
0 0.7139399330007825 0.6532027038775865 0.04533450704225351 0.03638497652582163
0 0.687977124902191 0.5628646105025213 0.05325704225352108 0.07687793427230034
0 0.601269989730047 0.6397159189706139 0.054137323943661955 0.048122065727699656
0 0.49739216549295767 0.5581686880542513 0.04753521126760568 0.07570422535211271
0 0.4476522765062597 0.6367995783342028 0.04181338028169021 0.06748826291079811
0 0.3970400528169014 0.6233100765084333 0.047535211267605605 0.07629107981220658
0 0.4014414612676056 0.5616740566857936 0.04753521126760568 0.05868544600938974
0 0.29096519219483574 0.5675469483568075 0.04621478873239436 0.06338028169014091
0 0.28876601623630677 0.6320770300817249 0.04841549295774649 0.03755868544600936
0 0.2830481587441315 0.6725786819683534 0.054137323943662 0.04694835680751181
0 0.34730413732394366 0.6309337506520606 0.047535211267605605 0.07042253521126757
0 0.35390563869327074 0.5704752434359243 0.04665492957746484 0.05692488262910792
0 0.1835702146909233 0.6620207355242567 0.04533450704225355 0.052816901408450724
0 0.13647331034820034 0.6549708746304991 0.04269366197183096 0.04460093896713612
0 0.13868746332159623 0.6156521691879673 0.06205985915492958 0.045187793427230095
0 0.1452849911971831 0.562846678838463 0.05545774647887322 0.05751173708920179
0 0.20381027484350547 0.5780891366718831 0.03609154929577463 0.04049295774647882
0 0.19852766774256653 0.6185782907320466 0.034771126760563376 0.03638497652582163
0 0.04361642947965571 0.5687054425317336 0.061179577464788734 0.04694835680751181
0 0.041413891334115806 0.6185766605807685 0.0585387323943662 0.03462441314553991
0 0.04140227650625978 0.6590793992349157 0.04181338028169014 0.04518779342722999
0 0.09245525234741785 0.6579040601634498 0.03697183098591549 0.04342723004694838
0 0.00046612138106416276 0.5511008954964355 0.037411971830985914 0.04812206572769945
0 0.004424026799687011 0.6080203442879499 0.032570422535211266 0.04225352112676043
0 0.00309901946400626 0.651450291253695 0.025968309859154933 0.04518779342722999
0 0.14527551594287952 0.827533255086072 0.04181338028169011 0.073943661971831
0 0.35654526115023466 0.7600281472787341 0.04489436619718311 0.05575117370892018
0 0.29536904587245694 0.8398332898626326 0.049735915492957736 0.04812206572769955
0 0.34950331328247264 0.8486279560076507 0.045334507042253475 0.03931924882629119
0 0.4058388962245697 0.8486279560076507 0.04181338028169006 0.03931924882629119
0 0.19942323210093899 0.9571992914275779 0.05677816901408453 0.042840375586854405
0 0.2592753570031299 0.9571992914275779 0.046654929577464796 0.042840375586854405
0 0.00752854802425665 0.9466424317509998 0.06646126760563381 0.04988262910798116
0 0.4309324261541471 0.23008226830116502 0.04973591549295778 0.038145539906103317
0 0.4885960729655712 0.24064238828029907 0.05721830985915501 0.03462441314553991
