0 0.2592995036189359 0.8651066118935837 0.08142605633802817 0.08978873239436612
0 0.8882574090375588 0.2020838767170927 0.07658450704225352 0.22241784037558682
0 0.8961830007824726 0.5465772256998783 0.0809859154929577 0.23298122065727703
0 0.5339895711071987 0.5974748956703182 0.1421654929577465 0.0616197183098592
0 0.8112361233372457 0.552439249695705 0.0814260563380281 0.22593896713615028
0 0.6972582893192488 0.5898490479916537 0.108274647887324 0.06514084507042252
0 0.30025033010563384 0.17791960093896717 0.10695422535211271 0.11091549295774648
0 0.05642605633802818 0.20312826030255607 0.1267605633802817 0.08274647887323947
0 0.8125485988849765 0.18977025734654843 0.06998239436619716 0.23356807511737088
0 0.20868269512910795 0.2119191227612589 0.08054577464788737 0.06983568075117375
0 0.5317622750391237 0.1931653190749435 0.10387323943661973 0.09741784037558684
0 0.2584448968114241 0.5775430359937404 0.11839788732394368 0.08450704225352107
0 0.4129328051643193 0.18085713354199268 0.11619718309859156 0.11443661971830986
0 0.5163784355438185 0.4765866805772909 0.13424295774647893 0.06572769953051649
0 0.114965094385759 0.7776957268301165 0.12720070422535212 0.12265258215962431
0 0.38478121332159626 0.5875076073726309 0.14128521126760551 0.0715962441314554
0 0.6919738482981221 0.48537265258215956 0.10431338028169006 0.04753521126760568
0 0.25622524207746483 0.7964185576421492 0.09110915492957743 0.0616197183098592
0 0.829699114827856 0.863917144844375 0.04841549295774649 0.07276995305164304
0 0.9560216769366198 0.875701508433316 0.05149647887323962 0.12382629107981226
0 0.8891291324334898 0.8674871761432794 0.06426056338028177 0.125586854460094
0 0.5485136076877934 0.8240648365501652 0.1412852112676056 0.1308685446009389
0 0.696788500097809 0.8398881716223265 0.06558098591549305 0.10739436619718305
0 0.3394586267605633 0.8574834811337159 0.15845070422535218 0.096244131455399
0 0.25271236795774654 0.7476998565466876 0.10299295774647885 0.05105633802816901
0 0.8565379254694836 0.8780271909233177 0.034330985915492974 0.10035211267605651
0 0.40588902337636934 0.7794046687532603 0.11399647887323938 0.06690140845070414
0 0.1123321963028169 0.9120234524430534 0.13864436619718312 0.05575117370892018
0 0.005354129988262911 0.8633547426534516 0.10431338028169015 0.09917840375586856
0 0.000946914123630673 0.4138747609111459 0.09595070422535211 0.15375586854460088
0 0.0009408010563380283 0.5722580855503391 0.08714788732394366 0.08098591549295775
0 0.09604851330203443 0.4802088767170926 0.14084507042253522 0.17488262910798127
0 0.51814755721831 0.549337615197357 0.14656690140845058 0.04518779342722999
0 0.6770347344483568 0.5434620066075465 0.14128521126760568 0.03755868544600936
0 0.6422342649647887 0.24066031994435752 0.099031690140845 0.053990610328638465
0 0.3090345021517997 0.5311424100156494 0.08010563380281689 0.04225352112676064
0 0.32489302132237874 0.48009150582507387 0.09947183098591547 0.04812206572769955
