0 0.38430239411865563 0.24752991159884166 0.062114197530864286 0.11008230452674894
0 0.6971970378943759 0.2583266651425088 0.07484567901234555 0.10390946502057614
0 0.4487453382201646 0.2439386145404664 0.08217592592592596 0.12037037037037036
0 0.2855511616941015 0.24495313214449022 0.08256172839506175 0.10493827160493825
0 0.3692641353737997 0.1230514593811919 0.07368827160493834 0.11779835390946503
0 0.6327599879972565 0.03661551211705533 0.06327160493827151 0.10030864197530864
0 0.11733807013031551 0.23465363511659806 0.07793209876543213 0.09259259259259264
0 0.5602288558813444 0.03404301935680536 0.06288580246913579 0.09979423868312759
0 0.5351557141632373 0.24702074759945128 0.06867283950617285 0.1157407407407408
0 0.635073731138546 0.14103557003505562 0.06172839506172841 0.09619341563786005
0 0.2909481095679013 0.13075798277701567 0.0763888888888889 0.10751028806584365
0 0.45221648876886145 0.13230214525224812 0.08063271604938278 0.10853909465020577
0 0.4877022783779149 0.03249409388812681 0.06905864197530866 0.09362139917695474
0 0.034773930469821676 0.13229881115683584 0.07445987654320987 0.10493827160493825
0 0.560235553840878 0.13539142280140223 0.07253086419753087 0.11162551440329214
0 0.21146824631344308 0.24443587105624145 0.06983024691358024 0.10185185185185185
0 0.7006732788923183 0.1379710600518214 0.0806327160493827 0.11985596707818925
0 0.7052948709705075 0.03610539551897577 0.06905864197530866 0.10493827160493828
0 0.5258953832304527 0.8319225346745923 0.06712962962962961 0.14300411522633746
0 0.39124764231824416 0.8308875361987501 0.06327160493827158 0.1363168724279837
0 0.3160212512860082 0.8329627724432251 0.07060185185185183 0.15534979423868306
0 0.46107735339506173 0.8360187090382564 0.062499999999999924 0.1224279835390946
0 0.1821491340877915 0.7964449016918153 0.07253086419753087 0.16049382716049376
0 0.6339096257716049 0.8215954122847128 0.052083333333333336 0.10082304526748963
0 0.2658511231138546 0.8139155616521873 0.04783950617283948 0.139917695473251
0 0.699879436728395 0.8174725651577504 0.04861111111111111 0.09259259259259259
0 0.7550612461419752 0.8190195854290504 0.06597222222222222 0.09670781893004117
0 0.035934017061042524 0.24082647462277093 0.0783179012345679 0.09259259259259259
0 0.1366190843621399 0.10811280673677792 0.06481481481481483 0.09516460905349797
0 0.20607290594993144 0.11842611644566378 0.0783179012345679 0.12242798353909466
0 0.0038974086934156376 0.7855933737235178 0.05671296296296296 0.1075102880658436
0 0.04133391203703704 0.9085209952751104 0.07638888888888887 0.09156378600823048
0 0.1184761874142661 0.8324097889041304 0.05015432098765433 0.11368312757201651
0 0.7859291945301783 0.13540428288370676 0.07137345679012333 0.12551440329218108
0 0.6146393282750343 0.24240159655540316 0.08063271604938278 0.1270576131687243
0 0.00157803926611797 0.4209405006858711 0.050154320987654315 0.1712962962962963
0 0.04018186299725651 0.4209419295839049 0.08410493827160494 0.17283950617283958
0 0.11849654921124828 0.41991693339429964 0.07947530864197531 0.17695473251028798
0 0.19797266160836763 0.4168348003353147 0.08063271604938274 0.18158436213991766
0 0.0015890239197530866 0.5953103566529493 0.06597222222222221 0.1574074074074073
0 0.05753815157750343 0.5968535665294924 0.07716049382716048 0.15740740740740752
0 0.13353721922153636 0.5968535665294924 0.07137345679012345 0.15740740740740752
0 0.20491389103223592 0.5968645214144185 0.07600308641975309 0.16923868312757206
0 0.2808974194101509 0.575241960067063 0.047839506172839524 0.1502057613168725
0 0.3715845764746228 0.41683622923334857 0.08179012345679008 0.18312757201646085
0 0.3762109910836762 0.6040580704160952 0.07716049382716048 0.16049382716049376
0 0.3287366576646091 0.5742236320682823 0.04745370370370365 0.16152263374485598
0 0.4556745113168724 0.42093907178783724 0.06018518518518524 0.16975308641975312
0 0.4591435185185185 0.5953046410608139 0.05555555555555555 0.1512345679012345
0 0.5181846922153635 0.424022633744856 0.07484567901234572 0.1666666666666667
0 0.520494684499314 0.5906835848193873 0.06790123456790134 0.16049382716049376
0 0.595343578532236 0.424031207133059 0.0725308641975308 0.17592592592592587
0 0.5918689450445817 0.6024996189605244 0.06905864197530866 0.14403292181069946
0 0.6701900612997256 0.4183765813138241 0.07368827160493834 0.18004115226337444
0 0.6667146240569273 0.6025067634506936 0.06905864197530857 0.15174897119341554
0 0.7473435892489712 0.4224879972565158 0.06365740740740745 0.17592592592592587
0 0.7403983410493827 0.6040413999390337 0.0625 0.1424897119341563
0 0.895883701989026 0.81752829218107 0.07253086419753095 0.1527777777777778
0 0.8970459319272976 0.5937723860691969 0.0794753086419754 0.16306584362139906
