0 0.00048415492957746485 0.10062271778821076 0.06338028169014084 0.29225352112676056
0 0.48244479900234744 0.4990898322030951 0.07262323943661973 0.28462441314554
0 0.5550634536384977 0.5055392540427752 0.06602112676056338 0.278169014084507
0 0.41026108910406883 0.4990887454355764 0.07174295774647893 0.2834507042253522
0 0.6540939211658842 0.13698704573117718 0.06426056338028169 0.26995305164319255
0 0.9256614338810641 0.4714962615197357 0.06514084507042242 0.27230046948356806
0 0.26413677376760564 0.49205735958963653 0.07526408450704222 0.2951877934272301
0 0.3415960607394366 0.49791612328290735 0.06734154929577471 0.28462441314553993
0 0.5863134536384977 0.1381596678838463 0.06602112676056338 0.26877934272300474
0 0.6268058000782474 0.5061228482003131 0.06514084507042249 0.2746478873239436
0 0.7557692072574336 0.5084724395757259 0.06822183098591539 0.2769953051643193
0 0.5172104240023475 0.1328828681968353 0.06470070422535217 0.2740610328638498
0 0.1457327733763693 0.10649180577290907 0.0664612676056338 0.29284037558685444
0 0.21528052865805947 0.11587713006433664 0.07438380281690138 0.2881455399061033
0 0.7227565043035993 0.14754499217527384 0.06514084507042257 0.26408450704225356
0 0.11404843994522693 0.4879531820552948 0.07482394366197184 0.2992957746478873
0 0.06695245256259781 0.10531755346896192 0.07350352112676056 0.29225352112676056
0 0.30242444248826295 0.11294285776386716 0.06866197183098591 0.28814553990610325
0 0.03966402582159625 0.48500260824204483 0.07394366197183098 0.28169014084507044
0 0.7799641162949922 0.16572226569292298 0.049735915492957694 0.2476525821596244
0 0.4463477479460094 0.1276060685098244 0.06470070422535217 0.27934272300469487
0 0.3724071425078247 0.12349645713788907 0.06910211267605636 0.2775821596244131
0 0.6901836365414711 0.5078877586506694 0.061619718309859274 0.27934272300469487
0 0.8627173195422535 0.46621674491392806 0.059419014084507185 0.27464788732394363
0 0.9120213468309859 0.15517681707529124 0.07130281690140852 0.26701877934272306
0 0.8125336218701095 0.5008275734654842 0.04841549295774649 0.2599765258215962
0 0.6255006602112676 0.8510737263084681 0.08714788732394364 0.1455399061032863
0 0.4384371332159625 0.8463864980003477 0.0818661971830985 0.153755868544601
0 0.34556772055946794 0.8487301121544079 0.08230633802816899 0.1496478873239436
0 0.24873612333724568 0.8528359198400277 0.08142605633802817 0.14730046948356812
0 0.5308725180946792 0.8499043644583552 0.09022887323943662 0.15023474178403745
0 0.7174897911776213 0.8499011041557991 0.08670774647887325 0.14671361502347402
0 0.10920383411580593 0.8469668318553295 0.07042253521126762 0.14671361502347424
0 0.8838391896517999 0.8369984567901235 0.05237676056338027 0.15551643192488251
0 0.1857810054773083 0.8434533124673971 0.05985915492957747 0.15492957746478853
0 0.7993578222809076 0.8457985567727352 0.08934859154929582 0.15258215962441304
0 0.9432578980829422 0.843451682316119 0.051936619718309866 0.15316901408450692
