0 0.026892605633802816 0.06937869500956355 0.06338028169014084 0.1402582159624413
0 0.10963572232003131 0.0846254999130586 0.05853873239436618 0.1279342723004695
0 0.176097906885759 0.0752445226917058 0.05985915492957749 0.13732394366197184
0 0.2482761150234742 0.060585115632063986 0.05281690140845067 0.15023474178403756
0 0.3046236184467918 0.0541411276299774 0.06646126760563385 0.16255868544600938
0 0.37592093358763695 0.04709996087636933 0.05853873239436614 0.1637323943661972
0 0.43886046312597815 0.07231677099634848 0.05765845070422534 0.14436619718309857
0 0.5189691534624412 0.01544350982437837 0.062059859154929675 0.20011737089201878
0 0.5911531690140845 0.021302273517649104 0.06338028169014073 0.18955399061032865
0 0.6637745745305165 0.016618848895844203 0.06073943661971839 0.20187793427230044
0 0.7311210142801253 0.02717407842114415 0.067781690140845 0.19307511737089203
0 0.8032915810837244 0.027179512258737614 0.049735915492957854 0.198943661971831
0 0.9410620843114241 0.028934098417666494 0.058978873239436624 0.1924882629107981
0 0.9005587343505478 0.07525702051817075 0.044014084507042306 0.15082159624413147
0 0.03968144806338029 0.3387351112849939 0.09903169014084506 0.12969483568075116
0 0.003551692097026604 0.48486404538341155 0.04401408450704226 0.13204225352112686
0 0.04496038732394367 0.47723548078595024 0.09507042253521128 0.13262910798122063
0 0.15102730095852895 0.33287580420796387 0.08494718309859156 0.13967136150234744
0 0.14442824481611893 0.47430501217179627 0.08934859154929575 0.13673708920187794
0 0.2381702978286385 0.46667753434185355 0.0779049295774648 0.1384976525821596
0 0.2764610230829421 0.3750863980177361 0.07570422535211263 0.09330985915492955
0 0.32708516725352116 0.4713707398713267 0.08714788732394368 0.136737089201878
0 0.4199319615610329 0.4742925143453313 0.054137323943661955 0.12323943661971828
0 0.4771496601134585 0.48015834202747343 0.05325704225352115 0.12030516431924894
0 0.5449328785211267 0.4696047426534516 0.05545774647887324 0.13086854460093902
0 0.6047911164906103 0.46667590419057553 0.05413732394366188 0.136737089201878
0 0.6624559859154929 0.4608062728221179 0.06338028169014089 0.13556338028169007
0 0.3587147887323944 0.3779342723004695 0.0 0.0
0 0.3565470950704225 0.3780179533994088 0.04753521126760568 0.09037558685446004
0 0.739147165982003 0.31296078942792555 0.2169894366197184 0.1807511737089202
0 0.7281503692292646 0.4965669014084507 0.22667253521126757 0.09507042253521115
0 0.0009383558294209703 0.7342847982959485 0.08362676056338028 0.14025821596244137
0 0.0009362162558685446 0.8850830290384281 0.08054577464788733 0.11502347417840379
0 0.12856269561815337 0.8446047426534516 0.05985915492957747 0.13086854460093902
0 0.19284282081377152 0.8551735567727352 0.08802816901408449 0.13673708920187794
0 0.3138681044600939 0.8264133411580595 0.06866197183098591 0.13204225352112675
0 0.3847387275039124 0.8475417318727178 0.08010563380281689 0.13380281690140847
0 0.46921917791471046 0.8246544079290558 0.04181338028169021 0.13380281690140847
0 0.5110450899843506 0.838160754651365 0.05985915492957735 0.1431924882629108
0 0.5902569933489827 0.7929506824900018 0.04049295774647885 0.11913145539906099
0 0.6479249193075118 0.7964924578334204 0.054137323943661955 0.1414319248826292
0 0.7808774085485133 0.8445504042775169 0.09727112676056338 0.07218309859154928
0 0.08805231562989045 0.8246544079290558 0.03477112676056339 0.13380281690140847
0 0.9524953540688575 0.7406994435750304 0.044014084507042306 0.0962441314553991
0 0.9590953271713615 0.31706822726482353 0.04093309859154933 0.1801643192488263
0 0.9612926692097028 0.49714886541471054 0.036091549295774586 0.08978873239436622
0 0.750074885074335 0.7981601025908538 0.10783450704225352 0.04107981220657269
