0 0.5079839715375587 0.1453307033559381 0.08846830985915485 0.4078638497652582
0 0.7531470070422535 0.6299735915492958 0.09507042253521121 0.3010563380281691
0 0.3988265967331769 0.1488273778473309 0.08494718309859156 0.3814553990610329
0 0.2905586732198748 0.1447367849069727 0.09463028169014076 0.4002347417840375
0 0.42128080985915495 0.633488197704747 0.09507042253521121 0.29401408450704225
0 0.06387452318075118 0.6200345592070943 0.0779049295774648 0.34154929577464804
0 0.11273107394366198 0.1388258563728047 0.07922535211267605 0.3544600938967136
0 0.6193521371283255 0.15235013475917233 0.10651408450704222 0.3832159624413145
0 0.20295841891627542 0.14880129542688228 0.07702464788732395 0.35328638497652587
0 0.7962866172730828 0.16935587289167103 0.10343309859154932 0.369131455399061
0 0.1523477234937402 0.6352139845244305 0.08494718309859156 0.2564553990610329
0 0.00886547584115806 0.14706572769953052 0.09022887323943664 0.3802816901408451
0 0.7333128545579031 0.1564227960354721 0.05501760563380268 0.3450704225352112
0 0.24783780809859152 0.6270154103634151 0.05545774647887324 0.27523474178403756
0 0.9036718138693272 0.1623293774995653 0.09022887323943662 0.38615023474178406
0 0.8548256553208139 0.6258563728047296 0.10387323943661958 0.2910798122065728
0 0.5295569860133019 0.6323460050426013 0.09727112676056354 0.3280516431924882
0 0.315645784428795 0.6276435619892193 0.09330985915492963 0.3198356807511737
0 0.6365148792057903 0.6340946139801774 0.10255281690140829 0.3151408450704225
