0 0.38126902220507547 0.20485730071635422 0.1385030864197531 0.13477366255144035
0 0.5170757780349794 0.4893194634964182 0.14467592592592596 0.13168724279835387
0 0.6123614861968449 0.2233586724584667 0.13387345679012358 0.11625514403292182
0 0.5216662915809328 0.14524462734339277 0.08834876543209881 0.19753086419753085
0 0.9464195387517148 0.7372694711172078 0.06635802469135793 0.1399176954732511
0 0.2354364926268861 0.2058765813138241 0.1396604938271605 0.12448559670781895
0 0.08073640046296296 0.20072730909922268 0.14930555555555552 0.11882716049382717
0 0.0726302619170096 0.47594307270233205 0.14313271604938269 0.1296296296296295
0 0.11080059370713308 0.7104747751867093 0.10841049382716048 0.09053497942386836
0 0.37046414180384085 0.4918790961743637 0.13503086419753088 0.11831275720164613
0 0.2462204753943759 0.4810728166438043 0.11304012345679015 0.11419753086419757
0 0.8009824567043896 0.14309651729919218 0.08140432098765428 0.09979423868312759
0 0.8067646712105623 0.24650491540923639 0.07445987654321 0.11419753086419757
0 0.8006199631344308 0.5001090725499162 0.1149691358024692 0.11779835390946497
0 0.7821126971879286 0.7135188042981253 0.13117283950617287 0.044753086419753015
0 0.8897229188100136 0.23365674058832492 0.08989197530864207 0.1270576131687243
0 0.5182342571159122 0.6997242226794695 0.14621913580246912 0.14660493827160498
0 0.3654594264403292 0.7527006172839505 0.15046296296296302 0.138888888888889
0 0.22887302812071333 0.7377814929126657 0.13271604938271603 0.1373456790123457
0 0.8040873628257887 0.7521676383173298 0.10802469135802475 0.11882716049382709
0 0.6644268689986282 0.7721922153635117 0.10802469135802469 0.0787037037037037
0 0.7488814407578874 0.26396985977747295 0.055941358024691426 0.08744855967078191
0 0.7241890110596707 0.19707695092211552 0.0543981481481481 0.06532921810699588
0 0.9317595807613167 0.5180993750952599 0.06712962962962968 0.10288065843621397
0 0.0718490119170096 0.8236044429202865 0.12924382716049385 0.048353909465020634
