0 0.6981902264280125 0.36564401843157707 0.18265845070422543 0.03638497652582163
0 0.6853821278364632 0.26996935315597287 0.11927816901408453 0.017605633802816892
0 0.3258014231220657 0.5117903408102938 0.13996478873239435 0.05751173708920179
0 0.5643281127738655 0.24011910972004866 0.09727112676056338 0.10328638497652581
0 0.41338700606416273 0.3592136150234742 0.13644366197183103 0.0633802816901408
0 0.4195498948552426 0.24362991218918448 0.13776408450704214 0.09213615023474181
0 0.6963841206964007 0.7806261954442706 0.11707746478873228 0.11854460093896711
0 0.5705004768192489 0.3580719657450878 0.1122359154929577 0.09800469483568076
0 0.2773544478677621 0.7577600634672231 0.09463028169014084 0.1414319248826291
0 0.18493281739045384 0.2359643974960876 0.10607394366197186 0.05281690140845075
0 0.3064022153755868 0.240665753781951 0.09242957746478879 0.05985915492957748
0 0.307279746185446 0.36213647626499734 0.08846830985915494 0.051056338028169064
0 0.013745231807511736 0.7975803121196313 0.14524647887323944 0.04870892018779342
0 0.6752643901604068 0.5200247782994263 0.12720070422535218 0.07746478873239432
0 0.012386908255086072 0.4630819640062598 0.09066901408450705 0.05809859154929577
0 0.015477675078247261 0.5839701790992871 0.10475352112676058 0.05399061032863857
0 0.15676502591940533 0.7753521126760562 0.10783450704225352 0.12676056338028183
0 0.5014136468114241 0.6027381107633454 0.13424295774647885 0.041666666666666775
0 0.5093389329029734 0.49534537471744045 0.13820422535211263 0.043427230046948276
0 0.1475529391627543 0.596330529473135 0.1522887323943662 0.09330985915492965
0 0.010176728775430362 0.315792905581638 0.07702464788732394 0.07042253521126761
0 0.008018204714397495 0.742423600243436 0.13776408450704225 0.056924882629108026
0 0.7047761394757434 0.4166742740392975 0.15933098591549283 0.008215962441314601
0 0.14798360475352113 0.5000652060511216 0.1386443661971831 0.07042253521126766
0 0.8816552963615024 0.7171910319944358 0.07658450704225352 0.05927230046948361
0 0.39531005477308295 0.784153842809946 0.09154929577464783 0.12558685446009388
0 0.01417039563771518 0.8621419101025908 0.12367957746478872 0.056924882629108026
0 0.5762259756455399 0.7917949052338723 0.11751760563380276 0.13849765258215954
0 0.10395637715179969 0.0013084680925056513 0.11971830985915495 0.1455399061032864
0 0.24701590620109543 0.02943781516258042 0.139524647887324 0.10269953051643191
0 0.5550833211071987 0.004249260998087289 0.0946302816901408 0.15258215962441316
0 0.6541247921557121 0.0071808163797600424 0.1087147887323944 0.14964788732394368
0 0.7967276750782472 0.0007167231785776387 0.1047535211267607 0.14025821596244134
0 0.0049072647691705785 0.22131368457659537 0.09463028169014086 0.07511737089201878
0 0.18406537314162755 0.29056196748391583 0.12455985915492956 0.07453051643192486
0 0.6783539343701096 0.291695466005912 0.139524647887324 0.031103286384976534
0 0.6827532032472613 0.31985578595026953 0.13644366197183103 0.02171361502347419
0 0.6871744791666666 0.4296073508954964 0.16505281690140836 0.03227699530516433
0 0.663853127445227 0.6203312467396974 0.17385563380281688 0.028169014084507026
0 0.30513528217918623 0.5910548165536428 0.16945422535211266 0.09976525821596242
0 0.6748132457942098 0.6584958050773779 0.11135563380281681 0.04870892018779332
0 0.907150149158842 0.46493816292818635 0.028609154929577427 0.16138497652582157
0 0.9454555457746479 0.473719244479221 0.04753521126760568 0.13791079812206572
0 0.9322650748239436 0.2366637323943662 0.06734154929577474 0.1742957746478873
0 0.8631901652973397 0.8363420492088333 0.10651408450704215 0.08039906103286378
0 0.005773792057902974 0.004212854286211094 0.07482394366197184 0.11326291079812208
0 0.4965210534037559 0.7894398800208658 0.06073943661971823 0.13028169014084504
