0 0.34824768926056343 0.8040802686489306 0.13864436619718304 0.09683098591549308
0 0.18404275479264476 0.019677556077203964 0.09198943661971831 0.33626760563380287
0 0.140462086756651 0.6081572769953052 0.08230633802816904 0.19014084507042253
0 0.04803312059859154 0.4262188097722135 0.08318661971830986 0.17546948356807515
0 0.10920230584898277 0.0009172317857763868 0.06822183098591551 0.3568075117370892
0 0.7008090644561815 0.478377673448096 0.15096830985915494 0.09859154929577459
0 0.6994797779733959 0.5875173882802991 0.13820422535211271 0.08215962441314549
0 0.04715742370892019 0.6087370674665276 0.08978873239436617 0.1825117370892019
0 0.23949561081768383 0.6128472222222221 0.08494718309859159 0.18485915492957747
0 0.2386134952073552 0.4314896322378716 0.08230633802816902 0.16373239436619721
0 0.5207908475156494 0.579893714136672 0.15008802816901412 0.0880281690140845
0 0.025578907472613457 0.005019779168840202 0.07306338028169014 0.3509389671361503
0 0.13958730682707354 0.4279690488610676 0.09022887323943664 0.16431924882629115
0 0.5181512250586855 0.47836897930794653 0.15184859154929573 0.08920187793427224
0 0.8152071718505477 0.25066999217527386 0.0955105633802816 0.08978873239436627
0 0.33814431729264477 0.5822389584420101 0.16725352112676065 0.08568075117370902
0 0.8310436839788733 0.15207952964701793 0.08318661971830986 0.09096244131455399
0 0.00046489876760563383 0.43266931837941225 0.035651408450704226 0.17018779342723
0 0.8764005037167449 0.3991365632063989 0.11531690140845083 0.08157276995305167
0 0.8297192879499218 0.0493848895844201 0.07746478873239432 0.09624413145539905
0 0.33858415248435053 0.4625396670144323 0.1668133802816902 0.10622065727699521
0 0.8513323430164318 0.5810636193705443 0.14392605633802827 0.0839201877934272
0 0.8654079861111111 0.4959680925056512 0.13116197183098596 0.08215962441314559
0 0.8024326951291079 0.7542340462528256 0.08054577464788729 0.13615023474178406
0 0.6567726672535211 0.916737849939141 0.11883802816901405 0.07687793427230055
0 0.48689786287167447 0.8909390758129021 0.14700704225352124 0.10152582159624404
0 0.6554543842918622 0.8169704181881412 0.1219190140845071 0.07453051643192486
0 0.9283080863654146 0.7729807859502695 0.0735035211267607 0.10093896713615028
0 0.9353433098591548 0.8856595592070944 0.06338028169014097 0.10387323943661984
0 0.3826101574726134 0.028428208137715183 0.18397887323943662 0.27992957746478875
0 0.9256660186815336 0.057603568944531384 0.07174295774647876 0.09917840375586856
0 0.9441400136932707 0.16264182316118933 0.05457746478873244 0.08978873239436622
0 0.9590944102112675 0.2664944140149539 0.03961267605633812 0.06748826291079815
0 0.003545273376369327 0.614026908363763 0.034771126760563376 0.19131455399061015
0 0.49964513644366193 0.7759047339593115 0.1227992957746479 0.08978873239436612
0 0.34076468358763695 0.9073541557989915 0.13776408450704228 0.08333333333333333
0 0.7936301838810642 0.8792199182750826 0.0809859154929577 0.1208920187793427
0 0.17396414074726135 0.8622125499913058 0.15624999999999997 0.1332159624413146
0 0.011989864534428794 0.866904125369501 0.15272887323943662 0.12969483568075107
