0 0.3878322187928669 0.6009830818472794 0.14506172839506182 0.17283950617283947
0 0.34342233581961595 0.0608901082152111 0.08371913580246913 0.205761316872428
0 0.823394633058985 0.6056412894375857 0.13271604938271586 0.2037037037037037
0 0.23657032321673524 0.33505277396738303 0.10570987654320987 0.190329218106996
0 0.11579352066186556 0.3951874714220393 0.07600308641975308 0.13580246913580254
0 0.4329421724965706 0.10195139841487577 0.10339506172839508 0.10751028806584362
0 0.26627148705418385 0.6241112254229538 0.09760802469135801 0.1512345679012346
0 0.5799428262174212 0.3719921696387745 0.11766975308641968 0.08487654320987656
0 0.576464441872428 0.4655864197530864 0.10879629629629643 0.055555555555555504
0 0.5459833676268862 0.11684623151958543 0.10493827160493834 0.08281893004115229
0 0.25314348636831274 0.059863206828227405 0.08217592592592596 0.2078189300411523
0 0.3477098336762689 0.3170377038561195 0.14660493827160487 0.17849794238683128
0 0.6601750042866941 0.11221993598536809 0.09645061728395056 0.08641975308641976
0 0.772844596622085 0.07779016156073769 0.11844135802469127 0.12448559670781895
0 0.8665908457647463 0.3576317443987197 0.11304012345679015 0.13117283950617292
0 0.7161254715363512 0.38125 0.10956790123456793 0.08333333333333333
0 0.8584943522805213 0.5062099908550526 0.1207561728395062 0.040123456790123385
0 0.901683867026749 0.10042057232129248 0.09143518518518524 0.12088477366255143
0 0.7161203810871056 0.4789518556622466 0.10223765432098778 0.04578189300411524
0 0.06834249614197531 0.8941224660874866 0.0798611111111111 0.09670781893004117
0 0.4445285708161866 0.8735739597622314 0.12114197530864199 0.12654320987654316
0 0.5305673439643347 0.5907321673525378 0.12808641975308635 0.21296296296296285
0 0.5714607981824417 0.8781993026977595 0.12577160493827166 0.12191358024691354
0 0.006206865140603567 0.8617493522328913 0.048996913580246916 0.1337448559670782
0 0.6713844414437585 0.6056379553421734 0.12692901234567897 0.2001028806584363
0 0.006249464163237312 0.3438109663161103 0.11033950617283951 0.20473251028806594
0 0.016680062585733884 0.6102575826855662 0.13040123456790123 0.18930041152263374
0 0.7562596450617284 0.8766537113244931 0.125 0.11934156378600835
0 0.03709839034636488 0.0778611301630849 0.08834876543209878 0.20113168724279834
