0 0.5417084619341564 0.43377629172382254 0.06018518518518516 0.14506172839506173
0 0.11154272762345678 0.08353861835086115 0.06597222222222224 0.22170781893004116
0 0.2585227516289437 0.41214753848498703 0.05054012345679016 0.11934156378600815
0 0.028215556412894378 0.08350956409083982 0.07484567901234568 0.19032921810699588
0 0.7365483539094652 0.10047153635116597 0.07407407407407397 0.17592592592592593
0 0.1987249764231824 0.3941639041304679 0.05285493827160496 0.14146090534979427
0 0.6404752336248285 0.08350575369608292 0.06211419753086421 0.1862139917695473
0 0.059088059413580245 0.38850832571254384 0.08680555555555555 0.14454732510288062
0 0.5505971900720166 0.10409331656759639 0.08217592592592596 0.19855967078189302
0 0.310245734739369 0.11435709114464258 0.08719135802469134 0.17232510288065847
0 0.43099815672153635 0.11746208657216888 0.08179012345679015 0.19238683127572018
0 0.31563544881687244 0.4039351851851852 0.07060185185185183 0.138888888888889
0 0.4085996442043896 0.40085019433013264 0.05015432098765429 0.14043209876543206
0 0.23924709576474623 0.1061323540618808 0.07137345679012345 0.17849794238683128
0 0.15049136231138546 0.4039223251028806 0.04089506172839506 0.125
0 0.6886981310013718 0.41268385154702025 0.0586419753086419 0.14300411522633746
0 0.6227194787379974 0.4167885992988874 0.0493827160493827 0.13168724279835398
0 0.47380803112139913 0.40393470888584054 0.06134259259259262 0.13837448559670784
0 0.48768620327503426 0.7094297744246304 0.045910493827160476 0.07304526748971196
0 0.770883701989026 0.416797648986435 0.07253086419753095 0.14146090534979427
0 0.4197913987482853 0.7048191967687852 0.05516975308641976 0.09362139917695482
0 0.35072847007887514 0.7171601127876848 0.048996913580246944 0.08847736625514402
0 0.5771835348079561 0.8262112292333486 0.03317901234567905 0.08590534979423874
0 0.2751240462105624 0.7053235977747295 0.06751543209876548 0.08281893004115216
0 0.6555196544924554 0.7222970012193264 0.05941358024691365 0.08076131687242805
0 0.6138350372942387 0.8246656378600823 0.03356481481481484 0.08333333333333333
0 0.7342177319101509 0.7207695092211552 0.05131172839506175 0.09773662551440339
0 0.5386022162208504 0.839573807346441 0.03163580246913595 0.07304526748971196
0 0.5058071309156379 0.8539642394452066 0.028935185185185158 0.05915637860082296
0 0.6531935871056241 0.8431722488949855 0.04320987654320984 0.07047325102880656
0 0.5984069573045268 0.7130148795915255 0.039351851851851825 0.05606995884773672
0 0.1389614947702332 0.7886902720621857 0.10455246913580246 0.1188271604938272
