0 0.03026111325445816 0.1628496037189453 0.2426697530864198 0.32201646090534986
0 0.27984074931412894 0.22451226947111722 0.19290123456790123 0.25102880658436216
0 0.4862429269547325 0.22450845907636033 0.18981481481481485 0.2469135802469136
0 0.6983750750171468 0.20342602118579486 0.10455246913580238 0.2556584362139918
0 0.10269767018175582 0.5481886335924402 0.10686728395061726 0.3770576131687243
0 0.21656271433470506 0.6252914951989026 0.18364197530864199 0.3148148148148148
0 0.4090382265946502 0.6586938919372047 0.12615740740740738 0.27829218106995895
0 0.5441612547153635 0.6555965172991922 0.2588734567901234 0.2664609053497943
0 0.8141056348593964 0.7357691281816797 0.08989197530864207 0.1862139917695473
0 0.83031925154321 0.002277663465935071 0.1041666666666665 0.2376543209876543
0 0.9344569830246913 0.0038232548392013416 0.0625 0.24022633744855962
0 0.8333775398662552 0.31867474470355134 0.0636574074074073 0.279835390946502
0 0.9082216113683128 0.3109658398110044 0.06134259259259254 0.2875514403292181
