0 0.7099435228052127 0.16470955265965553 0.09645061728395056 0.10853909465020577
0 0.10007340963648835 0.872032178783722 0.21682098765432095 0.12808641975308646
0 0.46687778635116606 0.43278320759030636 0.08179012345679015 0.18364197530864196
0 0.16207293810013718 0.03160198521566834 0.05169753086419752 0.2412551440329218
0 0.37158511231138547 0.4368989102270996 0.08256172839506175 0.184156378600823
0 0.19490338863168724 0.4203432213077275 0.10532407407407408 0.08179012345679015
0 0.5587169924554184 0.3891079865874104 0.10802469135802469 0.23662551440329216
0 0.27512886874142656 0.022362730528882793 0.07445987654320987 0.26286008230452673
0 0.08029915766460904 0.032640794086267334 0.07523148148148148 0.25205761316872427
0 0.3623068308470508 0.029019013869836914 0.055169753086419686 0.2294238683127572
0 0.4317437735768175 0.01668571864045115 0.0443672839506173 0.24279835390946503
0 0.6829386895576132 0.3865450198140527 0.09837962962962968 0.2463991769547326
0 0.48113774219821676 0.04496265813138241 0.06057098765432095 0.2263374485596708
0 0.05332084833676269 0.3742041037951532 0.11535493827160492 0.2515432098765432
0 0.018555759173525376 0.04446159122085048 0.053626543209876545 0.24074074074074073
0 0.8010081768689986 0.36946254381953975 0.11844135802469143 0.13065843621399176
0 0.8847053433641976 0.0540971269623533 0.08680555555555555 0.09156378600823044
0 0.718809209962277 0.04483358100899253 0.08526234567901238 0.08693415637860083
0 0.5190155071159122 0.720423715896967 0.1601080246913581 0.279835390946502
0 0.7677817429698218 0.7877481519585429 0.05015432098765429 0.2124485596707819
0 0.8237263160150892 0.7831075674439871 0.054783950617283965 0.20061728395061726
0 0.349266171553498 0.7188695511354977 0.16550925925925922 0.26800411522633727
0 0.7075949502743485 0.7486897005029721 0.047839506172839524 0.25154320987654316
0 0.8877898876886147 0.8380944215820758 0.08410493827160492 0.14197530864197536
0 0.6570601851851852 0.20325360082304528 0.05555555555555555 0.06944444444444445
