0 0.335685388803155 0.19109987044657828 0.053626543209876545 0.2767489711934157
0 0.39586923439643346 0.19212629553421734 0.05169753086419754 0.2741769547325103
0 0.1474046746399177 0.24816005563176347 0.040509259259259266 0.23508230452674894
0 0.452573356052812 0.5506377648224355 0.03896604938271611 0.24434156378600816
0 0.10034239969135804 0.55938119189148 0.04861111111111109 0.24279835390946508
0 0.22996908221879286 0.20856957780826094 0.04436728395061734 0.2551440329218107
0 0.10573693629972565 0.2342687852461515 0.03896604938271605 0.23251028806584365
0 0.4896090534979424 0.23324664685261395 0.037037037037036986 0.23971193415637862
0 0.4062765239197531 0.5424149329370523 0.03819444444444445 0.25257201646090527
0 0.282821073388203 0.20342983158055178 0.040123456790123455 0.2597736625514403
0 0.017390046296296296 0.1977847317482091 0.041666666666666664 0.2741769547325103
0 0.44640132030178326 0.22401024996189606 0.04012345679012341 0.26440329218106995
0 0.49617171424897116 0.5599003581771071 0.042824074074074125 0.24794238683127567
0 0.6238725994513031 0.5568015546410607 0.04320987654321 0.23456790123456794
0 0.5806605795610424 0.01192415409236397 0.04012345679012341 0.10030864197530866
0 0.5343642832647462 0.5640136793171773 0.04012345679012341 0.24588477366255143
0 0.010833279749657063 0.5598674935223289 0.04436728395061728 0.2124485596707819
0 0.4421607081618656 0.013468792866941014 0.044753086419753015 0.10185185185185185
0 0.19099633487654322 0.23736377838744088 0.034722222222222224 0.24176954732510286
0 0.05905456961591221 0.23787770538027744 0.03858024691358026 0.24125514403292175
0 0.5864446694958849 0.5655259297363207 0.035879629629629525 0.2124485596707819
0 0.5297317065329218 0.25122504191434236 0.035879629629629685 0.2119341563786008
0 0.2901523919753087 0.5547606119493979 0.04166666666666663 0.2525720164609055
0 0.5297392082475995 0.008326665142508764 0.04668209876543206 0.10390946502057614
0 0.16168204518175583 0.5645247485139461 0.0443672839506173 0.24228395061728392
0 0.22688480581275722 0.5485849146471575 0.04745370370370373 0.24948559670781884
0 0.3541993527091907 0.5763264936747448 0.04706790123456794 0.21039094650205756
0 0.3534264081790124 0.006785836762688615 0.04513888888888889 0.10648148148148147
0 0.19640185613854597 0.005759887974394148 0.04089506172839508 0.1095679012345679
0 0.39971868569958846 0.012437604785855814 0.0393518518518519 0.09927983539094651
0 0.6277284807956104 0.020666152263374486 0.04012345679012341 0.09722222222222222
0 0.5706273040980795 0.28206399557994205 0.03665123456790127 0.18467078189300412
0 0.5675416881001372 0.23876600365797895 0.03780864197530865 0.08950617283950614
0 0.8217812285665296 0.6446764022252707 0.031635802469135714 0.13940329218106995
0 0.6528018904320987 0.2279635345221765 0.034722222222222224 0.08950617283950617
0 0.653963048696845 0.3113516422801403 0.04012345679012341 0.14866255144032917
0 0.24308127572016458 0.016544257735101358 0.03703703703703706 0.09002057613168725
0 0.14123746141975307 0.011415466392318245 0.048611111111111154 0.10648148148148148
0 0.6149905692729767 0.23515470202712999 0.030864197530864206 0.07818930041152262
0 0.6111368312757203 0.30673677793019355 0.037037037037036986 0.16460905349794244
0 0.4903777113340192 0.0036994170096021945 0.03279320987654325 0.10648148148148148
0 0.9112922239368999 0.2769347279378143 0.038580246913580314 0.20061728395061731
0 0.936759205675583 0.614352804450541 0.0443672839506173 0.16769547325102888
0 0.8908476401748971 0.6056217611644565 0.042824074074074125 0.1826131687242799
0 0.867697884516461 0.299031207133059 0.0405092592592592 0.17592592592592599
0 0.824877025462963 0.32009792714525226 0.04513888888888889 0.15020576131687244
0 0.8580498756858712 0.0006239521414418534 0.0362654320987654 0.1183127572016461
0 0.9444768625685871 0.022223174820911445 0.04668209876543206 0.11213991769547328
0 0.7126446759259258 0.5957299763755525 0.09722222222222222 0.0550411522633745
0 0.9012554655349795 0.010912017985063253 0.03009259259259254 0.1183127572016461
0 0.574106760116598 0.9059542181069958 0.04706790123456794 0.09722222222222211
0 0.38544720936213994 0.9162346631611035 0.04398148148148151 0.08899176954732498
0 0.6292692794067216 0.9105724165523549 0.03665123456790119 0.0848765432098765
0 0.05867091049382716 0.6339001295534217 0.04166666666666668 0.16769547325102888
0 0.33297726980452674 0.9141737158969668 0.04282407407407405 0.08539094650205757
0 0.5297341177983539 0.9105786084438349 0.0393518518518519 0.09156378600823037
0 0.25080000428669413 0.9054340992226794 0.04089506172839504 0.09104938271604941
0 0.20296076603223592 0.9033779149519892 0.041280864197530874 0.09259259259259259
0 0.4417684756515775 0.9198302469135802 0.03549382716049381 0.08333333333333333
0 0.16438132287379975 0.9105762269471117 0.04243827160493825 0.08899176954732498
0 0.049027456275720166 0.9033869646395367 0.043981481481481476 0.1023662551440328
0 0.12425706232853223 0.9116083676268861 0.041280864197530874 0.0925925925925927
0 0.4942352001886145 0.9141727632982777 0.032021604938271664 0.08436213991769545
0 0.2932326496056242 0.9110839620484683 0.03279320987654313 0.08179012345679006
0 0.09763133359053498 0.9049230300259107 0.033564814814814804 0.09465020576131683
0 0.8603732638888889 0.9018318472793782 0.04861111111111111 0.08950617283950624
0 0.9379206318587106 0.8730543171772595 0.05015432098765445 0.12088477366255143
0 0.8028881601508916 0.8920619951226947 0.047839506172839524 0.09362139917695471
0 0.8592078189300411 0.6477666323731137 0.03703703703703714 0.14351851851851863
0 0.31715133101851856 0.008836781740588325 0.03125 0.0992798353909465
0 0.2832007137345679 0.0011345450388660265 0.03125 0.11419753086419752
0 0.7122658393347052 0.486184937509526 0.10725308641975302 0.07973251028806592
0 0.6964514210390946 0.6564424249352232 0.11226851851851866 0.06893004115226349
0 0.6929821459190671 0.7289694787379973 0.11651234567901231 0.06481481481481481
0 0.6937449095507545 0.8025129553421735 0.1037808641975308 0.047325102880658415
0 0.6929725008573387 0.8683594345374182 0.10262345679012357 0.05041152263374487
0 0.689885009430727 0.9223860691967687 0.10108024691358032 0.06584362139917693
0 0.9757102516289438 0.27589830056393844 0.02276234567901238 0.1923868312757201
0 0.8314139660493827 0.005245960981557689 0.013888888888888888 0.11008230452674897
