0 0.0009398840962441316 0.27431859676577985 0.08582746478873239 0.27816901408450695
0 0.09467826926838811 0.295423078595027 0.06910211267605633 0.25410798122065736
0 0.1668714544209703 0.29074074074074074 0.08362676056338028 0.2676056338028169
0 0.2562221855438185 0.29249967396974436 0.08670774647887317 0.26584507042253525
0 0.3499761590375587 0.2889861545818119 0.09242957746478872 0.2740610328638498
0 0.026910639182316117 0.7466918796731005 0.08934859154929578 0.23004694835680747
0 0.12857675567292645 0.7419959572248306 0.08010563380281689 0.22887323943661952
0 0.22452593163145543 0.7343472874282733 0.0779049295774648 0.20774647887323947
0 0.3090354191118936 0.7360991566684054 0.08142605633802817 0.19835680751173712
0 0.4050386957159624 0.6669437923839333 0.15713028169014087 0.2992957746478874
0 0.5652420163341157 0.69273604590506 0.14568661971830987 0.2676056338028168
0 0.7382078931924884 0.7543057729090593 0.13204225352112675 0.21361502347417838
0 0.8882818613067293 0.704440532081377 0.11179577464788729 0.23239436619718307
0 0.4468471855438184 0.31771974439227957 0.15008802816901412 0.25
0 0.6004046850547731 0.2655424056685794 0.07570422535211263 0.306924882629108
0 0.742602271615806 0.29355981568422884 0.12191901408450702 0.14319248826291076
0 0.6916654440532081 0.4402794079290559 0.29401408450704214 0.14964788732394366
0 0.5903841451486698 0.004181338028169015 0.22359154929577457 0.07922535211267606
