0 0.4503016760973937 0.26111492150586807 0.10108024691358032 0.33744855967078186
0 0.8156292866941015 0.20390184423106233 0.06172839506172825 0.21399176954732507
0 0.463021369170096 0.8087839125133365 0.084104938271605 0.15329218106995884
0 0.5637163494513032 0.28575769699740894 0.08487654320987643 0.2849794238683129
0 0.3175797325102881 0.8319149138850785 0.09259259259259257 0.13477366255144033
0 0.8549918552812071 0.5577813023929279 0.07716049382716048 0.18158436213991766
0 0.1154152199074074 0.6220536122542295 0.08680555555555558 0.1512345679012346
0 0.3233740033436214 0.2837305669867398 0.10300925925925929 0.31790123456790126
0 0.06256430041152264 0.03408683889650968 0.6481481481481481 0.14711934156378603
0 0.5776105967078189 0.6199917123914037 0.09259259259259255 0.14660493827160498
0 0.19914426868998628 0.26831132830361226 0.10108024691358024 0.33179012345679004
0 0.4599421832133058 0.6477671086724583 0.09452160493827166 0.14403292181069968
0 0.10344596622085048 0.3787894375857339 0.07330246913580248 0.2037037037037036
0 0.9051501950445816 0.18589296601127875 0.08294753086419762 0.2088477366255144
0 0.6184847608024692 0.053621303917085805 0.0625 0.1332304526748971
0 0.5621790337791495 0.8396276291723822 0.09336419753086421 0.1311728395061728
0 0.09072520147462276 0.8165171086724584 0.08873456790123456 0.17181069958847736
0 0.20030703446502057 0.8088067748818778 0.10879629629629631 0.17798353909465006
0 0.9008712705761316 0.6662165637860082 0.03240740740740746 0.06944444444444445
0 0.8719543038408778 0.780449340801707 0.05864197530864206 0.1075102880658437
0 0.20878799082647462 0.623603966620942 0.09915123456790123 0.15895061728395057
0 0.3291452331961591 0.6338944139612864 0.08024691358024695 0.16152263374485598
