0 0.0036219923708920186 0.06654875239088853 0.14524647887323944 0.2529342723004695
0 0.14448998679577466 0.00615273430707703 0.17825704225352107 0.306924882629108
0 0.32713437744522694 0.015535341679707878 0.15801056338028166 0.29929577464788737
0 0.49790352357198747 0.006150017388280298 0.15008802816901412 0.30399061032863844
0 0.6603139671361502 0.0031961832724743517 0.14788732394366202 0.2828638497652582
0 0.8161002909820032 0.030178990610328638 0.11399647887323947 0.26936619718309857
0 0.9445807658450704 0.06066662319596593 0.05545774647887324 0.23826291079812206
0 0.0036204641040688576 0.44568444618327246 0.14304577464788734 0.28286384976525825
0 0.1510798733372457 0.4638503086419753 0.1606514084507042 0.2541079812206573
0 0.31612535455790297 0.447422730829421 0.15008802816901404 0.25880281690140844
0 0.4763412069640062 0.4398061206746653 0.1566901408450705 0.2723004694835681
0 0.6409361551251958 0.4397909059294036 0.1311619718309858 0.255868544600939
0 0.7844242101917058 0.42629705703355936 0.13424295774647893 0.2599765258215962
0 0.9300662045187794 0.5101292166579725 0.06998239436619716 0.16490610328638505
0 0.006635734546165883 0.8293606546687532 0.04841549295774649 0.14612676056338036
0 0.0665208700117371 0.8275946574508782 0.08582746478873238 0.14025821596244126
0 0.15453742419796557 0.8352123543731524 0.06910211267605636 0.12793427230046944
0 0.22805164319248827 0.8656934663536776 0.08450704225352111 0.08978873239436612
0 0.39968762226134585 0.8656896626673622 0.05721830985915493 0.08568075117370902
0 0.46262715179968694 0.8398876282385672 0.05633802816901405 0.10680751173708919
0 0.5326080178990611 0.842820813771518 0.054137323943661955 0.10563380281690145
0 0.5946703222809078 0.8445444270561642 0.05765845070422534 0.0657276995305164
0 0.658927829127543 0.8005852243088158 0.05325704225352115 0.125
0 0.7258258753912362 0.8322416753608067 0.04841549295774649 0.08861502347417848
0 0.7909670261150235 0.8205127369153191 0.04885563380281689 0.09741784037558684
0 0.898361086658842 0.8234470092157886 0.04841549295774649 0.09741784037558684
0 0.9511703467331769 0.7994278169014086 0.03741197183098595 0.14260563380281685
