0 0.8083145790466393 0.3679974470355129 0.08410493827160492 0.21502057613168724
0 0.47420053155006864 0.10094307270233197 0.07098765432098754 0.12962962962962962
0 0.8110135888203018 0.6889917695473251 0.08179012345679015 0.2222222222222222
0 0.5610039437585733 0.13332475994513032 0.06790123456790127 0.10185185185185185
0 0.08453628686556927 0.12356395747599448 0.06558641975308642 0.11574074074074074
0 0.3900974687071331 0.10506401463191585 0.07368827160493834 0.1358024691358025
0 0.1624649026920439 0.10403616064624295 0.06057098765432097 0.1368312757201646
0 0.7226613404492455 0.36902387212315196 0.07677469135802475 0.21244855967078186
0 0.29674130872770915 0.3576979500076207 0.08526234567901234 0.20267489711934158
0 0.23885513117283952 0.11431898719707362 0.06249999999999996 0.13117283950617287
0 0.6323832947530863 0.1009525986892242 0.07638888888888896 0.13991769547325103
0 0.7257496356310014 0.11277053802773969 0.0794753086419754 0.12551440329218105
0 0.2218790187757202 0.34382763679317174 0.06134259259259258 0.2227366255144033
0 0.5621656378600822 0.37980824188385914 0.07407407407407404 0.19290123456790126
0 0.3210332004458161 0.12047658512421888 0.06558641975308643 0.11471193415637859
0 0.47845212834362144 0.3679864921505868 0.08217592592592596 0.20318930041152258
0 0.14279085219478738 0.6642799306508154 0.06327160493827162 0.20010288065843618
0 0.3715776105967078 0.6576060242341106 0.07175925925925929 0.21450617283950613
0 0.4545323752572017 0.6663484987044658 0.08217592592592587 0.21193415637860086
0 0.9016760973936898 0.6735739597622314 0.08024691358024698 0.2376543209876543
0 0.8847056112825789 0.11534541228471269 0.08719135802469143 0.12860082304526746
0 0.17325665509259258 0.36951684194482554 0.04513888888888891 0.18930041152263374
0 0.08338316615226336 0.36694577808260936 0.07175925925925924 0.190329218106996
0 0.8993535129458162 0.3741659998475842 0.06905864197530873 0.2103909465020576
0 0.7187958140432098 0.6828179774424631 0.06597222222222222 0.2211934156378601
0 0.6316199952846365 0.6781897767108672 0.08834876543209881 0.22273662551440318
0 0.5386330268347049 0.6694430155464107 0.07600308641975317 0.22067901234567894
0 0.05946421682098766 0.64988330666057 0.07291666666666667 0.2073045267489712
