0 0.0008109889403292181 0.01859139231824417 0.05671296296296296 0.0787037037037037
0 0.06177179783950617 0.018598536808413352 0.0625 0.08641975308641975
0 0.18329716435185187 0.00676678478890413 0.05902777777777774 0.08590534979423868
0 0.2662508573388203 0.020138888888888887 0.06790123456790119 0.08333333333333333
0 0.33646797839506176 0.018592821216278005 0.06944444444444445 0.08024691358024691
0 0.4147856117112482 0.015507830361225421 0.06905864197530866 0.08179012345679013
0 0.49425797325102877 0.01859139231824417 0.06481481481481484 0.0787037037037037
0 0.567952406978738 0.017053898033836303 0.07368827160493834 0.08487654320987655
0 0.6462711119684499 0.01551640374942844 0.07484567901234564 0.09104938271604938
0 0.724583654835391 0.026315538789818627 0.06712962962962953 0.0874485596707819
0 0.9028273426783264 0.034027301478433164 0.0713734567901235 0.08281893004115225
0 0.7893896283436214 0.027852080475537267 0.0543981481481481 0.08024691358024691
0 0.0038864240397805208 0.17445558984910836 0.04089506172839506 0.07870370370370373
0 0.044785504543895745 0.16983882030178327 0.04668209876543211 0.09259259259259256
0 0.09494759516460907 0.17445844764517604 0.05787037037037038 0.08179012345679013
0 0.15166591649519892 0.18066462810547174 0.0655864197530864 0.11779835390946497
0 0.02897296167695473 0.2881677716811462 0.054398148148148154 0.11008230452674894
0 0.1003488297325103 0.2922820454199055 0.05787037037037038 0.10905349794238682
0 0.15589500814471877 0.2999966659045877 0.04436728395061728 0.10751028806584365
0 0.0027172282235939644 0.29227632982777013 0.023919753086419755 0.10288065843621397
0 0.20142666538065843 0.2953741807651273 0.05439814814814813 0.11522633744855963
0 0.25582642103909464 0.1837481900624905 0.05671296296296298 0.11471193415637855
0 0.2592970357510288 0.2984591716201798 0.05439814814814813 0.11368312757201651
0 0.3148504479595336 0.1837481900624905 0.051311728395061665 0.11471193415637855
0 0.3136914330418381 0.303084514555708 0.0489969135802469 0.10905349794238682
0 0.3650085198045267 0.18529425773510136 0.056712962962963014 0.11779835390946503
0 0.3615379050925926 0.303084514555708 0.059027777777777776 0.10905349794238682
0 0.4194074717078189 0.30000523929279066 0.057870370370370315 0.1167695473251029
0 0.4830640753600823 0.19249352232891329 0.05671296296296294 0.11522633744855966
0 0.47727784207818924 0.3077179545800945 0.0578703703703704 0.1131687242798354
0 0.5386180234053497 0.3108086610272824 0.05439814814814825 0.11779835390946503
0 0.4240314750514403 0.19248637783874412 0.04976851851851849 0.10751028806584358
0 0.5953277713477366 0.19403673220545645 0.04976851851851849 0.11522633744855972
0 0.5964851787551441 0.30926402225270544 0.04976851851851849 0.1162551440329218
0 0.6532037680041152 0.19403959000152413 0.057870370370370315 0.11831275720164611
0 0.6451043274176955 0.31081437661941774 0.06134259259259254 0.12397119341563788
0 0.7076059349279835 0.31698864502362445 0.06365740740740745 0.12551440329218105
0 0.7199414330418381 0.19404768709038253 0.048996913580246826 0.12705761316872427
0 0.7743444037208504 0.20638907940862672 0.055941358024691426 0.12242798353909466
0 0.7754985961076817 0.3241888622161256 0.0513117283950619 0.12397119341563784
0 0.8889095186042525 0.19867588782197837 0.029706790123456825 0.12551440329218105
0 0.8719382287379972 0.32573350099070264 0.03549382716049397 0.12551440329218105
0 0.9093774112654323 0.3195649481786313 0.059027777777777776 0.13014403292181068
0 0.0189404899691358 0.47128867550678255 0.052083333333333336 0.10288065843621397
0 0.020101916152263373 0.5710800563938423 0.057870370370370364 0.09979423868312762
0 0.0675564236111111 0.4784888926992836 0.05902777777777779 0.10133744855967079
0 0.0787369255829904 0.5798249123609206 0.047839506172839504 0.09979423868312752
0 0.12888722779492454 0.4738649786617894 0.04205246913580248 0.10751028806584355
0 0.127734375 0.5798263412589544 0.04861111111111109 0.10133744855967079
0 0.1744164737654321 0.47541247523243413 0.04861111111111109 0.11213991769547323
0 0.17441727752057612 0.5921677335771985 0.04976851851851851 0.09670781893004117
0 0.221874196244856 0.4815853147386069 0.05439814814814813 0.11213991769547334
0 0.22303160365226335 0.5937166590458772 0.05439814814814813 0.10288065843621397
0 0.2785842121056242 0.48312566681908237 0.05015432098765433 0.10905349794238688
0 0.2751173482510288 0.6024615150129554 0.0578703703703704 0.10288065843621397
0 0.33413092635459535 0.4815853147386069 0.03742283950617286 0.11213991769547334
0 0.3341301225994513 0.6009044924554183 0.0362654320987654 0.08796296296296297
0 0.3842828360768175 0.47540533074226493 0.03395061728395071 0.10442386831275714
0 0.37156019590192046 0.590635954884926 0.04668209876543214 0.10905349794238678
0 0.4205608603395062 0.4908512421886907 0.052083333333333336 0.11934156378600826
0 0.4182452417695474 0.6132539818625209 0.050925925925925875 0.09207818930041164
0 0.4738007973251029 0.48775672534674586 0.05092592592592595 0.11059670781893005
0 0.47148678626543217 0.6070882868465173 0.05208333333333325 0.09979423868312762
0 0.5316719714506173 0.4970097927145252 0.052083333333333336 0.10390946502057619
0 0.5270439493312756 0.6070897157445511 0.054398148148148175 0.10133744855967079
0 0.5849105688443074 0.6040147271757355 0.048996913580246826 0.1136831275720164
0 0.6393111282578876 0.5180922306050907 0.052469135802469126 0.09516460905349788
0 0.6404693394204389 0.6209814624295077 0.05362654320987659 0.10442386831275725
0 0.6983316722393691 0.5042162017985063 0.04205246913580238 0.10905349794238678
0 0.6960144461591221 0.6148057651272671 0.038580246913580314 0.10133744855967068
0 0.7450215406378601 0.5103957094955037 0.05324074074074064 0.1162551440329218
0 0.7357654963991769 0.6163627876848041 0.057870370370370475 0.1162551440329218
0 0.8677075295781893 0.5283874409388813 0.0543981481481481 0.10288065843621397
0 0.8584450552983539 0.6374395099832343 0.04976851851851857 0.10133744855967079
0 0.9221096965020577 0.536097774729462 0.06018518518518508 0.09670781893004117
0 0.9128488297325102 0.6436109205913733 0.057870370370370475 0.09979423868312762
0 0.0015804505315500687 0.734122085048011 0.05362654320987654 0.07407407407407407
0 0.0027322316529492453 0.8159317367779303 0.04552469135802469 0.09516460905349788
0 0.05174012988683128 0.8143956713915562 0.06134259259259259 0.10288065843621397
0 0.10498247813786009 0.7372308908702941 0.0636574074074074 0.09825102880658435
0 0.1142385223765432 0.8354709647919524 0.059027777777777776 0.08641975308641979
0 0.17520174254115226 0.7372351775643956 0.06828703703703702 0.10288065843621397
0 0.17751575360082306 0.8385683394299649 0.06712962962962962 0.09825102880658444
0 0.24695993012688613 0.8462772443225118 0.0667438271604938 0.09053497942386836
0 0.32642988040123455 0.7433870598994057 0.059027777777777776 0.08024691358024677
0 0.26277568801440326 0.7372199359853681 0.06365740740740743 0.08641975308641968
0 0.32410943930041153 0.8221002895900015 0.050925925925925916 0.09053497942386836
0 0.3704097543724279 0.8206032807498858 0.056712962962963014 0.14043209876543206
0 0.4317539544753087 0.81752829218107 0.05902777777777786 0.1527777777777778
0 0.4919391396604939 0.8175354366712392 0.059027777777777776 0.16049382716049376
0 0.5532825360082304 0.8221579218106996 0.06018518518518524 0.15277777777777787
0 0.6157838756001371 0.8267861225422953 0.06211419753086421 0.1512345679012346
0 0.6790637860082305 0.7871437280902303 0.07407407407407413 0.11522633744855958
0 0.6767465599279835 0.8961743636640755 0.0706018518518519 0.09053497942386825
0 0.7573618612825788 0.7840530216430422 0.04552469135802476 0.11059670781893005
0 0.7508037551440329 0.8977161446425849 0.04629629629629635 0.08899176954732509
0 0.8472583912037036 0.8066796220088401 0.052083333333333336 0.10288065843621397
0 0.8368457433127573 0.8992703094040542 0.057870370370370315 0.10082304526748974
0 0.9063019761659807 0.8025767794543515 0.07484567901234572 0.1162551440329219
0 0.8947265625 0.9141741921963115 0.07291666666666667 0.08590534979423874
