0 0.08370347955790297 0.5407103112502174 0.11047535211267609 0.23474178403755855
0 0.0035767556729264477 0.5072737350026082 0.0801056338028169 0.25
0 0.19196467869718312 0.6110687271778821 0.09110915492957747 0.16549295774647893
0 0.3565706303794992 0.5705714223613285 0.08142605633802817 0.16079812206572755
0 0.3609711218701096 0.7272278734133195 0.08010563380281689 0.12441314553990614
0 0.44460032766040686 0.6063657407407407 0.08362676056338027 0.15669014084507055
0 0.4525228628716745 0.7524675056511911 0.08362676056338027 0.12969483568075116
0 0.526905748728482 0.6005026299773953 0.08230633802816899 0.16255868544600938
0 0.5383408524061033 0.7554044948704574 0.06998239436619724 0.13262910798122063
0 0.6219792277973396 0.6051974656581464 0.08670774647887325 0.16255868544600938
0 0.6263760514475744 0.7647925360806817 0.08010563380281681 0.13086854460093902
0 0.7077981342918622 0.7301985524256651 0.07438380281690142 0.16373239436619733
0 0.34513399843505477 0.10989827856025039 0.09154929577464786 0.16901408450704225
0 0.35305042057902974 0.2771360415579899 0.08274647887323942 0.15199530516431928
0 0.43799882629107983 0.12983394192314382 0.08450704225352107 0.15023474178403753
0 0.4388809419014085 0.2712713006433664 0.08714788732394357 0.15610328638497648
0 0.5269097222222222 0.12220483394192314 0.08802816901408453 0.15023474178403753
0 0.5269075826486698 0.27127401756216313 0.08494718309859163 0.159037558685446
0 0.6140576095461658 0.11282276995305165 0.08802816901408461 0.15845070422535215
0 0.6105364827856025 0.2695150843331594 0.08802816901408461 0.16079812206572774
0 0.7029675885172143 0.11751434533124674 0.09022887323943662 0.15492957746478872
0 0.7051667644757433 0.2724482698661102 0.08802816901408445 0.15962441314553996
0 0.8068423562206573 0.11634063641105893 0.09242957746478879 0.1549295774647888
0 0.803313588125978 0.27127293079464443 0.08142605633802825 0.1578638497652582
0 0.020328699628325512 0.8669052121370198 0.11839788732394364 0.1308685446009388
0 0.9208076584507043 0.7238121631020691 0.04753521126760552 0.23826291079812217
