0 0.5784930066510173 0.15353851504086244 0.21302816901408445 0.3990610328638497
0 0.37733855389280124 0.2062945574682664 0.19850352112676053 0.3333333333333333
0 0.7277001418231612 0.6392198095983307 0.21214788732394366 0.14612676056338028
0 0.7782915810837246 0.16523756737958617 0.17649647887323947 0.35798122065727705
0 0.32444829567683886 0.6403668927143106 0.09286971830985911 0.11737089201877927
0 0.15507690238654145 0.16290916797078767 0.21214788732394366 0.37852112676056343
0 0.04671514329029734 0.006827616936185011 0.08670774647887323 0.40199530516431925
0 0.23253649501173712 0.7689874587028344 0.2046654929577465 0.22476525821596244
0 0.6004783475156495 0.6316776430186055 0.18177816901408445 0.24002347417840378
0 0.596087942586072 0.8622109198400277 0.1976232394366198 0.13145539906103298
0 0.4477299124608763 0.7742642583898453 0.1536091549295775 0.21948356807511749
0 0.784463028169014 0.7830589245348635 0.19014084507042256 0.21068075117370902
0 0.10087477992957747 0.7713386802295253 0.11883802816901409 0.22887323943661972
0 0.12200673660015648 0.6356660798122065 0.12632042253521128 0.1109154929577466
