0 0.8222364218964334 0.05051535589087029 0.13155864197530856 0.11213991769547327
0 0.8245464141803841 0.17599022633744857 0.12461419753086428 0.06944444444444445
0 0.831105324074074 0.2532221650663009 0.125 0.14660493827160492
0 0.8380623606824417 0.49958228547477523 0.14313271604938285 0.10442386831275725
0 0.8368939686213992 0.40439671925011433 0.12731481481481477 0.08179012345679011
0 0.8334177276234568 0.6148433927754916 0.12152777777777778 0.14197530864197525
0 0.834582100908779 0.7722160303307423 0.13155864197530873 0.10442386831275714
0 0.8438311792695472 0.8884768899557994 0.1168981481481481 0.11059670781893005
0 0.696077406978738 0.8751157407407407 0.12924382716049396 0.125
0 0.5224668317043896 0.8658650548696845 0.1300154320987654 0.13425925925925927
0 0.5429124871399177 0.4044343468983387 0.12731481481481477 0.12242798353909466
0 0.530575381515775 0.534540752171925 0.1396604938271604 0.08179012345679015
0 0.501268325617284 0.6420619951226947 0.1597222222222222 0.09362139917695482
0 0.52825654792524 0.7418771909769853 0.1338734567901235 0.1162551440329218
0 0.6802675432956105 0.4893094612101814 0.14081790123456778 0.12088477366255143
0 0.6872149348422496 0.36688719326322206 0.14506172839506168 0.12705761316872424
0 0.6941500021433471 0.2865912208504801 0.13155864197530864 0.07407407407407407
0 0.6702428412208504 0.13079989711934153 0.14969135802469136 0.1527777777777778
0 0.401333697702332 0.18946473479652495 0.1427469135802469 0.1774691358024691
0 0.3739513674554184 0.36942443987197077 0.1566358024691358 0.0895061728395062
0 0.35465267061042527 0.48008830589849116 0.14429012345679015 0.16203703703703692
0 0.4136544603052126 0.7552831123304374 0.10686728395061722 0.15020576131687238
0 0.23003659765089163 0.7434427869227253 0.14158950617283952 0.14043209876543206
0 0.2196137688614541 0.6225456294772139 0.132716049382716 0.12705761316872424
0 0.20265105238340195 0.4995994322511812 0.15084876543209877 0.12294238683127577
0 0.1710460605281207 0.346836896052431 0.19521604938271603 0.13940329218106995
0 0.039464377572016464 0.5119336800792562 0.16203703703703703 0.11059670781893005
0 0.05952476637517146 0.6328255982319769 0.16010802469135804 0.11831275720164604
0 0.06068378129286694 0.7552383401920438 0.1624228395061728 0.10185185185185185
0 0.05757592806927297 0.8658488606919678 0.13155864197530864 0.11676954732510286
0 0.19261134687928672 0.8900143842402073 0.13811728395061726 0.10442386831275725
0 0.34232574588477366 0.9095436099679927 0.1712962962962963 0.08487654320987661
0 0.054109332133058984 0.1323331047096479 0.1396604938271605 0.14197530864197536
0 0.06643143432784637 0.3046234377381497 0.10570987654320987 0.10442386831275714
0 0.04599247685185186 0.42856510059442154 0.11805555555555555 0.07253086419753085
0 0.19686187199931413 0.09428726566072246 0.14776234567901234 0.16358024691358022
0 0.3500230409807956 0.014037494284407865 0.14429012345679007 0.16049382716049385
0 0.0641361775548697 0.03249552278616065 0.13387345679012344 0.09516460905349794
0 0.5031772440843622 0.002175259106843469 0.13078703703703698 0.1270576131687243
0 0.5417376650377229 0.1379791571406798 0.10223765432098762 0.12860082304526746
0 0.5510221086248286 0.26811652187166596 0.138503086419753 0.12139917695473249
0 0.6791173696844994 0.6266584743179393 0.1512345679012346 0.12448559670781895
0 0.6760336291152264 0.7526739445206523 0.15509259259259245 0.110082304526749
