0 0.028254597026604072 0.0337598895844201 0.12323943661971828 0.3339201877934272
0 0.1660177645735524 0.029067770822465654 0.12191901408450702 0.33685446009389663
0 0.3081948723591549 0.0349395757259607 0.13864436619718312 0.34037558685446007
0 0.4560727210485133 0.04257248739349678 0.125 0.3444835680751174
0 0.5846143265845071 0.06192346983133369 0.15448943661971815 0.3280516431924883
0 0.7619525748239436 0.11469037993392454 0.09903169014084515 0.27406103286384975
0 0.8667281029929579 0.10707539993044687 0.1307218309859154 0.2893192488262911
0 0.06432016578638498 0.45630107807337855 0.0858274647887324 0.34037558685446007
0 0.15457868740219094 0.45806979221005045 0.12852112676056338 0.34917840375586856
0 0.29234430017605634 0.4650957442183967 0.1307218309859155 0.3315727699530517
0 0.42659765013693274 0.46508976699704396 0.1456866197183098 0.3251173708920188
0 0.5757849178403756 0.46507998608937573 0.11619718309859163 0.3145539906103287
0 0.7153294331964007 0.46391714484437485 0.14480633802816906 0.32629107981220656
0 0.8711212588028169 0.4697731916188489 0.11883802816901405 0.31279342723004694
0 0.07090485622065727 0.8862556511910972 0.0607394366197183 0.11384976525821605
0 0.1387440091940532 0.8956301078073379 0.1434859154929578 0.09741784037558696
0 0.28661971830985916 0.8833240958094244 0.1267605633802817 0.11678403755868551
0 0.4230529880672927 0.8792177447400452 0.11179577464788729 0.11854460093896702
0 0.5450111257824726 0.8833235524256651 0.16813380281690135 0.11619718309859163
0 0.7258821156103287 0.8821514736567553 0.1294014084507042 0.11795774647887325
0 0.8983947085289514 0.874524539210572 0.09683098591549298 0.12030516431924883
