0 0.17221123756858708 0.11228709419295839 0.20640432098765432 0.1589506172839506
0 0.17876934370713304 0.2897557536960829 0.20563271604938266 0.15843621399176952
0 0.20846648876886145 0.46361311156835844 0.19174382716049382 0.14660493827160498
0 0.2138685270919067 0.6297529911598841 0.19290123456790123 0.13323045267489714
0 0.22543027692043896 0.7872342249657065 0.1751543209876543 0.21296296296296285
0 0.37977216220850485 0.08402968297515623 0.2052469135802469 0.19650205761316872
0 0.3967388974622771 0.3015708352385307 0.1929012345679012 0.14094650205761317
0 0.4059901191700961 0.4528220736168267 0.18132716049382713 0.15895061728395063
0 0.4160196437757202 0.6328422687090383 0.17939814814814817 0.1363168724279835
0 0.40675663365912207 0.7903177869227251 0.1739969135802469 0.20987654320987661
0 0.5996600115740741 0.2897586114921506 0.17708333333333326 0.16152263374485598
0 0.5988851916152262 0.4558970621856424 0.1724537037037038 0.14660493827160503
0 0.5965671617798354 0.6164104176192653 0.16782407407407413 0.16769547325102888
0 0.5896227173353908 0.7918571864045115 0.16782407407407404 0.20576131687242794
0 0.5988929612482853 0.12154349565614998 0.18364197530864207 0.15586419753086414
0 0.7925518689986283 0.11229566758116141 0.16358024691358017 0.16820987654320987
0 0.7813721707818929 0.28512898186252095 0.17592592592592587 0.16152263374485598
0 0.7790503900891633 0.4559084933699131 0.1658950617283949 0.15895061728395063
0 0.7744293338477366 0.621008135192806 0.17824074074074078 0.13323045267489714
0 0.7655459640775034 0.7841506630086877 0.16396604938271603 0.21604938271604932
0 0.0008967228223593965 0.283580532693187 0.18016975308641975 0.15586419753086422
0 0.005151802554869684 0.45435147081237615 0.19637345679012344 0.14403292181069957
0 0.0039716220850480105 0.11126352690138698 0.16358024691358025 0.16460905349794244
0 0.0016088498799725654 0.7722327008078037 0.09452160493827158 0.1224279835390947
0 0.5838429140946502 0.009349279835390946 0.17824074074074073 0.09722222222222222
0 0.7732703189300411 0.003701322206980643 0.17592592592592604 0.10853909465020577
0 0.16295197830932784 0.006778215973174821 0.2064043209876543 0.09825102880658435
0 0.0008825231481481482 0.006776787075140985 0.1597222222222222 0.09670781893004116
