0 0.7020527679968701 0.46325041297165714 0.04049295774647885 0.24002347417840378
0 0.42741924638106427 0.1340103894974787 0.06117957746478864 0.22417840375586853
0 0.3543604508998435 0.12287373934967831 0.06778169014084506 0.23884976525821594
0 0.27997878765649453 0.13401201964875675 0.070862676056338 0.22593896713615025
0 0.6144708528951487 0.44740045209528784 0.04929577464788729 0.2347417840375587
0 0.18094923708920188 0.12346439749608765 0.07394366197183098 0.24295774647887325
0 0.7104105535993741 0.8170606198921927 0.03345070422535201 0.1719483568075118
0 0.1875437084311424 0.4643784776560598 0.06294014084507044 0.19072769953051644
0 0.8464385269953052 0.3464587680403408 0.06866197183098595 0.23180751173708924
0 0.002708700117370892 0.6245381238045558 0.0977112676056338 0.13497652582159622
0 0.25664031934663534 0.4596934228829769 0.0550176056338028 0.20129107981220662
0 0.10876002543035994 0.1052844070596418 0.06514084507042256 0.2564553990610328
0 0.9406170530125196 0.09175469483568076 0.051936619718309866 0.22183098591549297
0 0.8847200826486699 0.09940282124847853 0.05325704225352108 0.24237089201877932
0 0.8433474545187793 0.6105275169535733 0.05413732394366188 0.2147887323943661
0 0.8974804993153364 0.8199900017388281 0.04797535211267608 0.16666666666666657
0 0.31693839250782474 0.8099700052164841 0.05325704225352108 0.11971830985915485
0 0.6285535260172144 0.8123435054773083 0.04665492957746472 0.147887323943662
0 0.2636764598004695 0.8134916753608069 0.04621478873239432 0.12030516431924873
0 0.4542525552621284 0.8181805338202052 0.03917253521126756 0.11384976525821605
0 0.5651729386737089 0.8340332116153713 0.046214788732394395 0.12206572769953065
0 0.5057514793622848 0.8105622935141714 0.04269366197183102 0.12558685446009388
0 0.8468643021322378 0.8463718266388454 0.04797535211267608 0.13791079812206566
0 0.022089568661971832 0.8469135802469137 0.11883802816901409 0.08920187793427224
0 0.9564572329812207 0.7982943183794122 0.04489436619718311 0.1860328638497651
0 0.7782026359546166 0.7467098113371589 0.04841549295774649 0.249413145539906
0 0.06301380330594679 0.4801458442010085 0.10607394366197183 0.10680751173708929
0 0.9252225156494522 0.4591614501825769 0.06690140845070434 0.2605633802816901
0 0.0022508313771518 0.013615023474178405 0.0721830985915493 0.1267605633802817
0 0.006654685054773082 0.15092320900712922 0.07570422535211267 0.10974178403755867
0 0.006654685054773082 0.27122130933750654 0.07570422535211267 0.10211267605633802
0 0.7592784135367764 0.4051719266214571 0.051056338028168904 0.26173708920187794
