0 0.3570107712245697 0.29415862458702835 0.08142605633802817 0.15610328638497648
0 0.7720535015649452 0.2771045252999478 0.06690140845070434 0.11795774647887325
0 0.8534804748630673 0.2806180446878804 0.06822183098591539 0.1097417840375587
0 0.6527796116979656 0.2765182142236133 0.07306338028169014 0.11854460093896711
0 0.16599422926447574 0.305334941749261 0.08802816901408453 0.18427230046948362
0 0.2623597051056338 0.5934326638845419 0.051496478873239424 0.13262910798122063
0 0.06564119962832551 0.3387660841592766 0.08670774647887322 0.16314553990610334
0 0.07664196987480437 0.5999184924360981 0.08274647887323947 0.16549295774647882
0 0.1809370109546166 0.5999021909233178 0.056338028169014086 0.14788732394366189
0 0.7777857247652581 0.7283499608763694 0.08186619718309866 0.06866197183098585
0 0.08325202953834115 0.03067401321509303 0.09419014084507044 0.17018779342723003
0 0.2588666984546166 0.3000472743870632 0.09198943661971831 0.1778169014084506
0 0.3398299955985915 0.5740610328638497 0.05941901408450707 0.1267605633802816
0 0.7179036458333333 0.3175621631020692 0.04885563380281673 0.07981220657276995
0 0.40981880868544607 0.5775712919492263 0.06866197183098595 0.11502347417840368
0 0.3095049026799687 0.04061956616240654 0.12367957746478868 0.13673708920187794
0 0.5101972075508607 0.7336245870283429 0.1065140845070423 0.061032863849765216
0 0.6558771028951487 0.7670769214049731 0.09683098591549298 0.06279342723004704
0 0.5656329469874805 0.3052729960006955 0.07482394366197175 0.11737089201877932
0 0.7152655516431925 0.4866115675534689 0.05281690140845067 0.11795774647887325
0 0.8178318172926448 0.5282249826117197 0.07218309859154917 0.06044600938967135
0 0.9168506699921752 0.5176534515736394 0.05369718309859163 0.05164319248826288
0 0.893524733470266 0.7060342766475396 0.05589788732394364 0.05223004694835675
0 0.49827122456964007 0.5757955138236828 0.04577464788732392 0.0985915492957748
0 0.46703345070422536 0.09749228395061729 0.0633802816901408 0.08039906103286386
0 0.6849001124804383 0.08457713875847679 0.05897887323943654 0.07570422535211269
0 0.8988039783841941 0.4384346200660755 0.05237676056338027 0.058685446009389686
0 0.6585084727112676 0.7113186837071814 0.08318661971830994 0.055164319248826206
0 0.0004853775430359938 0.6128390714658319 0.06514084507042253 0.176056338028169
0 0.7755798244327073 0.6579241653625456 0.0743838028169015 0.06514084507042252
0 0.7865912925469485 0.4484269040166927 0.08582746478873228 0.07570422535211266
0 0.1558633484937402 0.8440086506694489 0.07702464788732395 0.1208920187793428
0 0.251355572672144 0.8275799860893759 0.05061619718309862 0.12441314553990614
0 0.32223078051643195 0.8070313858459399 0.06866197183098587 0.11502347417840368
0 0.40410003423317686 0.7993979307946445 0.07306338028169006 0.11032863849765251
0 0.528673647789515 0.8034651582333507 0.09286971830985911 0.06631455399061026
0 0.8750311766431925 0.8205263215093027 0.04489436619718311 0.11208920187793422
0 0.9084772960680751 0.8158380064336637 0.03829225352112676 0.11913145539906109
0 0.9524926031885759 0.8228612415232134 0.04005281690140852 0.09859154929577459
0 0.004450007335680751 0.03773039471396279 0.06998239436619719 0.18544600938967135
0 0.6105294527582159 0.5675648800208659 0.07790492957746488 0.08274647887323935
0 0.5704494327073553 0.9208480046948356 0.03873239436619708 0.07922535211267603
0 0.5141199628325508 0.9390236480612068 0.05105633802816898 0.061032863849765216
0 0.9173091500391237 0.06814467049208833 0.08010563380281674 0.0751173708920188
0 0.7548846464201877 0.08164340984176666 0.0620598591549296 0.07629107981220658
0 0.6862156445618153 0.003007085724221874 0.05193661971830994 0.07863849765258216
0 0.6228393363654148 0.001830116501478004 0.05765845070422534 0.07511737089201878
0 0.00046245354068857593 0.3376439966962268 0.032130281690140844 0.21889671361502352
