0 0.21264977014866981 0.5437684750478178 0.08890845070422533 0.3685446009389671
0 0.12021835876369327 0.5373119892192663 0.08626760563380283 0.36737089201877937
0 0.7790868911384976 0.11769040166927491 0.05413732394366204 0.34507042253521125
0 0.3134450802034429 0.06372804729612241 0.09330985915492952 0.3755868544600939
0 0.2069374144170579 0.05375532516084159 0.10255281690140848 0.3796948356807512
0 0.5770802767996871 0.1522653668927143 0.08010563380281689 0.2916666666666667
0 0.7597396444640062 0.578986806642323 0.0814260563380281 0.37617370892018775
0 0.8490952660406887 0.5789813728047296 0.09154929577464783 0.3703051643192488
0 0.10834525381455398 0.04202638671535385 0.10167253521126762 0.3884976525821596
0 0.41071376173708923 0.06432033559380977 0.08978873239436615 0.3814553990610329
0 0.5053281494522692 0.1340913536776213 0.06690140845070411 0.3116197183098592
0 0.00139041715571205 0.02736697965571205 0.10079225352112675 0.40140845070422543
0 0.9441409306533646 0.5742963180316467 0.05589788732394364 0.3808685446009389
0 0.8570165786384976 0.06726330203442879 0.08978873239436622 0.39084507042253525
0 0.4635392214397496 0.6868729351417144 0.10211267605633804 0.2734741784037559
0 0.5537641211854459 0.7044600938967136 0.09639084507042266 0.25352112676056343
0 0.6545606538536776 0.5707817118761955 0.10255281690140852 0.3879107981220657
0 0.35921789417057903 0.6721830985915492 0.09066901408450702 0.25352112676056343
0 0.00843267067683881 0.675714006259781 0.10079225352112675 0.2640845070422535
0 0.9524959653755869 0.06727308294209702 0.04489436619718311 0.4014084507042253
