0 0.00157803926611797 0.017043895747599448 0.050154320987654315 0.07407407407407407
0 0.05289191100823046 0.015503543667123913 0.053240740740740734 0.0771604938271605
0 0.10844827031893005 0.017077713001066912 0.054398148148148154 0.11059670781893004
0 0.16284481095679013 0.018619493979576286 0.052083333333333336 0.10905349794238682
0 0.2149308234739369 0.012452370065538789 0.05594135802469135 0.11522633744855967
0 0.2739577974965706 0.012450941167504953 0.054783950617283965 0.11368312757201647
0 0.013155060442386832 0.12767442081999694 0.05439814814814815 0.11059670781893005
0 0.06755320859053497 0.13538189681451 0.05439814814814815 0.10133744855967079
0 0.12194599837105624 0.12921620179850635 0.046682098765432105 0.10905349794238682
0 0.16863425925925923 0.13538189681451 0.05555555555555555 0.10133744855967079
0 0.22303240740740737 0.13795010288065845 0.055555555555555594 0.0972222222222222
0 0.27974778163580244 0.13229833485749123 0.059027777777777776 0.10442386831275723
0 0.0008109889403292181 0.2984396433470507 0.05671296296296296 0.09259259259259264
0 0.055214495456104254 0.29844107224508454 0.06442901234567902 0.09413580246913587
0 0.005062853652263374 0.3941096060051821 0.06828703703703705 0.08281893004115227
0 0.06639981995884774 0.3951403177869227 0.06018518518518519 0.08487654320987661
0 0.12310956790123456 0.3591697149824722 0.05555555555555555 0.1255144032921811
0 0.17442504715363513 0.3560875819234873 0.06095679012345677 0.13014403292181068
0 0.22071678883744855 0.28508278082609356 0.05439814814814813 0.11162551440329217
0 0.2762710048010974 0.2881663427831124 0.05246913580246917 0.10853909465020571
0 0.23305952074759945 0.3997728052126201 0.05015432098765433 0.08796296296296291
0 0.2855283886316872 0.3997728052126201 0.04976851851851857 0.08796296296296291
0 0.008514446159122085 0.5314667162017984 0.03858024691358025 0.095164609053498
0 0.04479407793209876 0.542290142508764 0.05902777777777779 0.11779835390946508
0 0.13893470293209878 0.5587443796677336 0.06597222222222222 0.11059670781893005
0 0.24464056069958848 0.5345674249352232 0.060185185185185196 0.11059670781893005
0 0.3071419002914952 0.5556717725956409 0.06211419753086421 0.12551440329218105
0 0.0062154385288065855 0.6539075598231976 0.06134259259259259 0.10905349794238688
0 0.059450017146776404 0.6569954084743179 0.05246913580246914 0.11059670781893005
0 0.10613265174897119 0.6600875438195398 0.053240740740740755 0.11676954732510286
0 0.1559030456961591 0.6708771528730376 0.05594135802469137 0.10288065843621397
0 0.20605549125514405 0.6677978776101204 0.053240740740740713 0.11059670781893005
0 0.2616102430555556 0.6739802431031854 0.052083333333333294 0.12088477366255143
0 0.3171682098765432 0.6796205799420819 0.05555555555555552 0.1013374485596709
0 0.7257448131001372 0.002109529797286999 0.0725308641975308 0.05606995884773663
0 0.8005937071330591 0.005194520652339583 0.07716049382716048 0.05452674897119341
0 0.3661769118655693 0.14264546181984453 0.07253086419753087 0.16820987654320987
0 0.44217999828532245 0.13544762612406644 0.0725308641975308 0.17232510288065844
0 0.5181753150720164 0.11845136031092822 0.06134259259259254 0.14969135802469138
0 0.5860733346193415 0.12462705761316872 0.056712962962963014 0.15277777777777773
0 0.6586138438786008 0.1380215477823503 0.0706018518518519 0.17438271604938269
0 0.7338418424211249 0.1370003619875019 0.06558641975308635 0.18261316872427985
0 0.36810860339506174 0.3170067443987197 0.0763888888888889 0.1450617283950617
0 0.4475758744855967 0.3108381915866484 0.06481481481481484 0.14969135802469138
0 0.5135480967078189 0.30621284865112025 0.06481481481481484 0.154320987654321
0 0.5849223572530864 0.30313071559213534 0.06597222222222222 0.15895061728395057
0 0.6532115376371742 0.31546782121627803 0.06905864197530866 0.14969135802469138
0 0.728054805384088 0.31957923715896963 0.06558641975308635 0.14557613168724282
0 0.7971137152777777 0.3108424782807499 0.06597222222222222 0.154320987654321
0 0.8688673482510288 0.2820258916323731 0.057870370370370315 0.14351851851851852
0 0.9344489454732509 0.28357481710105165 0.050925925925926034 0.14969135802469138
0 0.4047547475137174 0.5268766194177718 0.06905864197530866 0.13786008230452676
0 0.41130803112139913 0.6662627648224355 0.06134259259259262 0.11934156378600826
0 0.4772810570987654 0.528419829294315 0.0625 0.13786008230452668
0 0.47843685699588484 0.6693549001676574 0.06018518518518508 0.12551440329218094
0 0.5417100694444444 0.5315062490474013 0.0625 0.13786008230452687
0 0.5428650655864198 0.6755263107757964 0.059027777777777776 0.12397119341563788
0 0.6076830954218106 0.5238054412437128 0.06365740740740745 0.15432098765432106
0 0.6065200617283951 0.6781002324340802 0.05555555555555555 0.1260288065843621
0 0.6701774691358023 0.6647281283340954 0.055555555555555636 0.1286008230452674
0 0.724582851080247 0.5088667885992989 0.06597222222222222 0.13168724279835387
0 0.7280526620370371 0.6600999276024997 0.0625 0.1301440329218106
0 0.7959571116255143 0.5196916438042982 0.06712962962962968 0.15586419753086414
0 0.7959490740740741 0.6724441777168114 0.05555555555555555 0.12860082304526751
0 0.8584522890946502 0.666268480414571 0.06018518518518524 0.12551440329218105
0 0.8688678840877914 0.5423030025910683 0.05864197530864206 0.13168724279835387
0 0.930974579903978 0.5196663999390339 0.047839506172839365 0.1286008230452674
0 0.9220946930727024 0.648271033379058 0.03858024691358016 0.13271604938271608
