0 0.44899226085680755 0.2084528777603895 0.06998239436619708 0.1291079812206573
0 0.3662534233176839 0.2061005694661798 0.08098591549295778 0.1238262910798122
0 0.5282206695031298 0.21196748391584072 0.0743838028169015 0.12206572769953054
0 0.14530333039906104 0.3927186576247609 0.0818661971830986 0.12206572769953049
0 0.699433929968701 0.22077790818988 0.07218309859154932 0.13028169014084506
0 0.31826951291079814 0.5312070726830116 0.06866197183098591 0.11208920187793422
0 0.6193276848591549 0.22252706051121543 0.07130281690140844 0.11795774647887329
0 0.5352620060641627 0.07113273778473309 0.07306338028169021 0.13321596244131456
0 0.16515307120500783 0.7178811293688054 0.14436619718309862 0.17077464788732397
0 0.7033964201877935 0.0834539645279082 0.07394366197183094 0.13028169014084506
0 0.039664942781690145 0.2113757390019127 0.07526408450704225 0.11678403755868542
0 0.20383839495305164 0.20902886454529648 0.07658450704225347 0.11737089201877934
0 0.6928309003325509 0.5364963701964875 0.07086267605633796 0.12030516431924873
0 0.36757140062597815 0.05470624673969744 0.07746478873239432 0.1390845070422535
0 0.3539389549100156 0.7442618675013041 0.09463028169014084 0.14084507042253522
0 0.8530546997261346 0.7277625630325161 0.08890845070422526 0.06807511737089209
0 0.23200954861111112 0.4038585680751174 0.07966549295774644 0.11091549295774643
0 0.149704127543036 0.5247619979134064 0.08098591549295775 0.1232394366197184
0 0.11756956670579032 0.06291731872717789 0.07482394366197184 0.13380281690140847
0 0.7843847809076683 0.09108470266040687 0.07746478873239432 0.13204225352112675
0 0.8658151163928013 0.08932142236132846 0.08362676056338027 0.12910798122065728
0 0.12153144561815338 0.20785352547383062 0.07570422535211267 0.11561032863849763
0 0.7645738580790299 0.5294552034428796 0.07086267605633796 0.12147887323943668
0 0.0326266627543036 0.05939836550165188 0.08098591549295775 0.136150234741784
0 0.20119785553599373 0.060579138410711185 0.07702464788732395 0.1437793427230047
0 0.2835032766040689 0.2066836202399583 0.07570422535211267 0.11971830985915494
0 0.7839354704616588 0.23250575986784908 0.0642605633802816 0.12030516431924886
0 0.4560329861111111 0.0670258433315945 0.06778169014084506 0.13438967136150234
0 0.236407900528169 0.5265193009911321 0.07526408450704222 0.11971830985915485
0 0.48289196987480437 0.4126776864893062 0.08274647887323947 0.12852112676056343
0 0.0687157668231612 0.5271001782298731 0.07746478873239436 0.11326291079812208
0 0.8592050567292644 0.22956714049730484 0.07218309859154932 0.11561032863849763
0 0.9234686766431925 0.41970798556772737 0.07658450704225352 0.11561032863849766
0 0.6901885269953052 0.41560217788210746 0.06866197183098603 0.11795774647887329
0 0.28526750782472615 0.060569357503042945 0.08098591549295774 0.13321596244131456
0 0.3173916764475743 0.3985850286906625 0.07218309859154928 0.11971830985915485
0 0.4745244033646322 0.5423583941923145 0.07570422535211263 0.11326291079812197
0 0.07091188624804382 0.3892040514693097 0.07086267605633803 0.1291079812206572
0 0.6202113287363067 0.07290036515388627 0.07614436619718319 0.14084507042253522
0 0.8517174662558684 0.41678023387237 0.06470070422535217 0.12265258215962442
0 0.4001424344679186 0.4038661754477482 0.07834507042253527 0.11913145539906103
0 0.39617688771518 0.5335648148148149 0.07218309859154926 0.12323943661971817
0 0.0013622970461658842 0.3944748739349678 0.06029929577464789 0.11737089201877937
0 0.00046581572769953053 0.2031641236306729 0.03697183098591549 0.12147887323943662
0 0.8363168158255087 0.5429474221874457 0.07086267605633796 0.11561032863849766
0 0.7623737651604069 0.4126635585115632 0.07174295774647876 0.11326291079812217
0 0.9146621919014084 0.5482242218744566 0.07130281690140852 0.11032863849765262
0 0.9590937989045383 0.23602362632585636 0.03873239436619716 0.11678403755868548
0 0.050259499706572765 0.8281978134237524 0.12015845070422537 0.1578638497652582
0 0.17044087441314557 0.9097064640932012 0.15316901408450703 0.08861502347417827
0 0.8174280491979655 0.8334843940184316 0.12455985915492959 0.16314553990610323
0 0.9511764598004695 0.81765290818988 0.04621478873239432 0.17781690140845072
0 0.0004881284233176839 0.5229960006955312 0.06910211267605634 0.11737089201877937
