0 0.4742353609396434 0.5711991312299954 0.12114197530864199 0.22839506172839513
0 0.2628670481824417 0.10064919600670628 0.19521604938271608 0.367798353909465
0 0.6640576774691359 0.9172563252552964 0.13194444444444436 0.08127572016460899
0 0.8311219350137173 0.9326827084285931 0.14891975308641983 0.07510288065843619
0 0.15206752614883404 0.6046505868007924 0.08834876543209877 0.2448559670781894
0 0.6478389703360768 0.228125 0.11033950617283952 0.2638888888888889
0 0.801003086419753 0.34632106386221617 0.11111111111111127 0.13786008230452676
0 0.27206388245884777 0.5732881801554641 0.10532407407407408 0.2623456790123456
0 0.35737364969135804 0.9326688957475995 0.1736111111111111 0.06018518518518518
0 0.1015740204903978 0.919312509525987 0.15547839506172836 0.07973251028806581
