0 0.5290966720461658 0.5664188836724049 0.06822183098591547 0.1126760563380281
0 0.6206306851525821 0.11168546774474004 0.046214788732394395 0.1977699530516432
0 0.4538191387910798 0.10933424621804903 0.04885563380281689 0.1936619718309859
0 0.12151218945618153 0.08761791427577811 0.04797535211267607 0.19072769953051646
0 0.4014384047339593 0.107573139454008 0.04313380281690142 0.19307511737089203
0 0.5612168671752739 0.11520224743522865 0.053697183098591554 0.19307511737089203
0 0.06429693613067292 0.07766095026951834 0.05237676056338029 0.21185446009389672
0 0.6703754645931143 0.4285113458528952 0.058978873239436624 0.11619718309859148
0 0.10302413438967135 0.4808011650147801 0.04489436619718311 0.1807511737089202
0 0.8046162827660407 0.19083800643366372 0.05589788732394349 0.11913145539906099
0 0.7284728335289514 0.187316336289341 0.05721830985915485 0.11854460093896711
0 0.6752090669014084 0.12224613110763345 0.04753521126760568 0.19483568075117372
0 0.5141141554186228 0.11637486958789775 0.04269366197183102 0.19190140845070425
0 0.2773278560250391 0.5564342070944185 0.05633802816901413 0.10387323943661962
0 0.47539093065336463 0.5564526821422362 0.05589788732394364 0.12382629107981205
0 0.6087499388693272 0.41034276647539564 0.05061619718309858 0.14201877934272292
0 0.2768889377934272 0.10463125978090768 0.058098591549295815 0.18485915492957747
0 0.22230505428403755 0.7612670622500434 0.048855633802816927 0.12617370892018795
0 0.8710772447183098 0.2008031211963137 0.05545774647887309 0.10680751173708922
0 0.34687255477308293 0.41970689880020867 0.05985915492957747 0.11443661971830991
0 0.6677309516823162 0.7747690619022778 0.053697183098591554 0.13086854460093902
0 0.41024122163536775 0.7724113197704747 0.04313380281690142 0.11971830985915485
0 0.34422070618153366 0.11283961484959137 0.044014084507042264 0.1766431924882629
0 0.35038298366588416 0.7718239219266214 0.044454225352112665 0.11913145539906109
0 0.4767086023082942 0.42323345939836543 0.051936619718309866 0.12030516431924888
0 0.4212465766823162 0.42498695878977577 0.04577464788732392 0.1126760563380281
0 0.2363822256455399 0.09525028255955485 0.03829225352112679 0.1942488262910798
0 0.3486282276995305 0.5652419144496609 0.05281690140845071 0.10915492957746488
0 0.22054143437010956 0.556433663710659 0.044454225352112665 0.10328638497652576
0 0.6153489950117371 0.5763867153538514 0.046214788732394395 0.10328638497652576
0 0.8860371429968702 0.4244055381672752 0.04841549295774633 0.11854460093896722
0 0.06076480584898279 0.47546241957920354 0.03653169014084507 0.11913145539906109
0 0.5414117517605633 0.4197264606155451 0.05545774647887324 0.13556338028169007
0 0.4212410749217528 0.5541112415232133 0.037852112676056274 0.13028169014084515
0 0.15672162314162755 0.5341522126586681 0.04533450704225351 0.12382629107981215
0 0.1866429479655712 0.09407331333681097 0.03345070422535213 0.19072769953051638
0 0.8640334629303599 0.5728737393496783 0.05325704225352139 0.11208920187793422
0 0.9362208406690142 0.5336012215266911 0.059419014084507026 0.16255868544600938
0 0.6730101965962441 0.5652544122761258 0.05017605633802818 0.12265258215962452
0 0.8015352968505476 0.5687777125717266 0.0558978873239438 0.125
0 0.7421141431924884 0.5658428968874978 0.05281690140845067 0.12441314553990614
0 0.7438838761737088 0.42734144061902274 0.06602112676056338 0.12030516431924877
0 0.816939003814554 0.41913199878282037 0.05413732394366204 0.1273474178403756
0 0.47318900381455403 0.7700725960702487 0.054137323943661955 0.1291079812206572
0 0.6069844850352112 0.7806261954442706 0.043573943661971905 0.11854460093896711
0 0.1615613385172144 0.9044209702660407 0.04269366197183098 0.08450704225352118
0 0.2782050811815337 0.7589114936532777 0.051936619718309825 0.11737089201877927
0 0.055049087930359945 0.8680724004520953 0.04533450704225351 0.12382629107981215
0 0.5453669062989045 0.7765214745261695 0.04665492957746472 0.12206572769953043
0 0.10918488360719873 0.85166221091984 0.0431338028169014 0.14730046948356812
0 0.8477565043035993 0.7830491436271952 0.06514084507042257 0.20011737089201873
0 0.28304938135759 0.9102900582507389 0.055897887323943685 0.08509389671361504
0 0.16772239338810643 0.7665313641105894 0.04137323943661971 0.10739436619718316
0 0.4137699897300469 0.9138008607198748 0.054137323943661955 0.073943661971831
0 0.6039132800273865 0.917907211789254 0.057658450704225414 0.07218309859154928
0 0.4709907448161189 0.9190738567205703 0.057658450704225414 0.06455399061032854
0 0.3561081768388107 0.9179055816379761 0.04929577464788729 0.07042253521126766
0 0.5484417791471049 0.9091174360980699 0.03785211267605636 0.08626760563380279
0 0.7302220877347417 0.9149805468614154 0.04093309859154933 0.08039906103286387
0 0.9098191143388107 0.7918611980525126 0.06910211267605636 0.21009389671361514
0 0.21702794894366195 0.9196721222396105 0.05545774647887324 0.07687793427230044
0 0.19508509389671363 0.4126744261867501 0.1478873239436619 0.125
