0 0.7153089544209703 0.2685022170057381 0.11531690140845068 0.33450704225352107
0 0.008433587636932707 0.6340245174752217 0.10211267605633804 0.23943661971830982
0 0.5762235304186228 0.2180338202051817 0.11399647887323938 0.33568075117370894
0 0.1990164074726135 0.17991979655712054 0.10475352112676053 0.36971830985915494
0 0.4498976061228482 0.22448324204486175 0.10607394366197183 0.329225352112676
0 0.32929381846635364 0.2643480481655364 0.09859154929577463 0.28462441314553993
0 0.24434969190140846 0.6205822900365154 0.10299295774647889 0.2992957746478873
0 0.7918769561815336 0.655182794296644 0.09154929577464783 0.2734741784037559
0 0.1422293745109546 0.6123451356285863 0.09198943661971833 0.27640845070422543
0 0.6814107736697966 0.6610545992001391 0.10475352112676045 0.2769953051643193
0 0.07974068368544603 0.1705399061032864 0.10827464788732395 0.38028169014084506
0 0.3570181069053209 0.6428528734133193 0.09198943661971831 0.26701877934272306
0 0.19418158255086077 0.02588082507390019 0.11443661971830983 0.06396713615023475
0 0.7998208871283256 0.005952769083637628 0.12235915492957758 0.09096244131455399
0 0.8640808392018778 0.26965093027299597 0.12147887323943662 0.3075117370892019
0 0.029080778071205012 0.7724058859328813 0.04533450704225352 0.11384976525821584
