0 0.865382311228482 0.024813619370544254 0.09419014084507041 0.17899061032863853
0 0.2975831988458529 0.6339636584941749 0.0691021126760564 0.17370892018779344
0 0.8279654489436619 0.4074405538167275 0.08714788732394381 0.17664319248826288
0 0.4168717600743349 0.14224319683533299 0.08406690140845074 0.24237089201877937
0 0.3517174662558686 0.15575878108155106 0.06470070422535201 0.26173708920187794
0 0.11536672290688575 0.30655918535906795 0.07174295774647885 0.23884976525821594
0 0.19195000733568077 0.26839625717266563 0.0699823943661972 0.22007042253521125
0 0.2738168158255086 0.21619555294731355 0.07086267605633809 0.2517605633802817
0 0.4565079714397496 0.5453562423926274 0.11795774647887317 0.18192488262910803
0 0.7029376344874804 0.7800637932533472 0.04709507042253528 0.14495305164319253
0 0.012367040786384976 0.3781364110589463 0.06205985915492958 0.21830985915492948
0 0.5088792302425665 0.16976558424621804 0.1100352112676056 0.17781690140845074
0 0.7513931680359937 0.07116805772909059 0.1047535211267607 0.17136150234741784
0 0.6519017752347418 0.1556419535732916 0.07658450704225359 0.1355633802816901
0 0.6400045236697967 0.8035700312989046 0.05721830985915485 0.17957746478873232
0 0.7593046997261346 0.7513899756564075 0.08890845070422526 0.2335680751173708
0 0.7034233176838811 0.42508585463397675 0.1126760563380281 0.2194835680751174
0 0.9560140356025039 0.6610768779342724 0.04049295774647892 0.301056338028169
0 0.37373276115023474 0.5811864241001564 0.07658450704225352 0.21654929577464782
0 0.22803819444444445 0.6744615066944879 0.06514084507042253 0.17899061032863847
0 0.18622267458920186 0.6996951617110068 0.0620598591549296 0.17781690140845072
0 0.10613262910798123 0.7149615284298383 0.08450704225352115 0.18661971830985918
0 0.9692115365805947 0.021259346200660754 0.0308098591549296 0.1431924882629108
