0 0.5220455545774648 0.030668035993740222 0.05545774647887324 0.1637323943661972
0 0.825763827758216 0.3287162015301687 0.08582746478873243 0.0839201877934272
0 0.41862529342723004 0.04535243870631194 0.07394366197183101 0.1778169014084507
0 0.6298993177816902 0.6129564423578507 0.08318661971830979 0.30281690140845086
0 0.5572644635172144 0.635797035298209 0.06646126760563385 0.2523474178403757
0 0.4947552939162755 0.6228791731872718 0.05325704225352108 0.24471830985915496
0 0.384715803501565 0.5929376412797774 0.047095070422535204 0.2318075117370892
0 0.33629817097026604 0.5987801034602678 0.044014084507042264 0.20363849765258216
0 0.43753148229655714 0.6328192922969917 0.04533450704225351 0.20539906103286387
0 0.7060519366197183 0.30711615371239787 0.09507042253521128 0.20657276995305163
0 0.1254700948748044 0.5887247869935663 0.0431338028169014 0.11854460093896711
0 0.6180149036580594 0.294117327421318 0.08230633802816899 0.11150234741784036
0 0.16904740072378716 0.5910700312989046 0.04797535211267607 0.11619718309859153
0 0.13778884242957748 0.4032728003825422 0.03565140845070422 0.11208920187793428
0 0.0669380868544601 0.5940021300643367 0.05281690140845069 0.11384976525821584
0 0.23638528217918622 0.3768828247261346 0.04269366197183098 0.1320422535211268
0 0.08673433832159623 0.41558044253173365 0.038292253521126765 0.09448356807511733
0 0.6193322696596244 0.4179235133020344 0.07790492957746473 0.08978873239436616
0 0.5449341011345853 0.30408298556772734 0.05721830985915485 0.09976525821596242
0 0.3314465351134585 0.16440564684402714 0.029489436619718312 0.09330985915492959
0 0.027751185935054778 0.423212267431751 0.03213028169014084 0.0974178403755869
0 0.2865619498239437 0.16441868805425144 0.04357394366197182 0.10739436619718311
0 0.0260040713028169 0.22429197096157188 0.051496478873239424 0.1226525821596244
0 0.14396762519561815 0.20081507563901932 0.05985915492957749 0.11971830985915494
0 0.6061448552425666 0.009517909928708051 0.10211267605633796 0.13849765258215962
0 0.10081762275039122 0.22486958789775688 0.036531690140845084 0.1126760563380282
0 0.8235527313184665 0.6405152364806121 0.07086267605633796 0.2775821596244131
0 0.7161773156298905 0.6053550469483567 0.09815140845070434 0.33274647887323955
0 0.3222127469679187 0.9173257911667536 0.04269366197183102 0.07805164319248818
0 0.06296826095461659 0.7759199487045733 0.04049295774647887 0.10622065727699521
0 0.3640288781298905 0.15091179794818294 0.046654929577464796 0.09741784037558687
0 0.5730869155907669 0.013662297861241525 0.0338908450704225 0.17781690140845072
0 0.8068603897691705 0.0006781429316640585 0.11839788732394364 0.09859154929577466
0 0.28876509927621286 0.5823563293340288 0.04709507042253516 0.21244131455399062
0 0.2579564627347418 0.8446101764910451 0.04885563380281685 0.13673708920187794
0 0.024673562206572765 0.7677018127282211 0.03697183098591549 0.10387323943661984
0 0.10565978335289514 0.7841239567031821 0.037411971830985914 0.09330985915492955
0 0.24913683489827856 0.5928485263432447 0.024647887323943646 0.13556338028169018
0 0.21876650528169014 0.6022170057381325 0.023767605633802803 0.1126760563380282
0 0.19720724520735525 0.37805979394887845 0.034771126760563376 0.13556338028169013
0 0.17782943319640063 0.38216234133194227 0.01804577464788733 0.12969483568075116
0 0.06295328393974961 0.4167563249869588 0.018926056338028168 0.09683098591549298
0 0.32925683440923315 0.43668383759346197 0.04533450704225355 0.06924882629107987
0 0.32573968114241 0.3568770648582855 0.05105633802816902 0.07511737089201884
0 0.37897135416666666 0.3434614632237871 0.014524647887323994 0.16373239436619721
0 0.402760966842723 0.33877966875326027 0.046214788732394395 0.17781690140845072
0 0.44676649305555555 0.4232041166753608 0.03389084507042257 0.08861502347417842
0 0.4885954616588419 0.4202741914449661 0.05633802816901413 0.09330985915492959
0 0.5414248948552426 0.4231986828377673 0.07438380281690142 0.08274647887323952
0 0.4828760758998435 0.3175762910798122 0.0598591549295775 0.09507042253521127
0 0.8270628545579031 0.42729416623195965 0.05501760563380268 0.06924882629107987
0 0.2311106220657277 0.15383520257346547 0.05281690140845075 0.08568075117370892
0 0.22759041226525822 0.2394866110241697 0.054137323943662 0.053990610328638514
0 0.7117612358176839 0.01654223178577639 0.07702464788732391 0.11913145539906103
