0 0.10650961291152264 0.06650996418228929 0.040509259259259245 0.16409465020576133
0 0.15360484182098763 0.0454422915714068 0.07986111111111115 0.18878600823045266
0 0.24542073902606312 0.03465315881725348 0.07253086419753087 0.20318930041152264
0 0.34534625771604943 0.042866941015089165 0.07638888888888892 0.18518518518518517
0 0.4290653935185186 0.041841468526139305 0.07638888888888881 0.18878600823045266
0 0.5170213906035664 0.033102328151196465 0.0663580246913581 0.1949588477366255
0 0.5899211784122085 0.03464744322511813 0.04205246913580246 0.1970164609053498
0 0.6404779128086419 0.04287694330132602 0.06597222222222222 0.19598765432098764
0 0.7211248285322358 0.009985615759792715 0.08641975308641985 0.22890946502057613
0 0.8515233839163238 0.001244570187471422 0.08256172839506175 0.23302469135802467
0 0.9425518689986283 0.00998704465782655 0.05246913580246921 0.23045267489711938
0 0.9718530306927298 0.3175702065233958 0.023919753086419682 0.1980452674897119
0 0.8792928562242799 0.30164228014022254 0.0706018518518519 0.21810699588477375
0 0.7836240247770918 0.30420048392013416 0.08526234567901238 0.20318930041152264
0 0.7191658093278462 0.29648014784331655 0.04320987654321 0.19855967078189302
0 0.6512742198216736 0.31396176268861453 0.05709876543209873 0.18981481481481488
0 0.5474901406035665 0.3026506058527664 0.052469135802469126 0.19598765432098766
0 0.461083783436214 0.29544753086419756 0.07175925925925929 0.19444444444444445
0 0.3526770404663923 0.31240283493369914 0.07716049382716052 0.17283950617283952
0 0.24156458976337447 0.2831294772138394 0.07523148148148147 0.2242798353909465
0 0.15360296639231824 0.3077946387745771 0.07716049382716052 0.19598765432098766
0 0.06717999828532237 0.31242093430879436 0.07253086419753087 0.19238683127572015
0 0.004666066529492455 0.3149915218716659 0.052469135802469126 0.19084362139917693
0 0.008148469650205761 0.5613645023624447 0.06712962962962962 0.1625514403292181
0 0.0837708440500686 0.5659946082914191 0.07445987654320989 0.16306584362139914
0 0.16633123285322357 0.5623947378448407 0.0725308641975309 0.1640946502057614
0 0.27086735896776404 0.5551859472641365 0.0489969135802469 0.15637860082304528
0 0.36655896347736633 0.5819330132601738 0.06712962962962961 0.15432098765432095
0 0.44564713005829903 0.5721874523700655 0.06520061728395071 0.18467078189300412
0 0.5162465706447189 0.5711562642889803 0.061728395061728336 0.18209876543209882
0 0.5826019161522633 0.5685790085352842 0.057870370370370315 0.17644032921810698
0 0.6458791473765432 0.5696054336229234 0.06597222222222222 0.1738683127572017
0 0.7191869748799724 0.5613816491388508 0.07368827160493842 0.1810699588477366
0 0.7982794281550067 0.564976756591983 0.07793209876543222 0.17489711934156382
0 0.884691679526749 0.5685699588477366 0.06712962962962968 0.16666666666666666
0 0.9626020769032921 0.5721798315805516 0.035879629629629685 0.1764403292181071
0 0.9047552833504802 0.8000204808718183 0.06983024691358032 0.13323045267489714
0 0.8433947402263375 0.8061957018747142 0.04398148148148143 0.13580246913580243
0 0.7982558513374485 0.8046572549916171 0.04398148148148159 0.14094650205761333
0 0.7311353309327847 0.8144399672306051 0.05709876543209873 0.15072016460905344
0 0.6686339913408779 0.8134063976527968 0.055169753086419686 0.14557613168724276
0 0.5852952996399178 0.8123675887821977 0.04745370370370373 0.13477366255144033
0 0.5401521240569273 0.8036227328151195 0.041280864197530874 0.13477366255144033
0 0.49886616941015094 0.8097989064167048 0.033950617283950636 0.13837448559670784
0 0.43445189257544575 0.8170110310928211 0.05516975308641976 0.14969135802469144
0 0.37658152220507546 0.8144242493522329 0.055169753086419686 0.1337448559670782
0 0.31986721965020576 0.8195825712543819 0.0532407407407408 0.14917695473251028
0 0.2646929119513032 0.8241898148148148 0.046682098765432105 0.125
0 0.2122232403120713 0.814426630848956 0.04591049382716052 0.1363168724279836
0 0.13970255701303155 0.798493465172992 0.06057098765432097 0.15072016460905344
0 0.036696512774348426 0.8010588134430726 0.0652006172839506 0.14351851851851852
