0 0.10614210436228483 0.2062385889410537 0.09815140845070422 0.272887323943662
0 0.20647771175665103 0.21562065292992522 0.07438380281690138 0.2646713615023474
0 0.28086701633411576 0.20975645539906104 0.08230633802816902 0.2693661971830986
0 0.36886859350547724 0.21561358894105373 0.044014084507042306 0.2570422535211268
0 0.4617609301643193 0.18581496696226743 0.07658450704225352 0.3984741784037559
0 0.5449729191118936 0.18698324204486177 0.11311619718309866 0.3926056338028168
0 0.7099948650234741 0.20337495652929924 0.06866197183098595 0.3491784037558685
0 0.7887794649843506 0.2110154755694662 0.06778169014084515 0.3615023474178404
0 0.8552401212832551 0.2203904755694662 0.06690140845070434 0.34565727699530513
0 0.12285828687402191 0.5764736567553469 0.08494718309859153 0.19718309859154928
0 0.21220107100938965 0.5764790905929403 0.07658450704225356 0.20305164319248828
0 0.28437805653364634 0.5342663232481308 0.06778169014084506 0.24706572769953045
0 0.02911531690140845 0.6485817683881064 0.09507042253521127 0.11619718309859153
0 0.49302835240610327 0.6652163754129716 0.10167253521126764 0.33509389671361506
0 0.6012953589593114 0.6757694314032342 0.0906690140845071 0.323943661971831
0 0.6950413854655711 0.6775240175621631 0.08494718309859163 0.31748826291079824
0 0.7821898840962441 0.6716657972526517 0.08582746478873243 0.3286384976525822
0 0.8688951853482003 0.6622782994261868 0.08230633802816906 0.33098591549295786
