0 0.006609814386145405 0.02071235329980186 0.07368827160493827 0.147119341563786
0 0.09302554869684498 0.019674497027892087 0.06790123456790123 0.13734567901234565
0 0.16632748199588476 0.007338820301783264 0.06712962962962966 0.14814814814814814
0 0.3337630744170096 0.042806927297668045 0.06327160493827166 0.12037037037037036
0 0.4043751071673526 0.0011707437890565461 0.07793209876543207 0.15329218106995884
0 0.49619823816872427 0.001174077884468831 0.08101851851851849 0.15689300411522633
0 0.5880331575788752 0.03560956790123456 0.10108024691358032 0.125
0 0.6937435699588478 0.036632658893461366 0.1018518518518519 0.11882716049382715
0 0.8029385288065843 0.03561052049992379 0.12037037037037032 0.1260288065843621
0 0.927133701989026 0.04178002591068435 0.07253086419753095 0.12242798353909463
0 0.8932069294410151 0.3555993750952599 0.1068672839506173 0.15843621399176952
0 0.7230977794924555 0.3530426002133821 0.14969135802469144 0.17489711934156382
0 0.5799508637688615 0.3468540428288371 0.12924382716049373 0.15792181069958847
0 0.43103566529492454 0.3540499733272367 0.13580246913580254 0.1517489711934156
0 0.28211725180041153 0.35047534674592284 0.13773148148148145 0.18004115226337444
0 0.12779331704389577 0.3556031854900168 0.13348765432098766 0.1625514403292181
0 0.04247202932098766 0.30882582685566223 0.04861111111111111 0.19855967078189307
0 0.0004072359396433471 0.30883487654320985 0.030864197530864196 0.2083333333333333
0 0.03134511102537723 0.606560547172687 0.13695987654320987 0.08539094650205757
0 0.18410815329218108 0.6518237501905197 0.11574074074074076 0.08076131687242794
0 0.03519590192043896 0.7166714296601129 0.12654320987654322 0.1162551440329218
0 0.16753204303840877 0.7567734529797286 0.13503086419753085 0.09310699588477366
0 0.36198613254458156 0.7017099146471574 0.14891975308641983 0.06893004115226349
0 0.3785686728395062 0.777840172991922 0.13888888888888898 0.0673868312757202
0 0.5255318179869685 0.6086129210486206 0.09915123456790127 0.07973251028806581
0 0.6532466349451304 0.6039794810242342 0.11959876543209881 0.07561728395061715
0 0.6524787808641975 0.6955265965554033 0.12500000000000008 0.05761316872427979
0 0.6571019804526749 0.7840196806889194 0.1157407407407408 0.07458847736625503
0 0.5255497685185185 0.7948121475384848 0.125 0.0637860082304527
0 0.5228478116426611 0.7078789437585734 0.12307098765432095 0.06481481481481471
0 0.7835878557956104 0.6075874485596708 0.03317901234567905 0.08333333333333344
0 0.7836025913065843 0.693452789208962 0.0543981481481481 0.040123456790123385
0 0.8441792052469135 0.6970550411522632 0.0625 0.041666666666666775
0 0.7835910708161865 0.760893918609968 0.03780864197530873 0.0987654320987654
0 0.8406986775548696 0.7531602461515013 0.05054012345679016 0.07973251028806581
0 0.9425499935699588 0.7130648910227099 0.04976851851851857 0.1100823045267491
