0 0.7704724472736625 0.1319072930955647 0.035879629629629685 0.23765432098765435
0 0.6933387452846365 0.10569987425697303 0.07445987654320992 0.2669753086419753
0 0.2203400955932785 0.048628734186861755 0.06751543209876544 0.29681069958847733
0 0.3750581382887517 0.4761202560585277 0.08371913580246913 0.32098765432098764
0 0.7608608753429356 0.48023834019204387 0.08410493827160492 0.32407407407407407
0 0.26588273748285324 0.4370818091754306 0.09336419753086425 0.3816872427983539
0 0.10191615226337447 0.0018504229538180155 0.0925925925925926 0.3317901234567901
0 0.6300550840192044 0.08873218640451151 0.05709876543209881 0.27520576131687247
0 0.5663992841220851 0.08769861682670324 0.059413580246913573 0.2700617283950617
0 0.40975330075445815 0.20384468830970887 0.0447530864197531 0.1522633744855967
0 0.4610639574759945 0.20384040161560738 0.04320987654320992 0.1476337448559671
0 0.47226428540809323 0.48382058756287155 0.060570987654321035 0.30401234567901225
0 0.18792679398148146 0.5855857529340038 0.059027777777777776 0.21039094650205767
0 0.5509969242969822 0.4894875971650663 0.10223765432098762 0.31327160493827155
0 0.02742707261659808 0.1746489673830209 0.05054012345679012 0.2875514403292181
0 0.814870273919753 0.07126676573693035 0.0798611111111111 0.301440329218107
0 0.8719682355967078 0.5033607681755831 0.0787037037037038 0.2962962962962963
0 0.9521937157064471 0.521855471726871 0.047839506172839524 0.27057613168724276
0 0.914023651834705 0.17920286541685718 0.08294753086419746 0.20576131687242805
0 0.6566743827160494 0.4894594955037342 0.055555555555555636 0.28292181069958844
