0 0.3873716255868545 0.2397028777603895 0.06866197183098595 0.28755868544600943
0 0.3160593334311424 0.2338479177534342 0.05501760563380284 0.30223004694835687
0 0.2377188478090767 0.21389540949400104 0.061619718309859156 0.30281690140845074
0 0.4784719165688576 0.242061163275952 0.05589788732394364 0.29929577464788737
0 0.17125330105633804 0.21155288210745957 0.05545774647887322 0.30809859154929586
0 0.10523247994913927 0.19924632672578682 0.055897887323943685 0.32687793427230055
0 0.6642150210289516 0.6346706007650843 0.06117957746478871 0.3034037558685447
0 0.6457315507629109 0.2150745522517823 0.06470070422535217 0.30868544600938963
0 0.44458351672535207 0.6147240697270041 0.059419014084507026 0.3104460093896714
0 0.8081462734741784 0.651671448443749 0.06866197183098595 0.28403755868544595
0 0.3723991955203443 0.6094516171100678 0.057658450704225414 0.32042253521126757
0 0.298014475743349 0.6135498174230568 0.056338028169014086 0.3098591549295775
0 0.17784930066510174 0.5953616762302208 0.046654929577464796 0.3145539906103286
0 0.7346357223200313 0.6358432229177534 0.058538732394366064 0.302230046948357
0 0.23155504205790298 0.5900604242740394 0.058978873239436624 0.29342723004694826
0 0.5154443588615023 0.654008541992697 0.05677816901408453 0.2728873239436619
0 0.5915884194053208 0.6762905364284472 0.05633802816901413 0.25293427230046944
0 0.11358995989827858 0.6129249260998086 0.04841549295774649 0.2687793427230048
0 0.559907753814554 0.21860219961745783 0.06998239436619716 0.3157276995305165
0 0.9507402924491394 0.6628108155103459 0.051936619718309866 0.2723004694835681
0 0.7262757971439749 0.27898082942097024 0.0625 0.2429577464788732
0 0.25311888693270734 0.014756129368805425 0.05457746478873244 0.09154929577464789
0 0.11095920138888889 0.005964180142583898 0.06294014084507042 0.10328638497652583
0 0.32002824237089206 0.011227395235611198 0.06602112676056333 0.08333333333333333
0 0.18709286971830982 0.010070531211963137 0.04753521126760564 0.10152582159624413
0 0.8569979337832551 0.003608611545818119 0.06294014084507041 0.09448356807511737
0 0.8790061986502347 0.6581219570509477 0.06470070422535217 0.2787558685446009
0 0.8574292106807511 0.32824345765953744 0.050176056338028095 0.20715962441314553
0 0.7993300078247261 0.3434880890279951 0.04929577464788729 0.1924882629107982
0 0.9437010954616588 0.007714962615197357 0.05633802816901405 0.09272300469483569
0 0.3926542326877934 0.009472809076682317 0.06998239436619716 0.08978873239436619
0 0.47188416960093904 0.009471722309163624 0.07658450704225352 0.0886150234741784
0 0.5563872383607199 0.007715505998956704 0.07086267605633796 0.09330985915492958
0 0.6479389793622848 0.0030206703182055292 0.07438380281690134 0.09330985915492958
0 0.752689443955399 0.003025017388280299 0.06998239436619716 0.09800469483568075
0 0.9085142801251958 0.31184685272126583 0.09154929577464783 0.24530516431924887
