0 0.3746118202269171 0.7073862154407929 0.07482394366197183 0.24471830985915508
0 0.7953736306729264 0.6815754868718484 0.05633802816901405 0.2564553990610329
0 0.6554106758607199 0.28080279516605805 0.0589788732394367 0.3092723004694836
0 0.10611520686619717 0.2849037123978438 0.059419014084507046 0.30164319248826305
0 0.03876540492957746 0.28139725699878276 0.04753521126760563 0.3174882629107981
0 0.10963144317292646 0.682161797948183 0.05237676056338029 0.255868544600939
0 0.05548800616197183 0.6956469527038777 0.04357394366197184 0.24237089201877937
0 0.5981914490414711 0.6938880194748739 0.05765845070422534 0.2441314553990612
0 0.23111276163928013 0.6950606416275431 0.055897887323943685 0.24295774647887325
0 0.6611276163928013 0.7190993957572596 0.05193661971830979 0.21889671361502352
0 0.5999455937010953 0.2919513997565641 0.04841549295774649 0.30751173708920176
0 0.5528453271713615 0.31245544253173363 0.04093309859154925 0.2687793427230047
0 0.5273232712245697 0.688609589636585 0.04973591549295778 0.2476525821596243
0 0.4978381137519562 0.3224374021909234 0.05589788732394357 0.27464788732394363
0 0.1822522373826291 0.6815754868718484 0.04885563380281689 0.2564553990610329
0 0.10567323210093896 0.012459246218049034 0.05677816901408451 0.14612676056338028
0 0.45557603433098587 0.27961115458181185 0.04357394366197182 0.2899061032863849
0 0.524690067488263 0.0007406320639888716 0.06073943661971839 0.16607981220657278
0 0.015872579225352113 0.7097184185359068 0.03961267605633803 0.22828638497652598
0 0.600836878912363 0.0007248739349678317 0.06426056338028177 0.14906103286384975
0 0.03569389426838811 0.007774191444966092 0.061179577464788734 0.15669014084507044
0 0.6884172657472614 0.0019034733089897413 0.05325704225352115 0.15434272300469484
0 0.8433575410798123 0.007778538515040863 0.06866197183098595 0.1613849765258216
0 0.17300347222222223 0.022412406537993392 0.04049295774647887 0.12089201877934275
0 0.18358824823943662 0.2825519474873935 0.07130281690140844 0.2969483568075117
0 0.00046948356807511736 0.28783635454703527 0.04225352112676056 0.29988262910798125
0 0.867123618446792 0.264964245348635 0.06646126760563378 0.3163145539906103
0 0.7962575802034428 0.30073139454008 0.0616197183098592 0.2828638497652582
0 0.8587471879890454 0.6739442053555903 0.04665492957746488 0.2541079812206573
0 0.7284780296361503 0.29605231698834983 0.06470070422535201 0.2998826291079812
0 0.9344645564358371 0.24093635889410536 0.06558098591549298 0.352112676056338
0 0.7557737920579031 0.0019089071465832033 0.07482394366197175 0.1602112676056338
0 0.45250727455007833 0.7144219483568075 0.06117957746478871 0.2376760563380283
0 0.7319915150625979 0.7191184141888367 0.05369718309859148 0.23943661971830982
0 0.37019665737480434 0.010699769605286038 0.05501760563380284 0.1473004694835681
0 0.4467854435641628 0.012458702834289688 0.06117957746478879 0.1455399061032864
0 0.9172966182511738 0.0030934837419579198 0.06205985915492944 0.17194835680751172
0 0.9071498435054773 0.6756830333854982 0.028169014084507026 0.23063380281690135
0 0.9533670774647888 0.6668992349156668 0.0316901408450704 0.25117370892018787
