0 0.6586494770233196 0.15552411979881114 0.12191358024691365 0.18827160493827158
0 0.14550700874485598 0.18327951150739216 0.08564814814814814 0.16409465020576133
0 0.12310045867626887 0.48109567901234573 0.04243827160493827 0.1388888888888889
0 0.18640448173868313 0.49703646547782343 0.08912037037037039 0.13271604938271608
0 0.31023957261659807 0.44975803993293706 0.07831790123456793 0.18312757201646096
0 0.5282399369855967 0.14421677335771987 0.10995370370370373 0.198559670781893
0 0.15474295910493827 0.0005591754305746076 0.052083333333333336 0.04835390946502058
0 0.023213520233196155 0.17146871665904587 0.09413580246913579 0.1862139917695473
0 0.7894011488340192 0.34216678097850933 0.07098765432098762 0.09567901234567905
0 0.8824057998971193 0.34064309937509524 0.10879629629629635 0.1167695473251029
0 0.8129589441872428 0.07777301478433164 0.10532407407407413 0.10596707818930043
0 0.15937258873456792 0.7171596364883401 0.052083333333333336 0.08796296296296297
0 0.4602952996399177 0.904922553726566 0.04745370370370373 0.09413580246913587
0 0.6304325810185185 0.9074826627038561 0.045138888888888964 0.0812757201646091
0 0.09995793681412894 0.702264327084286 0.05054012345679012 0.11213991769547323
0 0.5837555727023319 0.7182027320530407 0.052469135802469126 0.10339506172839513
0 0.5158508551954732 0.9090253962810548 0.04745370370370365 0.08076131687242794
0 0.5764215749314128 0.9167395404663923 0.04706790123456794 0.0787037037037037
0 0.22225008573388202 0.7104852537722908 0.040123456790123455 0.10185185185185185
0 0.2870772247942387 0.8966787646700198 0.05787037037037036 0.07973251028806572
0 0.3352969071502058 0.7377281473860692 0.04976851851851849 0.07973251028806592
0 0.703367734053498 0.9105686061575979 0.0717592592592592 0.08076131687242805
0 0.2280403377914952 0.9023472031702484 0.0447530864197531 0.09053497942386825
0 0.6493377057613169 0.732078760859625 0.04629629629629627 0.08950617283950624
0 0.044395415380658436 0.6981414799573236 0.04050925925925926 0.10390946502057609
0 0.3947053969478738 0.7392680231672 0.04243827160493825 0.07613168724279841
0 0.06754785022290809 0.8879477213839354 0.04668209876543209 0.09465020576131683
0 0.4035815329218107 0.8956356691053193 0.04629629629629635 0.06430041152263376
0 0.2677739733367627 0.7392651653711324 0.038966049382716035 0.07304526748971196
0 0.10883701989026062 0.8894909312604786 0.058641975308641986 0.09465020576131693
0 0.521256376457476 0.7464677640603565 0.05362654320987659 0.07407407407407418
0 0.003920181755829904 0.46826084057308337 0.08950617283950617 0.1661522633744856
0 0.4460350758744856 0.713061080627953 0.06828703703703715 0.10596707818930053
0 0.27746618870027434 0.18074178859929887 0.10686728395061726 0.20113168724279837
0 0.40902402692043893 0.165325407712239 0.10570987654320985 0.21810699588477367
0 0.8052428948045269 0.5710981557689375 0.10532407407407397 0.11934156378600826
0 0.9255918317043896 0.5680060204237158 0.07445987654320985 0.11316872427983544
0 0.8731489519032921 0.7372423220545647 0.11226851851851857 0.11059670781893005
0 0.78709142446845 0.7372689948178631 0.07831790123456778 0.13940329218106995
0 0.40477752057613164 0.4497637555250724 0.1018518518518519 0.18930041152263374
0 0.5259229788237312 0.462092287761012 0.1068672839506173 0.17078189300411528
0 0.6351032021604938 0.462092287761012 0.10416666666666659 0.17078189300411528
0 0.9255918317043896 0.03973670172229843 0.07445987654320985 0.13786008230452676
