0 0.10386606224279836 0.003680365035817711 0.1226851851851852 0.08590534979423868
0 0.1165659293552812 0.09270214144185338 0.07716049382716052 0.11831275720164611
0 0.004017971965020576 0.3304893499466545 0.2303240740740741 0.2618312757201646
0 0.001690564986282579 0.6406773929279074 0.21219135802469136 0.264917695473251
0 0.21383718064128943 0.6103371246761164 0.14776234567901234 0.27520576131687235
0 0.4102318029835391 0.7465601661332114 0.17824074074074078 0.1738683127572017
0 0.6995994620198902 0.7238802202408169 0.201003086419753 0.12397119341563788
0 0.2516651127400549 0.23379534369760707 0.17554012345679013 0.2767489711934157
0 0.4421974129801098 0.25019480643194636 0.09760802469135793 0.2103909465020576
0 0.5580043295610425 0.256351928059747 0.19290123456790126 0.19341563786008228
0 0.4113380379801097 0.0006125209571711629 0.10455246913580254 0.10596707818930041
0 0.5977213541666667 0.006843945282731291 0.16319444444444453 0.169238683127572
0 0.7642929098079562 0.00838001066910532 0.026234567901234605 0.16152263374485598
0 0.8064270940500686 0.03974241731443377 0.14390432098765443 0.1440329218106996
0 0.1552680791323731 0.0669467306812986 0.25270061728395066 0.08024691358024691
0 0.1787653249314129 0.14251924249352232 0.19984567901234568 0.03189300411522635
0 0.7844797560871057 0.2729309556470051 0.20640432098765413 0.32098765432098775
