0 0.29985359203834117 0.733105112154408 0.16945422535211266 0.13380281690140847
0 0.5546890282668231 0.5453241827508258 0.16065140845070427 0.14730046948356812
0 0.563926178599374 0.13039688749782646 0.15228873239436613 0.12441314553990611
0 0.06173097613458529 0.7342869718309859 0.1602112676056338 0.14260563380281693
0 0.04898064602895149 0.5787596722309164 0.18001760563380284 0.1308685446009389
0 0.3323671630477308 0.29179381846635366 0.08758802816901413 0.13732394366197184
0 0.09780877102895148 0.28711202399582686 0.14040492957746478 0.15140845070422537
0 0.08065458724569641 0.12160982872543905 0.1566901408450704 0.14143192488262915
0 0.24607571645148668 0.7419128195096506 0.05325704225352115 0.1390845070422535
0 0.4392951022104852 0.29590560337332633 0.04973591549295778 0.14143192488262915
0 0.5837227357198748 0.2871125673795861 0.13820422535211271 0.15199530516431922
0 0.3275286702856025 0.12220537732568248 0.09198943661971835 0.15082159624413147
0 0.42522924002347423 0.1186804468788037 0.07658450704225359 0.14671361502347416
0 0.7540654954029733 0.14506444531385848 0.15008802816901404 0.1203051643192488
0 0.575334079127543 0.7325144540079986 0.10079225352112675 0.12969483568075107
0 0.5057633998435054 0.2818238132498696 0.0598591549295775 0.14436619718309857
0 0.2963202391431925 0.5734991740566858 0.15184859154929578 0.15375586854460088
0 0.01589000146713615 0.28067075291253696 0.06470070422535212 0.1666666666666667
0 0.26895723298122065 0.29472374369674836 0.044894366197183073 0.13262910798122068
0 0.7580212612480437 0.28475917231785774 0.1421654929577465 0.14553990610328646
0 0.7888525161384976 0.5775952008346376 0.1729753521126761 0.14084507042253522
0 0.9375302596830987 0.190329942618675 0.043573943661971905 0.20422535211267603
0 0.7148324408255087 0.7360491653625456 0.06294014084507041 0.14436619718309865
0 0.49255000489045386 0.722549882629108 0.046654929577464796 0.14260563380281693
0 0.7976467747456966 0.7266698182924709 0.1606514084507042 0.1555164319248826
