0 0.45733476379107973 0.6891111328464615 0.04093309859154933 0.1555164319248826
0 0.40452458675665104 0.6586213267257869 0.05061619718309858 0.1842723004694835
0 0.6853323063380282 0.015953747174404453 0.047535211267605605 0.11737089201877933
0 0.028198968114241003 0.01890432098765432 0.04313380281690141 0.13497652582159628
0 0.22714385269953052 0.5265399495739872 0.044894366197183073 0.14201877934272297
0 0.28176624853286386 0.5547817770822465 0.10959507042253516 0.22065727699530513
0 0.18312946253912366 0.49658700660754657 0.044454225352112665 0.1167840375586854
0 0.7302254499217528 0.03121141975308642 0.04577464788732392 0.11678403755868542
0 0.07176985524256652 0.010696509302729959 0.03873239436619719 0.14377934272300472
0 0.15187273816510174 0.6708854981742306 0.034771126760563376 0.11971830985915496
0 0.8834345045970265 0.045322552599547906 0.10343309859154932 0.1455399061032864
0 0.775591744913928 0.041795448617631716 0.09154929577464799 0.1390845070422535
0 0.18796306484741787 0.687917318727178 0.03301056338028169 0.13380281690140836
0 0.22145992273082943 0.7631047861241524 0.09947183098591547 0.20950704225352107
0 0.630755452856025 0.005988089027995131 0.04841549295774657 0.12910798122065728
0 0.9195009903169015 0.6527837549991305 0.06734154929577459 0.2177230046948357
0 0.8723851354655712 0.6814755042601287 0.03741197183098595 0.14847417840375585
0 0.7936268216940533 0.5471233263780212 0.07614436619718296 0.18896713615023478
0 0.7152716647104852 0.5183397452616936 0.0616197183098592 0.15903755868544603
0 0.6474881406494521 0.49013432446531047 0.058978873239436624 0.11971830985915485
0 0.5792708944640063 0.4766393888019475 0.06558098591549298 0.12265258215962431
0 0.535245195129108 0.42322965571205 0.04885563380281697 0.11619718309859157
0 0.43139854753521123 0.31880488175969396 0.08714788732394373 0.15434272300469482
0 0.4009970412754304 0.2195770300817249 0.04137323943661973 0.10093896713615025
0 0.3552193368544601 0.23129673100330378 0.03697183098591547 0.08215962441314555
0 0.35037717625195614 0.17141584072335245 0.036091549295774704 0.05868544600938966
0 0.3041599422926448 0.1978579812206573 0.032570422535211245 0.09507042253521127
0 0.2737886957159624 0.17145224743522866 0.030369718309859194 0.09800469483568072
0 0.22626020882237874 0.12451856198921926 0.040052816901408446 0.11384976525821597
0 0.18399935201486697 0.12101101982263955 0.029489436619718312 0.12852112676056335
0 0.4511850180946792 0.9161520822465659 0.05853873239436614 0.0780516431924883
0 0.1303046141431925 0.6321107198748044 0.03301056338028169 0.073943661971831
0 0.08497927670187794 0.552322965571205 0.04621478873239437 0.10035211267605641
0 0.11051753227699532 0.4073824117544775 0.06073943661971831 0.11384976525821594
