0 0.7707728139671362 0.7325720526864894 0.1241197183098592 0.19190140845070425
0 0.26151212832550863 0.3411607763867154 0.09859154929577459 0.2142018779342722
0 0.255800383900626 0.7061543644583551 0.11311619718309854 0.18192488262910803
0 0.7822305359937402 0.34353699356633627 0.1443661971830985 0.24530516431924884
0 0.49216243642410007 0.7395947443922797 0.12235915492957751 0.17077464788732385
0 0.4124624046361503 0.6997245044340115 0.07262323943661965 0.20950704225352118
0 0.6264167033450704 0.7272838419405321 0.13864436619718304 0.18485915492957747
0 0.13915175078247263 0.7108350721613632 0.09683098591549295 0.16666666666666666
0 0.6145445153560251 0.3447025517301339 0.15536971830985918 0.23650234741784035
0 0.02119736649061033 0.704962723874109 0.1016725352112676 0.16255868544600938
0 0.13212630819640062 0.35171057207442186 0.12103873239436617 0.19953051643192485
0 0.00359203834115806 0.327079529647018 0.10211267605633802 0.21772300469483563
0 0.8953158621870109 0.7460610111284993 0.09991197183098612 0.1825117370892019
0 0.0035822574334898284 0.007786689271431056 0.08802816901408451 0.17018779342723006
0 0.10264756944444445 0.00191216744913928 0.13644366197183097 0.1637323943661972
0 0.2469566094483568 0.0007411754477482177 0.054137323943661955 0.16666666666666666
0 0.4388870549687012 0.0048676317162232655 0.0959507042253521 0.18661971830985916
0 0.5450065409820031 0.0019290123456790125 0.16153169014084498 0.18192488262910797
0 0.7311726696987481 0.004877412623891497 0.14216549295774633 0.1971830985915493
0 0.884763179773083 0.006045687706485828 0.11531690140845068 0.19131455399061031
0 0.42660529147104853 0.33883129021039815 0.1566901408450704 0.2335680751173709
0 0.9357840620109545 0.36171535385150405 0.06426056338028177 0.23004694835680747
