0 0.202095253814554 0.587595635541645 0.1016725352112676 0.16666666666666666
0 0.22551258069248828 0.3164786558859329 0.23107394366197181 0.1772300469483568
0 0.5608063747065727 0.3352362632585637 0.09639084507042266 0.15375586854460094
0 0.47057077709311423 0.341681338028169 0.08670774647887317 0.14260563380281688
0 0.03401555164319249 0.34344570509476613 0.1795774647887324 0.14671361502347424
0 0.8310507140062597 0.3405114327942967 0.09330985915492959 0.14671361502347408
0 0.8112394855242567 0.6139752869066251 0.08626760563380269 0.13556338028169007
0 0.3094835069444445 0.5905244740045209 0.09286971830985916 0.16079812206572766
0 0.5057768485915493 0.2148908885411233 0.079225352112676 0.11032863849765254
0 0.6004049907081377 0.2207567162232655 0.07614436619718302 0.10739436619718308
0 0.6752130403951486 0.3698199226221527 0.05325704225352123 0.10974178403755865
0 0.7126619962832551 0.3422676491045036 0.1065140845070423 0.14201877934272297
0 0.9142251075899843 0.6004890453834116 0.07570422535211271 0.14788732394366189
0 0.9463401066118937 0.34344896539732217 0.05369718309859148 0.15023474178403756
0 0.93314505086072 0.18850960702486522 0.06690140845070418 0.1396713615023474
0 0.3112474325117371 0.767175817249174 0.09771126760563383 0.16960093896713613
0 0.8125666324334898 0.758359415753782 0.09595070422535217 0.15492957746478875
0 0.4120326560054772 0.735486219787863 0.08758802816901413 0.17018779342723
0 0.19197659917840373 0.7595537732568249 0.10827464788732395 0.17723004694835676
0 0.5176606514084506 0.743690227786472 0.07922535211267609 0.15727699530516442
0 0.9146686106220656 0.7601183489827855 0.08054577464788745 0.15316901408450703
0 0.7693955399061033 0.7489653973222049 0.042253521126760535 0.15023474178403745
