0 0.310246538494513 0.7409112559061118 0.08834876543209881 0.18415637860082307
0 0.8677179783950617 0.11333590534979424 0.06944444444444445 0.18055555555555555
0 0.7928645297496572 0.10973031931108063 0.05825617283950603 0.17541152263374488
0 0.19718632115912207 0.1298025262917238 0.05941358024691361 0.18672839506172842
0 0.9224971064814814 0.40235720545648523 0.0625 0.10133744855967085
0 0.713388685270919 0.11023757811309251 0.0574845679012346 0.16769547325102882
0 0.08029272762345678 0.43325903063557386 0.06597222222222224 0.1419753086419753
0 0.42134211033950614 0.43122475613473554 0.06597222222222231 0.1671810699588477
0 0.054820387517146775 0.14163475461057767 0.05246913580246915 0.1877572016460905
0 0.30215540337791497 0.4281450045724737 0.10378086419753087 0.1743827160493828
0 0.11848047410836761 0.14624485596707817 0.05632716049382716 0.16666666666666666
0 0.5328208054698217 0.37046420134125896 0.03973765432098762 0.10133744855967079
0 0.26314755872770923 0.15190805517451608 0.04359567901234567 0.1718106995884774
0 0.18328001757544582 0.4676921391556165 0.03433641975308639 0.1075102880658436
0 0.6543477794924555 0.3694530178326475 0.03858024691358016 0.12037037037037036
0 0.8001848636831276 0.6086696006706295 0.04398148148148143 0.14094650205761322
0 0.5876122578017833 0.3673877838744094 0.05054012345679016 0.11213991769547317
0 0.5378461505486969 0.14622437509525987 0.05401234567901238 0.14454732510288062
0 0.5332205396947873 0.5567443987197074 0.05979938271604945 0.17283950617283947
0 0.0004139338991769548 0.14677021414418534 0.04050925925925926 0.1784979423868313
0 0.4421706211419754 0.1036165409236397 0.059027777777777776 0.2391975308641975
0 0.15588563100137173 0.46513060128029265 0.030864197530864185 0.11882716049382715
0 0.7010250557270233 0.37047896662094193 0.03163580246913579 0.11728395061728392
0 0.856137206361454 0.5932594116750496 0.059799382716049364 0.16460905349794244
0 0.9251998671124828 0.589669543514708 0.06558641975308635 0.17644032921810698
0 0.8541939943415638 0.3848717802164304 0.03935185185185175 0.10596707818930037
0 0.808283232596022 0.38743998628257886 0.038966049382716035 0.1018518518518519
0 0.9456358774862825 0.11437090382563633 0.048996913580246826 0.18724279835390947
0 0.6601597329389575 0.8638055365035818 0.07445987654320992 0.13220164609053503
0 0.5363174082647462 0.8530102118579485 0.07484567901234579 0.139917695473251
0 0.1725003215020576 0.7079861111111111 0.06712962962962964 0.18055555555555555
0 0.41861818415637864 0.7789208962048468 0.03240740740740738 0.12345679012345682
0 0.0926295653292181 0.6869151044048164 0.053240740740740755 0.20164609053497937
0 0.034372856652949244 0.6899934270690443 0.05246913580246914 0.19290123456790126
0 0.7797740376371742 0.8622661370217954 0.09683641975308635 0.1363168724279835
0 0.9097790209190673 0.8715082495046487 0.08179012345679015 0.11779835390946497
