0 0.588986086658842 0.7513133585463397 0.11179577464788729 0.15082159624413155
0 0.17216537069640064 0.0681995522517823 0.10123239436619715 0.13438967136150234
0 0.5167800640649451 0.04643811945748566 0.07878521126760576 0.08274647887323944
0 0.3107932316118936 0.2999875021735351 0.0774647887323944 0.11326291079812202
0 0.9018938282472614 0.1204002564771344 0.06514084507042242 0.10269953051643191
0 0.58596653706964 0.5294475960702486 0.20026408450704222 0.11326291079812197
0 0.784369192586072 0.10162091375412971 0.05501760563380284 0.10269953051643194
0 0.21704812206572768 0.28122880803338546 0.08450704225352111 0.13556338028169018
0 0.4371332159624413 0.2566091766649279 0.10563380281690142 0.16607981220657275
0 0.15454170334507042 0.7794198834985221 0.07526408450704226 0.08333333333333323
0 0.5528908695226917 0.26247609111458875 0.10651408450704222 0.16431924882629115
0 0.22586194248826288 0.7588718266388454 0.10035211267605636 0.07453051643192486
0 0.33808471488654146 0.6884411406711877 0.08142605633802821 0.0657276995305164
0 0.4560271786971831 0.5370571422361329 0.05941901408450694 0.09213615023474181
0 0.04099514622456964 0.4913107503042949 0.08934859154929578 0.12265258215962452
0 0.27208284428794993 0.04768246826638845 0.10915492957746484 0.159037558685446
0 0.1325450533059468 0.5001048730655537 0.09022887323943664 0.11326291079812208
0 0.8500155883215963 0.7600987871674492 0.14920774647887325 0.13204225352112675
0 0.05025155271909233 0.08578073378542862 0.10871478873239436 0.10798122065727699
0 0.7033979484546167 0.0006379325334724396 0.07614436619718296 0.05516431924882629
0 0.11933777142018778 0.2759596157190054 0.0858274647887324 0.14906103286384983
0 0.00047162314162754303 0.4772197226569292 0.04533450704225352 0.11561032863849766
0 0.6880923562206572 0.3474873934967832 0.2191901408450704 0.07511737089201873
0 0.6131623508411581 0.11685250391236307 0.0664612676056337 0.073943661971831
0 0.4027664686032864 0.5382248739349679 0.054137323943661955 0.08568075117370902
0 0.8437802596830987 0.10571748391584072 0.043573943661971905 0.09037558685446011
0 0.8047052278951488 0.5329176447574335 0.18397887323943662 0.05809859154929577
0 0.9102586438771518 0.05171057207442184 0.06822183098591555 0.0727699530516432
0 0.9181851525821595 0.326913254216658 0.0739436619718311 0.03814553990610323
0 0.7223631284233177 0.7495261693618502 0.13248239436619733 0.12206572769953054
0 0.43056411384976523 0.7847320031298904 0.15316901408450703 0.11619718309859163
0 0.23823723591549292 0.8462876021561467 0.17429577464788737 0.04694835680751171
0 0.3279709507042254 0.7588701964875674 0.09507042253521128 0.07276995305164315
0 0.5163380892996869 0.1303458094244479 0.07614436619718311 0.06924882629107983
0 0.700316656885759 0.05698465484263607 0.07570422535211263 0.06455399061032864
0 0.6945981880868545 0.12447726482350895 0.08054577464788729 0.0692488262910798
0 0.9261076877934272 0.36681935750304295 0.07394366197183094 0.03814553990610329
0 0.5229264475743349 0.5429284037558686 0.05633802816901397 0.09507042253521127
0 0.8051453687402191 0.5857345461658842 0.18397887323943646 0.05809859154929587
0 0.08851171263693271 0.7542068770648583 0.06250000000000001 0.10680751173708919
0 0.000492101917057903 0.6715223439401843 0.07482394366197183 0.17370892018779344
