0 0.5136896028951488 0.38739621370196486 0.06514084507042249 0.07805164319248835
0 0.6008472711267605 0.2888062945574683 0.07922535211267609 0.0798122065727699
0 0.4212627763106417 0.40088408537645626 0.06910211267605627 0.06748826291079811
0 0.14881651017214398 0.10983524604416622 0.07042253521126762 0.10093896713615023
0 0.4164270344287949 0.29760259085376456 0.0774647887323944 0.0727699530516432
0 0.5044512299491393 0.05763562858633281 0.07174295774647885 0.13380281690140847
0 0.3165150625978091 0.053530907668231605 0.07746478873239436 0.13732394366197184
0 0.0669402264280125 0.10807359589636586 0.055897887323943664 0.09976525821596242
0 0.3191675224960876 0.38739621370196486 0.09419014084507044 0.07805164319248835
0 0.24519176692097028 0.0629129716571031 0.04797535211267608 0.12910798122065725
0 0.5075383289319249 0.5810543818466354 0.08054577464788737 0.073943661971831
0 0.14221928794992172 0.3803577638671535 0.07746478873239437 0.08215962441314559
0 0.5066467380672927 0.2999500086941402 0.0642605633802816 0.07276995305164315
0 0.701183489827856 0.7324720700747697 0.05633802816901405 0.0839201877934272
0 0.23684529049295777 0.3152038775865067 0.07130281690140841 0.06807511737089197
0 0.15497909330985912 0.31285374282733436 0.07130281690140848 0.06514084507042257
0 0.6043583113262911 0.03712180490349504 0.0647007042253521 0.1619718309859155
0 0.42301692097026605 0.1004314467049209 0.05985915492957743 0.08568075117370891
0 0.699431484741784 0.5787129412276125 0.06866197183098595 0.08039906103286387
0 0.0467166715571205 0.39559696139801775 0.08890845070422537 0.06161971830985914
0 0.6976715326682317 0.38973493740219095 0.06954225352112675 0.0686619718309859
0 0.19326523376369328 0.7383400712919492 0.0625 0.08333333333333333
0 0.42345889573552425 0.6050915058250739 0.0625 0.04812206572769955
0 0.6026017214397497 0.38093918448965397 0.07042253521126748 0.07629107981220658
0 0.42257953100547724 0.5346744044513997 0.06382042253521128 0.053990610328638465
0 0.32487651604068857 0.3163699791340636 0.07570422535211271 0.05985915492957748
0 0.42522343260954615 0.755925056511911 0.06822183098591547 0.061032863849765216
0 0.6976776457355243 0.30111393670665976 0.07834507042253512 0.06220657276995307
0 0.6888665761932707 0.0412189184489654 0.06646126760563385 0.15023474178403756
0 0.23024317781690146 0.39149930446878806 0.07130281690140841 0.0727699530516432
0 0.08720473884976526 0.5816287384802643 0.0818661971830986 0.06044600938967135
0 0.2649977992957746 0.5305984828725439 0.04753521126760564 0.08861502347417838
0 0.7949756699921753 0.29819107546513646 0.11707746478873243 0.07453051643192492
0 0.78747096293036 0.375084767866458 0.08494718309859148 0.09154929577464788
0 0.522055335485133 0.7729568770648583 0.06954225352112675 0.07511737089201873
0 0.6157967771909234 0.7882129194922621 0.05721830985915485 0.07276995305164326
0 0.3407209751564945 0.7823242696922275 0.07482394366197179 0.05105633802816901
0 0.5268904660602504 0.9278826508433317 0.06029929577464791 0.07100938967136154
0 0.2628007629107981 0.8944395539906104 0.05281690140845067 0.07922535211267592
0 0.8358916519953052 0.9214315988523735 0.09242957746478864 0.0757042253521126
0 0.4657004963810642 0.9331605372978612 0.04533450704225359 0.06690140845070423
0 0.7729157497065728 0.7371723395931142 0.04093309859154917 0.08978873239436622
0 0.3512693784233177 0.5464136671883151 0.05325704225352111 0.05633802816901405
0 0.09510618397887324 0.5352384367936011 0.051496478873239444 0.02934272300469487
0 0.5079806093505478 0.5282005303425491 0.08362676056338027 0.03403755868544594
0 0.6113978139671362 0.5746071335419927 0.06073943661971839 0.08274647887323947
0 0.7848221708724569 0.5757390019127108 0.0735035211267607 0.037558685446009474
0 0.2795233641431925 0.7224797861241523 0.04885563380281689 0.06690140845070423
0 0.14217680213223788 0.7347787341331942 0.016285211267605664 0.03990610328638495
0 0.11183642654538342 0.9032494348808903 0.0585387323943662 0.08685446009389676
0 0.1879597026604069 0.9325524908711529 0.028169014084507026 0.04401408450704225
0 0.23284795579029732 0.9044052121370197 0.019366197183098618 0.06748826291079811
0 0.38868715766823164 0.9255314293166406 0.061619718309859114 0.06690140845070414
0 0.6078675176056337 0.9525006520605113 0.047535211267605605 0.038732394366197104
0 0.6756467625195619 0.9202535428621109 0.044014084507042146 0.07100938967136154
