0 0.8063759216392318 0.6998013831732968 0.07021604938271603 0.2299382716049382
0 0.5085321287722908 0.7722650891632373 0.06404320987654326 0.1574074074074073
0 0.6740555877057613 0.44246637326627036 0.08449074074074071 0.08590534979423878
0 0.9641452867798352 0.13703846593507085 0.035879629629629685 0.22376543209876545
0 0.9402400012860083 0.7054612482853224 0.05671296296296286 0.23148148148148148
0 0.19025661222565157 0.22900901158360007 0.0806327160493827 0.1075102880658436
0 0.6856146583504802 0.20949645633287609 0.06288580246913579 0.1450617283950617
0 0.6535997513717421 0.6060690062490474 0.0725308641975308 0.11008230452674889
0 0.45066497342249656 0.42242179164761473 0.06867283950617285 0.1044238683127572
0 0.48885673868312757 0.6168428974241732 0.06481481481481484 0.07921810699588466
0 0.41207427769204397 0.20949788523090992 0.05362654320987651 0.14660493827160495
0 0.4830678262174211 0.2064195625666819 0.062114197530864126 0.15534979423868311
0 0.2774321630658436 0.0037422839506172844 0.05787037037037043 0.1527777777777778
0 0.7006606867283951 0.010935832952293858 0.0625 0.1440329218106996
0 0.4244196887860082 0.6050163846974548 0.0532407407407408 0.08436213991769545
0 0.5498159400720165 0.20795467535436668 0.06828703703703706 0.14660493827160495
0 0.4757442772633745 0.006831561499771376 0.07175925925925929 0.1558641975308642
0 0.3086778763717421 0.21515870294162476 0.05169753086419758 0.14917695473251028
0 0.3665372620884774 0.21515965554031397 0.0358796296296296 0.15020576131687238
0 0.5602253729423868 0.0006601508916323732 0.057870370370370315 0.1574074074074074
0 0.3364647633744856 0.014026063100137175 0.06481481481481484 0.14814814814814814
0 0.6342999828532236 0.008367626886145405 0.0586419753086419 0.14814814814814814
0 0.682933867026749 0.423396300106691 0.09143518518518524 0.04578189300411524
0 0.41053535450960216 0.006827274805669867 0.05979938271604945 0.15123456790123455
0 0.28976819701646084 0.5896071483005638 0.04398148148148151 0.10905349794238678
0 0.327581125685871 0.4121399176954732 0.05015432098765436 0.1111111111111111
0 0.3885363082990398 0.40905445054107603 0.047839506172839524 0.11213991769547323
0 0.020093342764060353 0.42395261774119797 0.04552469135802469 0.09104938271604937
0 0.21530430169753087 0.5957699855204999 0.03819444444444445 0.09825102880658444
0 0.8368390453532236 0.41378791342783117 0.04822530864197524 0.2242798353909465
0 0.9352216220850481 0.42253848498704466 0.05246913580246905 0.23045267489711932
0 0.7631641696673526 0.2130910874866636 0.0675154320987654 0.13837448559670784
0 0.8858359589334707 0.419939795762841 0.04822530864197524 0.20164609053497942
0 0.7778289501886145 0.000650148605395519 0.07368827160493825 0.14660493827160495
0 0.9020396626371743 0.0021161979881115685 0.0482253086419754 0.06327160493827158
0 0.29671987525720167 0.7599475118122236 0.05439814814814813 0.18775720164609058
0 0.02549216606652949 0.7614811957018747 0.04205246913580247 0.1774691358024692
0 0.47765533907750346 0.7676206942539248 0.0459104938271604 0.14146090534979427
0 0.6520399305555554 0.7738359244017681 0.04861111111111119 0.18724279835390953
0 0.23460567772633745 0.7527458657216887 0.05439814814814813 0.18775720164609058
0 0.0810565629286694 0.7568544238683127 0.05478395061728394 0.18055555555555555
0 0.5837577160493826 0.769217725956409 0.055555555555555636 0.19958847736625512
0 0.42904422796639236 0.7706994932174973 0.045910493827160476 0.13323045267489703
0 0.3623057591735255 0.764571425849718 0.05362654320987651 0.18158436213991766
0 0.5791329089506173 0.6723693987197074 0.0625 0.04783950617283957
0 0.14007630315500688 0.811321159122085 0.04320987654320988 0.11574074074074074
0 0.8904712148491083 0.7100437242798354 0.0563271604938273 0.18055555555555544
0 0.18793215234910837 0.04589811004420057 0.06674382716049385 0.12551440329218105
0 0.8572822895233195 0.008281893004115226 0.04205246913580254 0.05555555555555555
0 0.5305075981652949 0.40905968983386676 0.04205246913580246 0.11779835390946508
0 0.5860821759259258 0.4075221955494589 0.06944444444444452 0.12397119341563778
0 0.7766369813100137 0.42242607834171625 0.023919753086419842 0.10905349794238672
0 0.940218031978738 0.13960810089925316 0.025077160493827143 0.2211934156378601
0 0.7222530328360768 0.7691505677488187 0.0443672839506173 0.12705761316872424
0 0.08915037722908092 0.6266008420972413 0.0432098765432099 0.06224279835390952
0 0.006204453875171469 0.23211353071178176 0.04552469135802469 0.12705761316872427
