0 0.371537558685446 0.7290487523908885 0.08450704225352115 0.18955399061032865
0 0.7527022813967136 0.6047258085550339 0.08846830985915485 0.2869718309859155
0 0.17611349520735523 0.32528636324117544 0.082306338028169 0.1825117370892019
0 0.2725055628912363 0.31707040079986093 0.08406690140845068 0.1825117370892019
0 0.07972203883020346 0.3293905407755173 0.08142605633802817 0.17840375586854454
0 0.3798956499413146 0.31470939836550166 0.0779049295774648 0.16784037558685452
0 0.7579751075899843 0.29535895931142414 0.07570422535211271 0.18485915492957744
0 0.5964226330203443 0.3117821900539037 0.045774647887323994 0.1754694835680751
0 0.9384206279342722 0.23966321074595723 0.058098591549295815 0.2447183098591549
0 0.6615802890258217 0.2941825334724396 0.06998239436619716 0.18192488262910803
0 0.4886122725938967 0.30592016605807687 0.08054577464788737 0.1825117370892019
0 0.6549922364045383 0.5663694357503043 0.09022887323943671 0.05927230046948351
0 0.010618092233959311 0.7266904668753261 0.07878521126760564 0.17781690140845072
0 0.28350541617762126 0.5728188575899844 0.07878521126760564 0.05281690140845062
0 0.19063386394757437 0.5751635585115632 0.07614436619718307 0.04988262910798127
0 0.3913402288732394 0.1608573508954964 0.07922535211267609 0.06396713615023475
0 0.16643314749608762 0.1309288601982264 0.08626760563380285 0.06514084507042255
0 0.24695599814162753 0.004166123282907322 0.05325704225352115 0.06279342723004695
0 0.00048354362284820033 0.0006667318727177883 0.0625 0.08626760563380283
0 0.31781959115805947 0.0035770952877760393 0.05457746478873236 0.06044600938967136
0 0.08014353482003131 0.0006612980351243262 0.05457746478873238 0.08039906103286386
0 0.0673922877543036 0.12507770387758652 0.07306338028169014 0.08392018779342723
0 0.17875434027777778 0.22423654581811858 0.08230633802816902 0.06279342723004697
0 0.8711166740023474 0.6017774082768215 0.11223591549295785 0.27171361502347413
0 0.8468915052816901 0.23556446704920883 0.08714788732394364 0.2546948356807512
0 0.7491674002347418 0.19020387758650667 0.06866197183098595 0.06807511737089203
0 0.2804229019953051 0.7337386976178056 0.07658450704225359 0.18427230046948362
0 0.18623704029733956 0.7501418231611894 0.08274647887323947 0.15316901408450703
0 0.47408854166666664 0.7360736176317163 0.08186619718309858 0.17077464788732385
0 0.1047993691314554 0.7372413493305511 0.06602112676056338 0.16431924882629118
0 0.5603552303403756 0.7390122370022606 0.08054577464788737 0.17546948356807504
0 0.6571819371087637 0.7132102025734655 0.07438380281690142 0.1965962441314554
0 0.1589351648082942 0.0035901364980003483 0.06382042253521128 0.07453051643192489
0 0.3847234448356808 0.005334398365501652 0.05809859154929574 0.056924882629107984
0 0.5378970437206573 0.0035684011476265 0.06470070422535217 0.051056338028169015
0 0.6510190483176839 0.2060462310902452 0.0730633802816903 0.06514084507042257
0 0.5629917962636932 0.22012150060858984 0.0743838028169015 0.05516431924882628
0 0.5656268339201879 0.14911645800730305 0.06602112676056338 0.05985915492957748
0 0.47848292008998433 0.16144203182055294 0.07174295774647876 0.06161971830985914
0 0.485523645344288 0.22599330551208485 0.06954225352112675 0.05868544600938961
0 0.4045383411580595 0.23068705442531734 0.07042253521126764 0.057511737089201896
0 0.31078772985133024 0.1614404016692749 0.06954225352112675 0.059859154929577454
0 0.26414655467527387 0.20312717353503737 0.08934859154929582 0.08157276995305161
0 0.07444095999608764 0.22014160580768563 0.08230633802816903 0.07687793427230047
0 0.001366270539906103 0.22307044427056164 0.06602112676056338 0.07100938967136151
0 0.002680274354460094 0.30945813771518 0.05677816901408451 0.20070422535211266
0 0.6501522153755869 0.6309397278734133 0.09242957746478872 0.07687793427230034
0 0.0026970852895148666 0.6491284124500086 0.08098591549295775 0.07276995305164326
0 0.09645289270344287 0.5646121326725787 0.08934859154929578 0.06279342723004694
0 0.2689887152777778 0.6368158798469831 0.09022887323943662 0.08509389671361504
0 0.1857892581181534 0.6338756303251609 0.07174295774647889 0.07863849765258216
0 0.09996484986306729 0.6309397278734133 0.0761443661971831 0.07687793427230034
0 0.36625678550469487 0.6215647278734133 0.08582746478873236 0.09272300469483558
0 0.4591271151212832 0.6233247478699356 0.08670774647887332 0.09213615023474181
0 0.5537592307316118 0.6291894887845593 0.08934859154929589 0.0880281690140845
0 0.5515585265062597 0.5534754825247783 0.08934859154929589 0.07746478873239442
