0 0.19812542791471052 0.8856541253695009 0.08934859154929578 0.09800469483568072
0 0.20295719630281692 0.513036863154234 0.07526408450704226 0.13615023474178395
0 0.539698258998435 0.13220635541644932 0.1232394366197184 0.1772300469483568
0 0.6849306778169014 0.14276864893062077 0.10299295774647885 0.17605633802816903
0 0.8204702171361502 0.577545752912537 0.06866197183098595 0.08744131455399053
0 0.3037555628912363 0.7735866588419406 0.08406690140845068 0.12147887323943668
0 0.13872353041862284 0.11871576682316119 0.11399647887323948 0.1848591549295775
0 0.6523428330399061 0.5705089332290038 0.07790492957746473 0.09330985915492944
0 0.28042779244913923 0.533566444966093 0.08362676056338035 0.125
0 0.6611373973004695 0.4695759433142062 0.06602112676056329 0.09976525821596233
0 0.7408053354851329 0.5763769344461832 0.06954225352112675 0.09272300469483567
0 0.37021683049687015 0.5318091418883671 0.08406690140845074 0.12852112676056343
0 0.7421245354068858 0.48365012606503216 0.067781690140845 0.08861502347417838
0 0.8979420358959312 0.46429642670839855 0.07878521126760553 0.10211267605633807
0 0.0005162485328638498 0.22366816640584247 0.10959507042253522 0.08274647887323938
0 0.0035993740219092333 0.06873913232481309 0.11267605633802817 0.08333333333333333
0 0.07532704910015649 0.5259503781950966 0.09066901408450705 0.13908450704225342
0 0.028211194248826295 0.4132411754477482 0.06073943661971831 0.10328638497652581
0 0.0018375880281690142 0.15382270474700052 0.11091549295774648 0.0721830985915493
0 0.32750880281690137 0.21897278734133194 0.06338028169014084 0.08215962441314555
0 0.823993483470266 0.46546741870978964 0.07174295774647893 0.0991784037558685
0 0.0013677988067292645 0.5505754434011476 0.0682218309859155 0.11443661971830982
0 0.3781350865610329 0.4413933446357155 0.0779049295774648 0.0850938967136151
0 0.7936488287363068 0.1474596809250565 0.10783450704225352 0.17194835680751175
0 0.9085136688184665 0.1457132455225178 0.09066901408450702 0.1872065727699531
0 0.9005746283255086 0.5705067596939664 0.06690140845070434 0.09096244131455396
0 0.7302716035798121 0.7977096374543556 0.11223591549295785 0.1883802816901409
0 0.6131739656690142 0.763651973569814 0.08318661971830986 0.16666666666666657
0 0.3988241515062598 0.7729987176143279 0.08142605633802817 0.12030516431924873
0 0.3997050445031299 0.9009031038080335 0.08230633802816906 0.0880281690140845
0 0.4886162460876369 0.896214245348635 0.08626760563380292 0.09448356807511739
0 0.09337312940140845 0.7788596548426361 0.09110915492957744 0.11208920187793422
0 0.09996240463615022 0.8973721961398018 0.07262323943661972 0.07746478873239442
0 0.0005003545579029734 0.7355633802816902 0.08670774647887323 0.25352112676056343
0 0.491258313771518 0.7894099939141019 0.08802816901408445 0.09800469483568082
0 0.3059556558098592 0.8891757955138236 0.08318661971830983 0.09859154929577459
0 0.8438254963810642 0.7906706442357851 0.10871478873239432 0.19190140845070414
0 0.27822769953051646 0.43493740219092325 0.08450704225352111 0.08450704225352124
0 0.08940880526212833 0.38979144931316295 0.08670774647887322 0.1296948356807512
0 0.4591720461658842 0.5182881238045556 0.15140845070422534 0.10328638497652597
0 0.0005147202660406886 0.005337658668057728 0.1073943661971831 0.060446009389671373
0 0.19944829567683883 0.7671203921057207 0.09286971830985916 0.10974178403755874
