0 0.19103223593964336 0.6009473593964335 0.08641975308641972 0.13425925925925927
0 0.2921111432613169 0.6225299115988416 0.0844907407407408 0.11008230452674889
0 0.10151748971193417 0.36540256820606615 0.07407407407407407 0.19032921810699593
0 0.5428728352194787 0.6179350518213687 0.07021604938271611 0.1476337448559671
0 0.5509840642146776 0.3576588934613626 0.08371913580246913 0.16049382716049387
0 0.34342233581961595 0.063940329218107 0.08371913580246913 0.16666666666666666
0 0.14821432398834017 0.07474517985063252 0.09529320987654322 0.169238683127572
0 0.24581832990397806 0.07318387059899406 0.0895061728395062 0.14969135802469136
0 0.70994298696845 0.07628838972717575 0.09567901234567897 0.169238683127572
0 0.24581136402606313 0.35458771528730376 0.07947530864197527 0.17695473251028798
0 0.4572270983367627 0.08661170172229843 0.07368827160493825 0.2073045267489712
0 0.17982574588477362 0.3638303040695016 0.060185185185185196 0.1589506172839505
0 0.6543791259430727 0.3591949588477366 0.08371913580246913 0.15277777777777782
0 0.012015067729766803 0.3545862863892699 0.07947530864197531 0.17541152263374482
0 0.052913880315500685 0.10353271223898795 0.08487654320987655 0.1486625514403292
0 0.6181120863340192 0.07320054107605548 0.08140432098765428 0.16769547325102882
0 0.707232724622771 0.52679279073312 0.08179012345679008 0.047325102880658415
0 0.4861435292352538 0.6133044695930497 0.04668209876543214 0.14660493827160498
0 0.27433850951646094 0.8251838515470202 0.04745370370370365 0.08744855967078191
0 0.08917395404663922 0.5999347469897881 0.07716049382716049 0.15174897119341565
0 0.03244357638888889 0.5968226070720926 0.052083333333333336 0.12397119341563788
0 0.9626020769032921 0.9193106043286084 0.035879629629629685 0.07767489711934158
0 0.7824564364711936 0.6281831085200428 0.0706018518518519 0.10442386831275714
0 0.692960980366941 0.6297277472946198 0.08603395061728404 0.10596707818930043
0 0.0004155414094650206 0.10971650663008688 0.04282407407407407 0.16049382716049382
0 0.5363190157750343 0.07325245770461819 0.07716049382716056 0.22376543209876548
0 0.8117900162894376 0.0896533493369913 0.08873456790123445 0.1589506172839506
0 0.47960042652606305 0.35609329751562263 0.06905864197530873 0.1363168724279836
0 0.7404173632544581 0.3576631801554641 0.08989197530864207 0.16512345679012339
0 0.43059279621056246 0.6132877991159884 0.05362654320987659 0.12860082304526763
0 0.692954014489026 0.8385740550221003 0.07600308641975309 0.10442386831275714
0 0.768956297153635 0.8324055022100288 0.07484567901234572 0.10905349794238688
0 0.6385408629115227 0.8323802583447645 0.0543981481481481 0.08179012345679015
0 0.22071384173525377 0.8143861454046639 0.05015432098765433 0.09259259259259259
0 0.3715687692901235 0.8206047096479197 0.059027777777777776 0.14197530864197536
0 0.44448838305898486 0.8298611111111112 0.06327160493827166 0.1388888888888889
0 0.515875503686557 0.8268027930193568 0.08294753086419746 0.16923868312757218
