0 0.8517770686619718 0.5430664232307425 0.15052816901408445 0.24413145539906098
0 0.002755770735524257 0.08299643540253869 0.16549295774647887 0.26995305164319255
0 0.21799839837636933 0.587642909928708 0.18529929577464788 0.21772300469483558
0 0.6141221024061032 0.08121304990436445 0.1808978873239437 0.24530516431924884
0 0.029172474080594684 0.592343722830812 0.17737676056338028 0.22417840375586856
0 0.17618043329420968 0.07829453573291602 0.17869718309859156 0.2623239436619719
0 0.36183581523865416 0.081221744044514 0.057658450704225414 0.2546948356807512
0 0.42793916275430355 0.07828855851156322 0.17605633802816906 0.255868544600939
0 0.7972277239827856 0.07358557207442185 0.19102112676056338 0.24706572769953056
0 0.4160504694835681 0.5659477699530516 0.16901408450704214 0.2376760563380282
0 0.5911550029342724 0.5460050426012868 0.06602112676056338 0.24882629107981216
0 0.6629807927425665 0.544246109372283 0.18529929577464782 0.2505868544600939
