0 0.16375654098200312 0.027196357155277344 0.034771126760563396 0.21713615023474178
0 0.2042458308881064 0.03775647713441141 0.029489436619718312 0.2136150234741784
0 0.23021872554773085 0.023098700226047646 0.03609154929577463 0.2282863849765258
0 0.26763283695226914 0.028964527908189878 0.0391725352112676 0.2253521126760563
0 0.3081205985915493 0.05123511128499392 0.03169014084507044 0.19307511737089203
0 0.3450933465375587 0.05008042079638324 0.03301056338028173 0.21361502347417843
0 0.3803052254499218 0.053017410015649455 0.03389084507042257 0.21654929577464785
0 0.42212257922535207 0.06827399582681272 0.039612676056338045 0.21478873239436616
0 0.4661513350938967 0.08585246044166231 0.06073943661971831 0.1854460093896714
0 0.7764445178012521 0.095256803164667 0.051936619718309866 0.20129107981220656
0 0.6906360035211268 0.10111176317162232 0.07922535211267609 0.18661971830985916
0 0.6026099740805948 0.10873109024517476 0.08230633802816899 0.17605633802816895
0 0.5269036091549295 0.09055109980872891 0.07922535211267616 0.18955399061032865
0 0.15806680359937403 0.4320710528603721 0.08098591549295774 0.1578638497652582
0 0.246975559956964 0.43500967223091636 0.08142605633802817 0.16255868544600943
0 0.33192182609546167 0.448508954964354 0.08010563380281689 0.16431924882629104
0 0.41510783450704225 0.4455812032689967 0.07922535211267609 0.1713615023474179
0 0.5031360035211268 0.451450291253695 0.079225352112676 0.17194835680751172
0 0.5880789074726135 0.4561489306207616 0.07306338028169014 0.176056338028169
0 0.6637901628521127 0.4579007998608938 0.08318661971830986 0.16666666666666666
0 0.7469740316901408 0.4713957355242567 0.07922535211267609 0.16373239436619716
0 0.16599331230438186 0.7102666927490872 0.08670774647887328 0.1866197183098591
0 0.2584198332355242 0.7120191053729787 0.08230633802816906 0.1778169014084506
0 0.3486447329812206 0.7137764084507042 0.07658450704225356 0.1742957746478874
0 0.4230318979851331 0.7073313336810989 0.08142605633802817 0.18544600938967135
0 0.5123755990805947 0.7149571813597636 0.07438380281690134 0.18192488262910791
0 0.5880822696596244 0.723749130585985 0.07790492957746473 0.1701877934272302
0 0.6659853653169013 0.7120174752217007 0.07526408450704222 0.176056338028169
0 0.7469660847026605 0.7120218222917754 0.06778169014084515 0.18075117370892008
0 0.8869498239436618 0.09838615023474179 0.09507042253521136 0.41197183098591544
0 0.9128936815336464 0.6052909276647539 0.05985915492957743 0.2634976525821596
0 0.8138885832355243 0.7343918448965397 0.09815140845070434 0.255868544600939
