0 0.9203892189945226 0.18681098939314902 0.07878521126760568 0.20657276995305165
0 0.6404477210485132 0.13048491566684053 0.061619718309859274 0.21948356807511737
0 0.5546245354068857 0.13222591723178578 0.06778169014084515 0.19835680751173712
0 0.731576743446792 0.14104286211093725 0.09022887323943662 0.21361502347417838
0 0.15189077171361504 0.10697704747000522 0.06073943661971831 0.1830985915492958
0 0.8292751736111109 0.13929860024343593 0.07174295774647893 0.23122065727699528
0 0.00045848004694835687 0.45501869240132153 0.02640845070422535 0.22300469483568078
0 0.22363097857981223 0.10171274560945921 0.05677816901408445 0.20187793427230052
0 0.28525253080985913 0.41221635367762127 0.05941901408450707 0.2640845070422535
0 0.21439566216744915 0.42043992349156667 0.0677816901408451 0.27230046948356806
0 0.46483152386541476 0.14569585724221873 0.061619718309859114 0.16842723004694835
0 0.026016297437402188 0.4550224960876369 0.06910211267605633 0.22711267605633806
0 0.30593823356807515 0.09169057555207791 0.05809859154929578 0.15258215962441316
0 0.39220431093505476 0.1357296557120501 0.05589788732394364 0.1795774647887324
0 0.00046612138106416276 0.05596961398017736 0.037411971830985914 0.2359154929577465
0 0.8917718114241001 0.6603454833941923 0.06690140845070434 0.14495305164319242
0 0.09289325361893584 0.4415074552251782 0.03389084507042253 0.2083333333333333
0 0.12678043084898277 0.42859122326551913 0.028609154929577465 0.20246478873239437
0 0.15538897447183098 0.4168362023995827 0.02772887323943662 0.18309859154929586
0 0.1817980364827856 0.4180006737958616 0.028609154929577465 0.1731220657276995
0 0.5964360817683881 0.5137177230046949 0.06514084507042266 0.2376760563380281
0 0.668620402973396 0.5207572596070248 0.06690140845070403 0.23474178403755874
0 0.7399271933685445 0.5236985958963659 0.07262323943661973 0.24237089201877937
0 0.8147419674295776 0.5354259041905756 0.059419014084507026 0.2318075117370892
0 0.5660425224960877 0.4590995044340115 0.0308098591549296 0.1936619718309859
0 0.06648938771517997 0.08234709181011998 0.04049295774647887 0.20246478873239432
0 0.03743031103286385 0.06886954442705617 0.02640845070422535 0.22417840375586853
