0 0.4793738996478873 0.04080540340810294 0.08714788732394364 0.3374413145539906
0 0.5673950386345853 0.03846015910276474 0.077024647887324 0.33978873239436624
0 0.6466240585876369 0.03786515388628065 0.08230633802816899 0.33098591549295775
0 0.17082385807902972 0.09006096765779865 0.07086267605633802 0.2940140845070422
0 0.16773095168231614 0.5020480133889759 0.05369718309859153 0.31044600938967126
0 0.08190837734741784 0.5020393192488263 0.06073943661971832 0.301056338028169
0 0.25532692683881064 0.0806843375065206 0.06514084507042257 0.3080985915492958
0 0.24167919845461658 0.4803621109372282 0.06029929577464791 0.3403755868544602
0 0.5541764475743349 0.4744805251260651 0.05633802816901397 0.32629107981220656
0 0.3217839152973396 0.4762573900191271 0.05897887323943658 0.3438967136150235
0 0.33059131699921757 0.07656874891323248 0.06558098591549301 0.2998826291079812
0 0.028651029440532085 0.051949117544774825 0.06029929577464789 0.3303990610328638
0 0.018967625195618152 0.49499869587897766 0.059859154929577475 0.30281690140845063
0 0.6245983714788732 0.4621696226743175 0.05545774647887324 0.34037558685446
0 0.10171563233568076 0.055463180316466694 0.06205985915492958 0.3227699530516432
0 0.6906176643192489 0.4779810033037732 0.05281690140845067 0.30399061032863844
0 0.47891511394757424 0.4850509693966266 0.06029929577464799 0.3339201877934272
0 0.39748814064945226 0.47214832203095114 0.058978873239436624 0.34272300469483574
0 0.9300555066510172 0.46038352025734647 0.05457746478873244 0.312793427230047
0 0.9441409306533646 0.028466245000869413 0.05589788732394364 0.32100938967136156
0 0.8842784135367764 0.043728264649626154 0.051056338028168904 0.32511737089201875
0 0.8833944640062598 0.47622913406364115 0.04577464788732407 0.3133802816901408
0 0.40190727699530515 0.024406624934793952 0.08450704225352115 0.3732394366197183
