0 0.7606245109546166 0.1786613197704747 0.08802816901408445 0.278169014084507
0 0.5722399501173708 0.19336474091462355 0.08186619718309866 0.312793427230047
0 0.4696920236697966 0.18983655016518866 0.08890845070422533 0.3051643192488263
0 0.6686372139084508 0.20098841505825074 0.09110915492957743 0.30692488262910794
0 0.16864210436228483 0.17107350895496434 0.0981514084507042 0.32276995305164313
0 0.3068295187793427 0.22265421231090243 0.07394366197183098 0.25528169014084506
0 0.0467252298513302 0.1610866588419405 0.1012323943661972 0.3116197183098592
0 0.40056484741784043 0.22500652060511214 0.05281690140845067 0.26056338028169007
0 0.29669344190140845 0.6357606285863328 0.05545774647887321 0.2130281690140845
0 0.6426523987676056 0.6920731177186576 0.06734154929577459 0.18544600938967135
0 0.023394402875586855 0.572505868544601 0.09639084507042252 0.3485915492957747
0 0.8957269659624413 0.21210822030951137 0.058098591549295815 0.27406103286384975
