0 0.7222709833676269 0.8622647081237615 0.07021604938271603 0.1347736625514404
0 0.9267436128257888 0.8195620903825637 0.0663580246913581 0.12705761316872433
0 0.8298994234396433 0.8149338896509679 0.055169753086419686 0.12860082304526751
0 0.10227114411865569 0.30987130391708584 0.0482253086419753 0.21656378600823048
0 0.2631483624828532 0.3186023472031703 0.044753086419753056 0.20164609053497937
0 0.06368687842935529 0.5876114540466393 0.042438271604938266 0.17592592592592593
0 0.1917692794067215 0.2995756172839506 0.03665123456790123 0.2083333333333334
0 0.3565141675240054 0.07627314814814815 0.04706790123456794 0.1527777777777778
0 0.37155617712620026 0.3288842211553117 0.04089506172839508 0.1949588477366255
0 0.16939595121742113 0.5850542028654169 0.04128086419753085 0.19187242798353904
0 0.21685581704389575 0.590709781283341 0.05015432098765433 0.1887860082304527
0 0.24617064257544582 0.12201598460600517 0.041280864197530874 0.11059670781893005
0 0.17556557570301784 0.11225756363359245 0.03665123456790123 0.12705761316872427
0 0.45682173782578867 0.06857138774577047 0.045524691358024685 0.1682098765432099
0 0.21260207690329216 0.11584981329065691 0.03587962962962964 0.117798353909465
0 0.1223248349622771 0.5917319196768785 0.03665123456790125 0.18158436213991766
0 0.3113806370027435 0.3278630353604633 0.05478395061728389 0.2031893004115227
0 0.04555469821673526 0.3401834705075446 0.04320987654320988 0.17592592592592587
0 0.4147617669753086 0.06547496570644717 0.0347222222222223 0.1574074074074074
0 0.2735628858024692 0.5906883478128334 0.04166666666666663 0.16563786008230455
0 0.15164448302469136 0.3011145404663923 0.0347222222222222 0.2037037037037037
0 0.38120552554869686 0.5984143994817862 0.04706790123456794 0.17644032921810698
0 0.3036586934156379 0.09682403597012651 0.04629629629629631 0.12551440329218105
0 0.06368741426611797 0.1358948712086572 0.043209876543209874 0.09979423868312759
0 0.13158516589506175 0.12971631611034903 0.03819444444444445 0.09362139917695474
0 0.8704009130658436 0.6400286732205456 0.04398148148148159 0.11985596707818931
0 0.0058138288751714675 0.5798839734796525 0.038580246913580245 0.1635802469135803
0 0.7322820216049383 0.03351718488035361 0.041666666666666824 0.08744855967078191
0 0.41940104166666664 0.2923920705685109 0.04861111111111111 0.22788065843621397
0 0.2299626521776406 0.30522452751105017 0.035108024691358014 0.19804526748971196
0 0.6971670310356654 0.03351718488035361 0.031635802469135714 0.08744855967078191
0 0.46802099408436215 0.31244998856881573 0.06134259259259262 0.22376543209876545
0 0.3403034979423868 0.5860496684956562 0.03703703703703706 0.15586419753086422
0 0.3102101015946502 0.59017061042524 0.035879629629629685 0.16203703703703715
0 0.735366298010974 0.46918247980490774 0.038580246913580314 0.05041152263374497
0 0.022011638374485595 0.1251024043590916 0.03009259259259259 0.11059670781893005
0 0.030889649777091903 0.5793767146776406 0.03665123456790123 0.1712962962962963
0 0.8318174511316874 0.6523653025453436 0.0393518518518519 0.110082304526749
0 0.8696335948216736 0.4753738949855206 0.05015432098765429 0.07047325102880656
0 0.905134923696845 0.03300230528882793 0.060956790123456825 0.0869341563786008
0 0.8021095893347051 0.029930650815424478 0.03780864197530873 0.102880658436214
0 0.7851329411008229 0.6518489940557841 0.035879629629629685 0.10802469135802466
0 0.8144558041838135 0.24596526825179088 0.038580246913580314 0.08693415637860084
0 0.7623727387688615 0.24493693796677338 0.038966049382716035 0.08744855967078191
0 0.7990282600308642 0.4707423601585124 0.04513888888888873 0.06841563786008227
0 0.9274999464163238 0.4620165561652187 0.0443672839506173 0.08899176954732513
0 0.9664576903292181 0.34727890184423105 0.0324074074074073 0.0612139917695473
0 0.7392272698045267 0.63436261621704 0.042824074074074125 0.11162551440329217
0 0.9525714806241428 0.6482357872275568 0.0362654320987654 0.09465020576131683
0 0.8738750107167351 0.25675106691053196 0.04668209876543222 0.06893004115226338
0 0.9251768261316872 0.34110892013412597 0.03240740740740746 0.0643004115226337
0 0.23190640003429358 0.8504405768937662 0.056327160493827105 0.1424897119341563
0 0.16362016675240057 0.840166800030483 0.05748456790123458 0.15792181069958858
0 0.5100718557098766 0.8746018137479042 0.059027777777777776 0.12551440329218105
0 0.3819910622427984 0.8643118427069043 0.06712962962962961 0.12345679012345671
0 0.02010298782578875 0.8432517908855357 0.059413580246913594 0.1563786008230452
0 0.3032809284979424 0.8648329141899102 0.05787037037037036 0.13065843621399176
0 0.454890582133059 0.876132163542143 0.04243827160493825 0.11162551440329206
0 0.437149830675583 0.5799130277396738 0.05131172839506175 0.1949588477366255
0 0.10574095507544581 0.8504362901996647 0.04475308641975308 0.13786008230452668
0 0.0007841971021947874 0.150291018899558 0.018132716049382717 0.09207818930041153
0 0.002727409122085048 0.34839677640603567 0.03858024691358025 0.15740740740740736
0 0.6940948109567902 0.24083076131687242 0.05208333333333341 0.09722222222222222
0 0.9437012388545953 0.2531621513488798 0.04089506172839508 0.08179012345679006
0 0.6848301933299039 0.4635330932784636 0.0443672839506173 0.06018518518518518
0 0.6906140153463649 0.6374256973022405 0.0397376543209877 0.08641975308641968
0 0.6416321051954733 0.9085100403901843 0.06134259259259254 0.07973251028806581
0 0.792479263117284 0.9110882487425697 0.059027777777777776 0.08641975308641968
0 0.9402378579389575 0.9506630086877002 0.05362654320987651 0.049382716049382644
0 0.6543633187585735 0.8205346936442616 0.06095679012345675 0.06635802469135799
