0 0.029111343407668234 0.003103264649626152 0.08934859154929578 0.1825117370892019
0 0.12989381602112676 0.001936076334550513 0.07526408450704222 0.18955399061032865
0 0.29231220657276996 0.0060413406364110585 0.08450704225352111 0.18661971830985916
0 0.40498367811032865 0.01073074247956877 0.0779049295774648 0.18075117370892022
0 0.6558495940923318 0.0019371631020692055 0.05721830985915485 0.19072769953051644
0 0.792310678305947 0.0019512910798122065 0.0823063380281689 0.20598591549295775
0 0.9185834189162756 0.11737958615892889 0.013644366197182952 0.00938967136150234
0 0.8825309932511737 0.010750304294905233 0.06998239436619716 0.2018779342723005
0 0.09028694737871676 0.25150136932707357 0.08362676056338028 0.3538732394366197
0 0.4344691412363067 0.25798991479742656 0.07218309859154932 0.38967136150234744
0 0.5110585387323944 0.2620881151104156 0.079225352112676 0.3791079812206573
0 0.6070028242370892 0.2697172230916362 0.06998239436619724 0.3791079812206573
0 0.6919545921361503 0.2697188532429143 0.07658450704225343 0.3808685446009389
0 0.7830481587441316 0.2714430099113198 0.05413732394366188 0.34154929577464777
0 0.8473050542840375 0.26849297948182926 0.04885563380281689 0.3245305164319249
0 0.0506883313771518 0.7167731698834985 0.10387323943661973 0.2417840375586855
0 0.5132748312793427 0.7238175969396626 0.10167253521126764 0.2441314553990611
0 0.6307899916862284 0.7302963615023473 0.09815140845070426 0.2693661971830987
0 0.7505183881064161 0.7601922491740567 0.11267605633802825 0.23298122065727714
0 0.8711172853090766 0.7449454442705615 0.1131161971830985 0.24530516431924893
