0 0.5616826829029733 0.7853329855677273 0.0906690140845071 0.13145539906103287
0 0.28847992468701095 0.20046024604416626 0.27024647887323944 0.37030516431924887
0 0.6031769610719875 0.1969369457485655 0.2649647887323944 0.36795774647887325
0 0.0006275063575899843 0.19050165188662838 0.269806338028169 0.3896713615023475
0 0.3640670848004695 0.6961305642496958 0.10167253521126757 0.1308685446009389
0 0.25931325802034433 0.696719592244827 0.1012323943661972 0.1332159624413146
0 0.03131296459311424 0.6785227569118414 0.09066901408450705 0.12852112676056343
0 0.8508555237676056 0.7941102634324466 0.09110915492957743 0.10387323943661973
0 0.8556946278364631 0.6638448748043818 0.0875880281690142 0.12147887323943668
0 0.8904810372652582 0.2086599069727004 0.10959507042253527 0.3526995305164319
0 0.4683716011345853 0.8000021735350374 0.08890845070422526 0.1291079812206572
0 0.26459769904147107 0.8352150712919493 0.10519366197183098 0.13086854460093902
0 0.10174039025821596 0.8140877673448096 0.09771126760563383 0.13028169014084492
0 0.3724239534428795 0.833431685793775 0.09330985915492959 0.10622065727699531
0 0.03789276457355242 0.8134786341505826 0.0585387323943662 0.10622065727699521
0 0.6906534257629109 0.805295818118588 0.10431338028169014 0.14201877934272308
