0 0.8794787387519561 0.6193651104155798 0.11135563380281689 0.2523474178403757
0 0.4613058123043819 0.5354427490871153 0.055017605633802764 0.25
0 0.15321455643583723 0.5407744305338202 0.06558098591549298 0.30399061032863844
0 0.15717949188184666 0.1024039297513476 0.07086267605633804 0.3145539906103286
0 0.08146823650234741 0.5683196400625978 0.0607394366197183 0.2640845070422535
0 0.42565043035993744 0.20265605981568424 0.04929577464788737 0.20657276995305163
0 0.379877005086072 0.5178262476091113 0.05105633802816898 0.23826291079812217
0 0.23551539270344288 0.5196389758302905 0.05765845070422537 0.29460093896713613
0 0.574862150332551 0.5478280951138932 0.055017605633802764 0.3163145539906105
0 0.32441559076682314 0.5324829377499565 0.04577464788732392 0.22241784037558684
0 0.690639060054773 0.10825617283950617 0.08362676056338027 0.2969483568075117
0 0.29802517361111114 0.14344244479221008 0.07174295774647889 0.2699530516431925
0 0.0915920872456964 0.11060848113371587 0.061619718309859135 0.3022300469483568
0 0.6184464862089202 0.10942607807337854 0.06998239436619724 0.29284037558685444
0 0.2579549344679187 0.12350134759172317 0.04665492957746472 0.2828638497652582
0 0.025573100058685443 0.10357981220657277 0.06470070422535211 0.31690140845070425
0 0.5101635856807512 0.21556196748391582 0.05809859154929574 0.20129107981220656
0 0.03743825802034429 0.5788004260128673 0.03785211267605633 0.17488262910798116
0 0.47978011296948353 0.18859057120500783 0.038292253521126834 0.22711267605633803
0 0.00046703834115805956 0.5870093244653104 0.03873239436619719 0.16725352112676053
0 0.7821819371087637 0.5976368240306034 0.0743838028169015 0.23650234741784035
0 0.8534829200899844 0.09594472700399931 0.07174295774647876 0.3104460093896713
0 0.7826107687793425 0.08831887932533472 0.058098591549295815 0.31396713615023475
0 0.9538166935641629 0.12462289167101374 0.04533450704225351 0.22652582159624413
0 0.3891138497652582 0.704295992001391 0.042253521126760535 0.07629107981220658
0 0.7179158719679187 0.5484035385150409 0.06646126760563378 0.30399061032863844
0 0.643523205203443 0.543720113893236 0.05369718309859148 0.31631455399061026
