0 0.3151766065140845 0.3973933881064162 0.051496478873239465 0.10035211267605636
0 0.17565073601330206 0.2266187402190923 0.04973591549295776 0.10035211267605638
0 0.8798669185250391 0.22130064336637106 0.03653169014084515 0.06103286384976527
0 0.4458935470461658 0.4009036471917927 0.04445422535211271 0.08861502347417848
0 0.44545004401408456 0.1702611502347418 0.03961267605633796 0.079225352112676
0 0.8398257164514867 0.7594874804381847 0.05325704225352108 0.10563380281690145
0 0.810327415884194 0.42554338375934625 0.04049295774647892 0.07981220657277001
0 0.35566711903364634 0.6350596635367762 0.047975352112676006 0.08978873239436633
0 0.2984445300273865 0.6368191401495392 0.041813380281690134 0.08861502347417848
0 0.8957248263888888 0.7588951921404973 0.05501760563380284 0.09976525821596242
0 0.3635856807511737 0.16147137454355764 0.04225352112676062 0.09330985915492958
0 0.22407203638497653 0.7653440705964181 0.058098591549295815 0.09272300469483567
0 0.8988012275039123 0.6726134585289515 0.04841549295774649 0.08450704225352118
0 0.11050377787558686 0.646225113023822 0.04093309859154927 0.10622065727699531
0 0.12107449383802818 0.2295443183794123 0.051496478873239424 0.09096244131455399
0 0.4010055995696401 0.6321281081551035 0.053697183098591554 0.09272300469483578
0 0.2372667864827856 0.6374059946096332 0.04445422535211271 0.08861502347417838
0 0.8010865977112677 0.5217842549121892 0.043573943661971745 0.07629107981220658
0 0.7284768070226917 0.2682707355242567 0.06294014084507041 0.08450704225352113
0 0.30813068515258213 0.14857035732916016 0.046214788732394395 0.1038732394366197
0 0.4991615928208137 0.24656635802469137 0.06029929577464791 0.09448356807511739
0 0.5458201902386542 0.6708637628238567 0.0655809859154929 0.096244131455399
0 0.7267098249217527 0.18903994957398715 0.05369718309859163 0.07863849765258214
0 0.6738956743935838 0.672625412971657 0.057658450704225414 0.09741784037558696
0 0.08409318759780908 0.2254412276125891 0.03785211267605634 0.096244131455399
0 0.18797559663536778 0.49480416449313164 0.05105633802816898 0.09272300469483567
0 0.134280247456964 0.5000684663536776 0.053697183098591575 0.073943661971831
0 0.7588327709311425 0.5165025647713442 0.043133802816901344 0.07629107981220658
0 0.8407044698748044 0.6755504477482177 0.051056338028168904 0.08744131455399064
0 0.08630856318466354 0.7741512345679011 0.05897887323943663 0.09741784037558696
0 0.6364800347222223 0.25301469309685276 0.05237676056338027 0.08685446009389666
0 0.5678159233176839 0.5018507650843331 0.04929577464788722 0.09741784037558673
0 0.23947604900234737 0.49363534602677794 0.05677816901408453 0.09800469483568072
0 0.015874413145539907 0.22367849069727005 0.04225352112676057 0.09389671361502344
0 0.6386709580399061 0.41967157885585116 0.03829225352112676 0.07629107981220658
0 0.7051420065532081 0.5118158798469831 0.05237676056338027 0.08509389671361504
0 0.4828721024061033 0.667335572074422 0.054137323943661955 0.08861502347417838
0 0.39835833577856017 0.2518393540253869 0.04445422535211271 0.08509389671361504
0 0.2064639573552426 0.39738849765258216 0.0545774647887324 0.09507042253521121
0 0.8477399990219092 0.4190912450008694 0.04137323943661973 0.08333333333333333
0 0.8499397862871675 0.5118077290905929 0.04005281690140837 0.07629107981220658
0 0.4472209996087637 0.49832800817249173 0.05457746478873244 0.09565727699530524
0 0.25970999608763695 0.39973863241175456 0.03873239436619716 0.09800469483568072
0 0.18049748141627542 0.12334104938271606 0.05721830985915493 0.1097417840375587
0 0.2649947427621283 0.14093255520778997 0.04313380281690138 0.09448356807511736
0 0.898364448845853 0.5100580333854982 0.05325704225352108 0.0880281690140845
0 0.9001237896126761 0.4214348591549296 0.051496478873239465 0.07922535211267603
0 0.7680714495305164 0.42612643453312465 0.03697183098591555 0.07570422535211271
0 0.9551404782863849 0.5182614980003476 0.050176056338028095 0.07453051643192497
0 0.9159587734741785 0.2195438836724048 0.03697183098591539 0.06514084507042249
0 0.9529376344874804 0.769446617979482 0.04709507042253528 0.08685446009389655
0 0.1510068221830986 0.7718092505651191 0.05545774647887324 0.10328638497652586
0 0.5431790395148669 0.7718054468788037 0.06514084507042266 0.09917840375586856
0 0.4929883118153364 0.9196770126934446 0.04401408450704222 0.0821596244131457
0 0.7245109546165884 0.7659407059641802 0.05633802816901405 0.10328638497652576
0 0.6109530883215962 0.7718005564249695 0.05413732394366204 0.09389671361502352
0 0.4674726745892019 0.7571400625978091 0.062059859154929516 0.10563380281690134
0 0.7561897862871675 0.9073411145887672 0.04005281690140837 0.06924882629107983
0 0.7826147422730828 0.7583208355068682 0.06382042253521136 0.11326291079812217
0 0.6699344067879499 0.7723852373500261 0.057658450704225414 0.09154929577464793
0 0.8380575117370891 0.9114605068683708 0.042253521126760694 0.08157276995305172
0 0.3010914881651017 0.9167427403929752 0.050616197183098656 0.08215962441314559
0 0.33146273474178406 0.7676893149017561 0.05281690140845067 0.09037558685446019
0 0.5383237358176839 0.9091147191792732 0.04533450704225351 0.08333333333333323
0 0.4067252909820031 0.7207404147104851 0.05061619718309858 0.08978873239436622
0 0.691497640356025 0.9120343201182404 0.05237676056338027 0.06748826291079821
0 0.8992367835485132 0.9073661102416971 0.041813380281690134 0.0962441314553991
0 0.4111156959115806 0.16909233176838812 0.0347711267605633 0.08450704225352113
0 0.44633674442488264 0.25359828725439054 0.04885563380281689 0.08333333333333333
0 0.35434302865805944 0.24949193618501125 0.04269366197183102 0.08509389671361504
0 0.3072504034624413 0.25007716049382717 0.046214788732394395 0.08333333333333333
0 0.26235359203834113 0.2365930925056512 0.04269366197183098 0.09800469483568074
0 0.23285406885758997 0.23658928881933577 0.028169014084507064 0.0938967136150235
0 0.48726311864241006 0.17904983915840722 0.03917253521126756 0.06396713615023475
0 0.5352464177425665 0.18843135976351938 0.05061619718309858 0.05516431924882628
0 0.5911409428794993 0.19488404190575553 0.045774647887323834 0.052230046948356826
0 0.6760862920579029 0.18317738219440097 0.04313380281690142 0.08509389671361502
0 0.5656222491197183 0.24715864632237872 0.059419014084507026 0.10035211267605636
0 0.7834644586267607 0.1949057772561294 0.019806338028168904 0.07570422535211269
0 0.7944875415688576 0.28000565119109716 0.04797535211267608 0.08215962441314549
0 0.8442100083137716 0.29172915579899145 0.028609154929577427 0.06748826291079815
0 0.9617306704812206 0.218370174752217 0.03301056338028161 0.06514084507042255
0 0.9546911678403757 0.28880955486002435 0.03697183098591555 0.08333333333333329
0 0.9128805384389671 0.2887997739523561 0.04093309859154933 0.07276995305164315
0 0.8763454861111111 0.29407548687184837 0.036091549295774746 0.06631455399061031
0 0.7293393608176839 0.4243696748391584 0.037411971830985796 0.07981220657277001
0 0.6835662411971831 0.41674763084680927 0.03961267605633796 0.08744131455399064
0 0.6338342991979656 0.5065374500086942 0.04533450704225351 0.08861502347417838
0 0.5048766994327074 0.40384770039993045 0.05061619718309858 0.0991784037558685
0 0.5075178501564945 0.5000885715527734 0.051056338028169064 0.09565727699530513
0 0.5576767899061033 0.4114599634846114 0.026408450704225414 0.08098591549295764
0 0.38956254890453834 0.4977384367936011 0.05457746478873244 0.09272300469483567
0 0.38955857541079814 0.40384280994609634 0.04885563380281697 0.09389671361502347
0 0.3160477186032864 0.4989105155625108 0.03829225352112676 0.09096244131455407
0 0.3600575239632237 0.49597896018083804 0.032130281690140886 0.09389671361502352
0 0.13779954029733957 0.3839006259780907 0.05105633802816904 0.1056338028169015
0 0.08057970217136151 0.4818982568249 0.04885563380281689 0.09800469483568082
0 0.09993703540688575 0.38447389584420105 0.03609154929577464 0.0909624413145539
0 0.1646551618740219 0.6491588419405321 0.061179577464788734 0.10563380281690145
0 0.27996075410798127 0.7442232872543906 0.044894366197183073 0.09917840375586867
0 0.6135957673122066 0.6673453529820902 0.05677816901408453 0.09917840375586845
0 0.7355040835289514 0.6696889671361502 0.04137323943661989 0.09507042253521127
0 0.7777588272691707 0.6620636628412451 0.043133802816901344 0.09917840375586845
0 0.9489754499217528 0.6696905972874283 0.04577464788732392 0.09683098591549298
0 0.3697543769561815 0.9202616936185011 0.051936619718309866 0.07981220657277001
0 0.4287372236893584 0.9138084680925056 0.05765845070422534 0.08215962441314559
