0 0.1483604753521127 0.367499130585985 0.04753521126760564 0.1384976525821597
0 0.4027652459898278 0.35456985741610153 0.05237676056338027 0.11854460093896717
0 0.28921104753521126 0.3663020561641454 0.05545774647887324 0.11326291079812202
0 0.843782399256651 0.5658151843157712 0.04665492957746472 0.09448356807511739
0 0.6589259952073552 0.3422785167796905 0.050616197183098656 0.15375586854460088
0 0.7262660162363067 0.33993001217179614 0.04841549295774649 0.1525821596244131
0 0.795805518877152 0.5675752043122935 0.04445422535211255 0.09389671361502352
0 0.08586200361893584 0.40678414623543735 0.049735915492957763 0.10152582159624404
0 0.173884670872457 0.14269855242566512 0.04181338028169011 0.10035211267605633
0 0.5180836756651017 0.3674980438184663 0.05457746478873236 0.13732394366197184
0 0.3508246527777778 0.36277549556598854 0.046654929577464796 0.10739436619718305
0 0.10434333431142409 0.5893078377673447 0.04313380281690142 0.11443661971830991
0 0.12414722711267606 0.14446183272474353 0.039612676056338024 0.10328638497652581
0 0.03788573454616588 0.5963386802295252 0.04841549295774648 0.10211267605633813
0 0.20778743642410014 0.3762937967310033 0.058978873239436624 0.1296948356807512
0 0.5590149403364632 0.5905184967831681 0.051936619718309866 0.15434272300469476
0 0.46702000195618154 0.3751184576595375 0.044014084507042306 0.12793427230046944
0 0.7412253032081376 0.5728520039993045 0.04049295774647892 0.08861502347417838
0 0.4995959262519562 0.5998967570857243 0.05193661971830979 0.14201877934272297
0 0.07001693319640064 0.15091723178577637 0.04973591549295772 0.10328638497652579
0 0.6928159233176839 0.5957800817249174 0.04929577464788729 0.13262910798122074
0 0.3451061839788732 0.1426876847504782 0.051496478873239424 0.0886150234741784
0 0.6958972148865414 0.13740653799339247 0.049735915492957854 0.08920187793427227
0 0.8354243080007826 0.12861458876717094 0.05325704225352108 0.10093896713615025
0 0.22098249217527385 0.14035330812032687 0.04577464788732392 0.10269953051643194
0 0.40980688820422534 0.14913438967136147 0.051496478873239465 0.07922535211267606
0 0.38472130526212833 0.5951818162058772 0.055017605633802764 0.12030516431924883
0 0.21922376271518 0.5769876977916885 0.04841549295774645 0.11854460093896722
0 0.5889408499608764 0.3481302164840897 0.046654929577464796 0.13556338028169013
0 0.6782860793231612 0.03470266040688576 0.04181338028169006 0.08450704225352113
0 0.62591848836072 0.14913004260128673 0.055017605633802764 0.07453051643192492
0 0.0009053452660406887 0.40796546252825594 0.03609154929577465 0.10974178403755865
0 0.47451156592331767 0.14151614936532778 0.05721830985915493 0.09096244131455399
0 0.5550552009976526 0.13330453399408798 0.05413732394366188 0.09565727699530518
0 0.30064615121283256 0.15089930012171798 0.04313380281690142 0.08392018779342723
0 0.045799711463223786 0.4038504173187272 0.03609154929577464 0.10211267605633807
0 0.16551985524256652 0.5734448356807512 0.03873239436619718 0.09507042253521127
0 0.6140343798904537 0.02943075117370892 0.054577464788732516 0.09507042253521127
0 0.7601663365610329 0.13154179707876895 0.0620598591549296 0.09330985915492955
0 0.2680702269170579 0.14913819335767692 0.035211267605633784 0.08333333333333333
0 0.4450138766627543 0.5846298469831333 0.04533450704225351 0.13262910798122074
0 0.9014497139084509 0.14034081029386192 0.059419014084507026 0.08920187793427233
0 0.8693105682707355 0.3522349374021909 0.04665492957746488 0.13204225352112675
0 0.9247725938967136 0.6039955007824727 0.05281690140845083 0.13204225352112675
0 0.7839198821400626 0.34461615371239784 0.041813380281690134 0.1431924882629108
0 0.9256427890258216 0.34696628847157013 0.03829225352112676 0.1461267605633803
0 0.40541220412754303 0.82114360545992 0.06117957746478879 0.14495305164319253
0 0.4740747872652582 0.8264176882281343 0.0620598591549296 0.13673708920187794
0 0.8275088028169013 0.8293492436098069 0.06338028169014097 0.13380281690140847
0 0.3380669869913928 0.8516187402190923 0.055897887323943685 0.10035211267605641
0 0.5568169869913928 0.8398979525299948 0.05589788732394357 0.11795774647887325
0 0.6373697916666667 0.8070726830116502 0.06602112676056338 0.1596244131455399
0 0.26236245598591545 0.8486855546861415 0.05545774647887324 0.10152582159624414
0 0.06253148229655713 0.8480883759346199 0.04533450704225351 0.09037558685446019
0 0.7425652875586854 0.8252488697617805 0.06866197183098595 0.14201877934272308
0 0.1980951682316119 0.846914123630673 0.04577464788732392 0.08978873239436612
0 0.01499688233568075 0.8463419405320813 0.04621478873239437 0.10563380281690156
0 0.9080597735719875 0.8264084507042253 0.07086267605633796 0.12676056338028172
0 0.0070786262715179975 0.14270996348461137 0.05237676056338029 0.11267605633802813
0 0.7391551129694834 0.020632824726134584 0.22843309859154948 0.10035211267605634
0 0.544495488556338 0.03294970439923492 0.0594190140845071 0.09272300469483567
0 0.48771304039514873 0.03940782037906451 0.05325704225352108 0.09565727699530516
0 0.43092845266040686 0.03295242131803165 0.044014084507042306 0.09565727699530516
0 0.3618327587050078 0.028265193009911323 0.05325704225352115 0.1038732394366197
0 0.017673183196400627 0.061114371413667185 0.09727112676056338 0.08802816901408449
