0 0.0016096536351165984 0.1277272900472489 0.09567901234567901 0.16769547325102885
0 0.09926081318587104 0.12773300563938425 0.15779320987654316 0.17386831275720163
0 0.044787915809327845 0.36942729766803845 0.050154320987654336 0.09259259259259255
0 0.09919061856995884 0.37559585048010974 0.05671296296296296 0.08796296296296297
0 0.16169302983539094 0.38021547782350246 0.060185185185185196 0.07716049382716053
0 0.22419061856995887 0.37867369684499314 0.05671296296296298 0.0787037037037037
0 0.00621945730452675 0.5376286008230453 0.06712962962962964 0.08333333333333333
0 0.08568994341563788 0.5407164494741656 0.06018518518518518 0.0848765432098765
0 0.17094344778806583 0.5360896776406036 0.04745370370370371 0.08796296296296297
0 0.21840760030864198 0.542269185337601 0.0625 0.095164609053498
0 0.025498596107681754 0.6935218526139308 0.05131172839506173 0.11471193415637862
0 0.028969210819615912 0.805650815424478 0.0489969135802469 0.10288065843621397
0 0.07680684156378599 0.6904382906569121 0.04629629629629631 0.11779835390946508
0 0.07565506044238683 0.8066881953970431 0.054398148148148154 0.11213991769547334
0 0.12658098636831278 0.7027768251790886 0.05439814814814813 0.110082304526749
0 0.17982413837448558 0.705346460143271 0.0578703703703704 0.1075102880658436
0 0.12658098636831278 0.8159403101661333 0.05439814814814813 0.10442386831275714
0 0.1763551311728395 0.8144028158817254 0.06250000000000001 0.11059670781893005
0 0.24000691229423868 0.6996975499161714 0.054398148148148175 0.11779835390946508
0 0.23769450874485598 0.8159360234720318 0.05787037037037036 0.09979423868312752
0 0.2820727773491084 0.1564819577808261 0.0736882716049383 0.1116255144032922
0 0.35575863768861454 0.15647957628410303 0.07021604938271603 0.10905349794238685
0 0.42521085176611795 0.15340411141594268 0.08140432098765436 0.12088477366255149
0 0.517032643175583 0.16829989711934157 0.08256172839506183 0.09722222222222225
0 0.598820355366941 0.17138203017832646 0.07908950617283952 0.09259259259259259
0 0.6802147633744856 0.19708219021490625 0.06481481481481476 0.07098765432098768
0 0.7531375921639232 0.2017246799268404 0.07368827160493825 0.08487654320987656
0 0.8291390710733881 0.1986425468678555 0.07137345679012333 0.0895061728395062
0 0.9028289501886145 0.2001800411522634 0.07368827160493825 0.0833333333333333
0 0.2967332711762689 0.2773514898643499 0.07368827160493821 0.095164609053498
0 0.3715805576989026 0.2773529187623837 0.07600308641975309 0.09670781893004117
0 0.4510550625857339 0.2835186137783874 0.07484567901234572 0.08899176954732513
0 0.5328459897976681 0.2866150358177107 0.07600308641975302 0.09979423868312752
0 0.6111654985425241 0.28816396128638927 0.07831790123456778 0.10596707818930037
0 0.6906408071844993 0.2938157293095565 0.07831790123456786 0.09876543209876545
0 0.7712772740912209 0.2953575102880659 0.08371913580246905 0.09722222222222222
0 0.8584632737482853 0.29382382639841487 0.07600308641975302 0.1075102880658436
0 0.9390842013888889 0.3015298734948941 0.059027777777777776 0.09670781893004117
0 0.2944184563614541 0.4697521338210639 0.07368827160493825 0.11008230452674894
0 0.3704218106995884 0.46975784941319926 0.07407407407407413 0.11625514403292185
0 0.4510550625857339 0.47695425621094345 0.07484567901234572 0.11059670781893005
0 0.5316893861454046 0.4800406759640299 0.07716049382716048 0.11059670781893005
0 0.6134714720507545 0.486202084285932 0.06558641975308643 0.09825102880658435
0 0.6848460005144033 0.4800406759640299 0.06712962962962968 0.11059670781893005
0 0.7701137045610424 0.49701979500076204 0.07484567901234572 0.11471193415637862
0 0.8526732896090536 0.49394051973784475 0.0717592592592592 0.1224279835390947
0 0.9298313721707818 0.5026815653101662 0.06828703703703698 0.11831275720164613
0 0.29441711676954735 0.58291990550221 0.0717592592592592 0.10905349794238678
0 0.36810458461934153 0.5890927450083828 0.07060185185185183 0.10905349794238688
0 0.44334196030521267 0.5937233272367017 0.07908950617283952 0.11008230452674889
0 0.5235867305384088 0.5875604900167657 0.07600308641975317 0.12088477366255143
0 0.6053744427297668 0.5968126047858557 0.07253086419753087 0.11316872427983556
0 0.6836939514746228 0.610181851089773 0.07484567901234564 0.1075102880658436
0 0.7620166752400549 0.6132777968297516 0.08179012345679015 0.11779835390946508
0 0.8461175947359396 0.6179007582685565 0.07600308641975317 0.11059670781893005
0 0.9275173611111112 0.6194396814509984 0.06944444444444428 0.10596707818930043
0 0.3773619684499314 0.7418467078189301 0.06790123456790119 0.08333333333333323
0 0.3136914330418381 0.8236268289894833 0.0489969135802469 0.0725308641975309
0 0.3661651234567901 0.8370422763298279 0.055555555555555636 0.11676954732510286
0 0.4228906785836763 0.8385907254991617 0.07368827160493825 0.1224279835390947
0 0.49889135373799726 0.7511069196768786 0.07021604938271603 0.08436213991769545
0 0.5000503686556927 0.8540099641822892 0.07253086419753087 0.10853909465020582
0 0.5783690736454047 0.8524377000457248 0.07368827160493817 0.07716049382716032
0 0.6574548289609055 0.8493541380887061 0.06828703703703698 0.08024691358024677
0 0.728058020404664 0.8508959190672154 0.07021604938271588 0.0787037037037036
0 0.6690318501371743 0.7598451074531322 0.07253086419753087 0.07716049382716053
0 0.8117827824931414 0.8735420477061424 0.07831790123456793 0.09207818930041153
0 0.8912556798696843 0.8766284674592287 0.07484567901234572 0.09207818930041153
0 0.8982065543552812 0.7721684003962811 0.08410493827160492 0.05298353909465016
0 0.7531343771433471 0.7675416285627191 0.06905864197530857 0.05606995884773651
