0 0.3623159400720165 0.5443258459076361 0.06828703703703698 0.09413580246913576
0 0.5941759902263374 0.3957709381191892 0.057870370370370315 0.2103909465020576
0 0.6744392468278464 0.40503924706599603 0.08140432098765445 0.22016460905349794
0 0.897428251457476 0.43278416018899557 0.07445987654321 0.18467078189300407
0 0.2816864390432099 0.4841435185185185 0.07291666666666667 0.09722222222222211
0 0.24657895018861456 0.07529625819234873 0.07368827160493825 0.20884773662551437
0 0.34032278806584365 0.07012841030330742 0.06481481481481484 0.18312757201646096
0 0.5922590342078189 0.07633078036884622 0.07523148148148151 0.2150205761316872
0 0.16054821459190668 0.0819854061880811 0.07831790123456793 0.21090534979423864
0 0.021631194272976682 0.3659264974851395 0.03780864197530864 0.20061728395061726
0 0.09531651877572017 0.39832390260631 0.033564814814814804 0.18981481481481471
0 0.16669292266803842 0.45639527130010665 0.03780864197530865 0.1291152263374485
0 0.1254117905521262 0.4127224317939338 0.03742283950617284 0.18467078189300412
0 0.20797110768175583 0.44818339429964943 0.033950617283950595 0.14917695473251033
0 0.0012672539437585733 0.09945892394452066 0.15817901234567902 0.19341563786008228
0 0.23999512388545952 0.4579613435451913 0.03742283950617282 0.1538065843621399
0 0.5401582861796982 0.3973274843773815 0.05015432098765436 0.2247942386831275
0 0.8318300432956104 0.43114711934156374 0.0574845679012346 0.08333333333333333
0 0.42788199802812066 0.4646681146166743 0.03896604938271611 0.17489711934156377
0 0.2836087534293553 0.5782488378295991 0.06327160493827158 0.06430041152263376
0 0.35228212877229076 0.43168581390032007 0.06404320987654326 0.10956790123456793
0 0.7029840749314129 0.0382987540009145 0.07484567901234572 0.25154320987654316
0 0.7801408179012345 0.04137993446121018 0.0694444444444446 0.24588477366255143
0 0.7604608731995884 0.4281426230757507 0.06365740740740745 0.1718106995884773
0 0.8333879886831276 0.5165642623075751 0.0787037037037038 0.11162551440329217
0 0.916722125771605 0.05783750571559214 0.0798611111111111 0.24228395061728392
0 0.06020742241083675 0.40190805517451605 0.03202160493827161 0.1718106995884773
0 0.6018904320987654 0.7481305250723974 0.055555555555555636 0.20318930041152264
0 0.10768470293209877 0.7213901272671849 0.06597222222222222 0.2124485596707819
0 0.34185260202331963 0.7527382449321749 0.04552469135802472 0.17952674897119356
0 0.28938855667009605 0.7753753238835545 0.05285493827160492 0.18312757201646085
0 0.22303294324417008 0.7825745884773663 0.05632716049382718 0.18055555555555555
0 0.15822804140946503 0.7357934194482548 0.07060185185185185 0.2124485596707819
0 0.5386239176097393 0.716750971650663 0.06288580246913596 0.20216049382716053
0 0.04017168209876543 0.7049239826245999 0.06944444444444445 0.20679012345679015
0 0.3900706768689986 0.7295872389879591 0.035108024691358014 0.1764403292181071
0 0.8669402113340191 0.7620094116750495 0.06057098765432111 0.19238683127572
0 0.6597658929183814 0.7661246380124981 0.06288580246913572 0.1923868312757202
0 0.7230372299382716 0.7573826398414877 0.0625 0.19547325102880656
0 0.7944130979938271 0.7630372656607225 0.06597222222222222 0.19135802469135788
0 0.9344532321673524 0.7414385192805975 0.05709876543209889 0.19804526748971196
0 0.4329207390260631 0.7881611034903215 0.07253086419753087 0.10288065843621397
0 0.002727409122085048 0.716228947568968 0.03858024691358025 0.1939300411522635
0 0.15590036651234568 0.4074497980490779 0.052083333333333356 0.045781893004115184
0 0.29171489197530864 0.3457333104709648 0.06944444444444445 0.058641975308642014
0 0.3005752207647462 0.41053050221002896 0.05054012345679016 0.039609053497942436
