0 0.6188899892410016 0.8387204399234915 0.07482394366197175 0.11384976525821605
0 0.06123704029733959 0.24373587202225697 0.08274647887323942 0.20657276995305163
0 0.5528651946400627 0.28475917231785774 0.06954225352112675 0.14553990610328646
0 0.2526912778755869 0.6655532733437663 0.07262323943661969 0.06514084507042242
0 0.788342686326291 0.12865588593288124 0.07262323943661973 0.1455399061032864
0 0.7918537265258215 0.6508889758302905 0.058098591549295815 0.07276995305164304
0 0.24432096048513302 0.1368685880716397 0.0616197183098592 0.14201877934272303
0 0.31166740023474176 0.29238882368283775 0.06866197183098595 0.1461267605633803
0 0.6316470437206573 0.28651810554686147 0.06470070422535217 0.1437793427230047
0 0.4701196327269171 0.2894523778473309 0.07086267605633796 0.1437793427230047
0 0.4023281616784038 0.29003434185359067 0.05677816901408445 0.13849765258215965
0 0.06869528804773083 0.6696585376456268 0.047975352112676055 0.06220657276995317
0 0.7192301814358372 0.2800545557294383 0.057658450704225414 0.13497652582159628
0 0.2377188478090767 0.2959088636758824 0.061619718309859156 0.14495305164319253
0 0.7205454078638498 0.6532374804381846 0.050176056338028095 0.073943661971831
0 0.45910174589201874 0.8017040514693097 0.05017605633802818 0.06572769953051649
0 0.8961637446205007 0.6673013388975831 0.05325704225352108 0.05164319248826288
0 0.5440596268583724 0.00539906103286385 0.06558098591549305 0.1267605633802817
0 0.25004401408450705 0.5904386193705442 0.06338028169014089 0.06807511737089209
0 0.47319450557511744 0.012448921926621457 0.062059859154929516 0.13497652582159625
0 0.792735230829421 0.49771181098939316 0.059859154929577586 0.06396713615023468
0 0.46790914759389673 0.6708273561119805 0.05677816901408453 0.05692488262910792
0 0.31694756210876374 0.1310005868544601 0.0664612676056337 0.14260563380281688
0 0.16994051985524256 0.1439157320466006 0.0664612676056338 0.14730046948356806
0 0.6193200435250391 0.5816341723178577 0.06029929577464783 0.06631455399061037
0 0.393086732198748 0.663785645974613 0.058978873239436624 0.057511737089201896
0 0.71438251907277 0.5828067944705269 0.04885563380281689 0.06514084507042263
0 0.16421532668231612 0.2994207529125369 0.061619718309859156 0.13497652582159628
0 0.4643919943270735 0.5845630107807338 0.0625 0.06044600938967146
0 0.3305738947574335 0.5904424230568596 0.04049295774647889 0.07218309859154928
0 0.5414151139475744 0.6696514736567554 0.06029929577464791 0.054577464788732336
0 0.3952776555164319 0.5839897409146235 0.04489436619718311 0.07511737089201884
0 0.3952938551447574 0.16266899234915666 0.06822183098591547 0.11913145539906109
0 0.5488895613262911 0.5857410667709964 0.04885563380281689 0.06514084507042263
0 0.6228347515649453 0.6667215484263607 0.05105633802816898 0.05927230046948361
0 0.7848233934859156 0.2841527560424274 0.0752640845070423 0.12441314553990614
0 0.8746044845461659 0.13099515301686665 0.0642605633802816 0.13673708920187794
0 0.8842897227112677 0.2900272778647192 0.06734154929577459 0.1308685446009389
0 0.7157139451291079 0.15093516344983482 0.06470070422535217 0.1226525821596244
0 0.950296789417058 0.6590859198400278 0.04709507042253512 0.052230046948356854
0 0.7325123483959312 0.8369941097200487 0.16989436619718312 0.15082159624413133
0 0.5440602381651017 0.8586403451573639 0.06646126760563378 0.07805164319248818
0 0.38208015453834115 0.8005265388628066 0.05457746478873236 0.06161971830985909
0 0.2583999657668231 0.8011095896365849 0.053697183098591554 0.057511737089201896
0 0.47670921361502355 0.8791677534341854 0.05281690140845059 0.06455399061032854
0 0.31165792498043815 0.8809364675708572 0.05501760563380292 0.07335680751173701
0 0.07222894659624414 0.9448883889758304 0.06602112676056339 0.056924882629108026
0 0.2355178379303599 0.8944259693966268 0.061179577464788755 0.06455399061032854
0 0.3270542962636933 0.7999440314727875 0.04269366197183098 0.06631455399061026
0 0.9137923024256651 0.8293802164840898 0.08626760563380284 0.16725352112676053
0 0.004877616392801251 0.24196552773430707 0.051936619718309866 0.19600938967136147
0 0.3895665223982785 0.01948030777256129 0.06029929577464791 0.12323943661971834
0 0.47759224618544605 0.14918981481481478 0.05677816901408453 0.13908450704225353
0 0.5515334629303599 0.14273169883498524 0.05325704225352123 0.13615023474178403
0 0.6245895075312989 0.19198291601460613 0.04269366197183102 0.08802816901408453
0 0.9560164808294209 0.27126586680577297 0.044014084507042306 0.1502347417840375
0 0.012794649843505477 0.5411455616414538 0.04401408450704226 0.07100938967136143
0 0.09862700508607197 0.5288189010606852 0.05105633802816902 0.06807511737089197
0 0.16025222515649454 0.5305805512084855 0.058978873239436624 0.06924882629107992
0 0.09642691216744913 0.5951291079812207 0.051936619718309866 0.06338028169014091
0 0.16113189553990612 0.6015872239610504 0.05809859154929578 0.06631455399061037
0 0.12636810446009392 0.6679034081029387 0.06866197183098591 0.06807511737089197
0 0.7324273767605634 0.5041693835854635 0.04753521126760568 0.06631455399061037
0 0.7799665615219094 0.579879586158929 0.05325704225352108 0.07276995305164315
0 0.894401652973396 0.5769420535559033 0.051056338028168904 0.06924882629107983
0 0.8552110842136149 0.5857383498521996 0.025088028169014207 0.06220657276995307
0 0.6382485450899843 0.9595412754303599 0.06382042253521136 0.0369718309859155
0 0.5572565165297338 0.9548540471222395 0.05501760563380292 0.045187793427230095
0 0.48330735279733955 0.9501635585115632 0.047095070422535204 0.04988262910798127
0 0.3961716916079813 0.9566129803512433 0.06470070422535201 0.043427230046948276
0 0.4010052939162755 0.8779896974439227 0.05325704225352115 0.059859154929577586
0 0.3094541642214398 0.9613034689619198 0.05061619718309854 0.038732394366197104
0 0.23068331866197186 0.9642350243435923 0.07130281690140844 0.03579812206572776
0 0.14485493691314552 0.942541514519214 0.06998239436619717 0.057511737089201896
0 0.006192537167449139 0.8733079029733959 0.04401408450704225 0.073943661971831
0 0.004875476819248826 0.948987676056338 0.0488556338028169 0.04753521126760558
0 0.008395686619718309 0.6679017779516607 0.04753521126760564 0.06631455399061026
0 0.9362238972026604 0.5288743262041384 0.06382042253521121 0.12793427230046936
