0 0.39701565715020587 0.9074931412894376 0.035879629629629525 0.09259259259259259
0 0.3094446587791495 0.20183899176954734 0.0447530864197531 0.20833333333333334
0 0.20528120713305897 0.2100603947568968 0.04938271604938274 0.198559670781893
0 0.36577262302812075 0.1941319920743789 0.045910493827160476 0.21810699588477367
0 0.8036578896604938 0.20902539628105468 0.04513888888888889 0.19187242798353915
0 0.744246452760631 0.5233710562414267 0.0482253086419754 0.24074074074074073
0 0.6281113361625514 0.5213120141746684 0.035879629629629685 0.23919753086419757
0 0.5285801933299039 0.2280506973022405 0.0443672839506173 0.18364197530864199
0 0.625415541409465 0.19980043057460753 0.04282407407407405 0.2289094650205761
0 0.2554339206104253 0.21878858024691358 0.04706790123456786 0.18055555555555558
0 0.33182361325445814 0.5881344307270232 0.048225308641975315 0.18518518518518529
0 0.4193978266460906 0.2203513183965859 0.04398148148148143 0.20164609053497948
0 0.47611159336419756 0.21007420743789057 0.04513888888888889 0.213477366255144
0 0.5239500278635117 0.5346931679622008 0.04359567901234555 0.2463991769547326
0 0.24038039051783266 0.5773510135650054 0.03665123456790123 0.20576131687242794
0 0.6713204089506172 0.5305460295686633 0.034722222222222224 0.21193415637860086
0 0.2862935635288066 0.59174239826246 0.040509259259259245 0.19290123456790118
0 0.4240271883573388 0.5722179355281207 0.04359567901234571 0.2175925925925927
0 0.47417990183470515 0.5501247904282883 0.04128086419753079 0.24588477366255143
0 0.5760271990740741 0.2372928097850937 0.03472222222222214 0.16512345679012344
0 0.38081570430384093 0.578889936747447 0.04128086419753079 0.2011316872427983
0 0.5764159486454046 0.5305827046181985 0.03896604938271611 0.25154320987654327
0 0.19331141760973936 0.5717016270385612 0.035108024691358014 0.21553497942386837
0 0.1693879136659808 0.24243350861149218 0.029706790123456804 0.16152263374485593
0 0.8025061085390947 0.5172210791037951 0.05324074074074064 0.26543209876543217
0 0.857673986196845 0.20130363130620332 0.05054012345679016 0.18569958847736626
0 0.6771138760288066 0.19928507468373724 0.04398148148148143 0.22788065843621402
0 0.8657860189471879 0.5392885040390184 0.0652006172839508 0.20936213991769556
0 0.9236462084190672 0.18178012117055328 0.05054012345679016 0.21141975308641975
0 0.7419316379458162 0.19104700121932633 0.0482253086419754 0.21965020576131686
0 0.5042700831618656 0.8704932556012802 0.03780864197530865 0.13271604938271597
0 0.45488522376543206 0.922397976680384 0.034722222222222224 0.0787037037037037
0 0.3059694894547325 0.8643123190062489 0.040509259259259245 0.12397119341563788
0 0.263143539951989 0.8673982624599909 0.03780864197530861 0.12345679012345682
0 0.601497931670096 0.8941358024691358 0.045910493827160476 0.11111111111111101
0 0.7075879843964334 0.8730543171772595 0.037808641975308574 0.12088477366255143
0 0.3545768497085048 0.8833390489254687 0.035108024691358014 0.11728395061728412
0 0.22571855709876543 0.8745956218564244 0.034722222222222224 0.1188271604938272
0 0.5559700252914952 0.8936113968907179 0.041280864197530874 0.10030864197530857
0 0.17248022762345677 0.8776744208199969 0.03819444444444445 0.11059670781893005
0 0.9112957068758573 0.860203760859625 0.04359567901234571 0.13117283950617292
0 0.654350458676269 0.8982367398262461 0.04243827160493825 0.09567901234567894
0 0.7619893475651577 0.8874504648681604 0.04243827160493825 0.11316872427983544
0 0.9656871570644718 0.851981881572931 0.033950617283950796 0.14043209876543217
0 0.8727058149005488 0.8601942348727328 0.029706790123456825 0.12088477366255132
0 0.03403635116598079 0.8169414913885078 0.12345679012345681 0.07458847736625523
0 0.04599301268861454 0.9172467992684042 0.11882716049382716 0.07098765432098762
0 0.8279556755829904 0.8478714182289285 0.033950617283950636 0.14557613168724284
