0 0.8731577932098765 0.19403816110349031 0.125 0.11676954732510289
0 0.18100887345679012 0.34849346517299196 0.09722222222222222 0.2618312757201646
0 0.2361746077674897 0.7563319234872734 0.09143518518518516 0.17181069958847736
0 0.15089323988340192 0.7687261850327693 0.06404320987654322 0.22427983539094645
0 0.0749383787722908 0.14155854671543974 0.13348765432098766 0.10545267489711929
0 0.3476846493484225 0.8185647195549459 0.11033950617283948 0.16100823045267493
0 0.5259052962105625 0.44311032998018596 0.08140432098765428 0.22582304526748972
0 0.41672212577160495 0.41585314738606916 0.0798611111111111 0.23251028806584365
0 0.28403581532921807 0.3485353795153178 0.1226851851851852 0.3070987654320987
0 0.3843701774691357 0.1420896204846822 0.1597222222222223 0.12345679012345682
0 0.60421515989369 0.3757211172077427 0.06983024691358024 0.22325102880658435
0 0.7199912658607682 0.573126238378296 0.12075617283950603 0.08744855967078191
0 0.5568045910493827 0.1724065500685871 0.13194444444444453 0.08796296296296299
0 0.23351444615912212 0.13745856195701875 0.1496913580246913 0.12191358024691357
0 0.4032691400891632 0.030453627495808565 0.15200617283950627 0.11213991769547325
0 0.2323680234053498 0.0211862711476909 0.16550925925925927 0.10339506172839508
0 0.6821879822530864 0.4496737349489407 0.12847222222222215 0.09207818930041153
0 0.6910678690843621 0.06127352918762385 0.13773148148148143 0.06430041152263376
0 0.5575611925582991 0.07055565081542448 0.11033950617283944 0.0889917695473251
0 0.7269383894890262 0.16677192882182595 0.12461419753086413 0.11368312757201646
0 0.5656169624485597 0.772271757354062 0.04398148148148151 0.16460905349794244
0 0.517388974622771 0.7805060204237159 0.04012345679012341 0.168724279835391
0 0.469165541409465 0.7954394337753392 0.04282407407407405 0.18569958847736615
0 0.6207808213305898 0.7696887860082305 0.03549382716049389 0.15277777777777768
0 0.7875099129801097 0.9100275301021186 0.12538580246913572 0.051954732510288044
0 0.6493406528635117 0.7804702979728699 0.05054012345679016 0.1301440329218108
0 0.9255918317043896 0.8196078151196463 0.07445987654320985 0.1764403292181071
0 0.7732212898662552 0.8035398567291571 0.10532407407407413 0.04526748971193418
0 0.854265796467764 0.5484767946959305 0.14274691358024683 0.13271604938271597
0 0.11195291066529492 0.030959457399786613 0.10108024691358025 0.10288065843621401
0 0.09610339506172837 0.8206161408321903 0.05555555555555557 0.15432098765432095
