0 0.7082193246283255 0.5352960354720917 0.04709507042253528 0.09154929577464793
0 0.26940715473395926 0.6914042123109025 0.058978873239436624 0.09683098591549287
0 0.8200126540492958 0.28940347330898974 0.043573943661971905 0.09096244131455396
0 0.7025036067097027 0.6984459224482699 0.05589788732394357 0.096244131455399
0 0.6276634634194053 0.5311842505651191 0.03257042253521129 0.08744131455399064
0 0.5717799418035994 0.4384688532429143 0.05325704225352115 0.09565727699530518
0 0.7654397740610327 0.28823302469135803 0.050176056338028255 0.09448356807511739
0 0.4120140111502347 0.1914009520083464 0.06073943661971831 0.09330985915492952
0 0.4547036996283255 0.6890605981568423 0.055017605633802764 0.10093896713615017
0 0.39616588419405324 0.6960974178403756 0.05633802816901405 0.09507042253521127
0 0.545809492370892 0.29585180838115105 0.050176056338028095 0.08333333333333333
0 0.5180812304381847 0.5288455268648932 0.05105633802816898 0.09683098591549287
0 0.757506540982003 0.5405695748565468 0.034771126760563535 0.08274647887323935
0 0.6008280149647887 0.2993696748391584 0.051496478873239465 0.07981220657276995
0 0.711746258802817 0.2917449139280125 0.05545774647887324 0.08450704225352113
0 0.5207202415884193 0.4367072030951139 0.04841549295774649 0.09448356807511733
0 0.6540820006846636 0.2987866240653799 0.047095070422535204 0.08392018779342726
0 0.40628576144366196 0.5259134280994611 0.051496478873239465 0.09917840375586845
0 0.1703684345657277 0.41909450530342546 0.04885563380281691 0.08685446009389676
0 0.33278804773082943 0.6955132802990786 0.05985915492957747 0.09800469483568072
0 0.15583828491784035 0.6937364154060163 0.04093309859154933 0.08039906103286387
0 0.5132467111697966 0.6855497956877065 0.06117957746478871 0.11208920187793422
0 0.28041740023474176 0.2641703616762302 0.06866197183098595 0.09272300469483567
0 0.6232657228090767 0.4419856329334029 0.03785211267605643 0.09096244131455396
0 0.48155534771126757 0.28939151886628417 0.059419014084507026 0.07805164319248824
0 0.4133362676056338 0.2858758259433142 0.06338028169014089 0.08392018779342726
0 0.6474737749413145 0.22775930272996003 0.03829225352112676 0.0645539906103286
0 0.34378912363067293 0.5223884976525822 0.05633802816901405 0.09507042253521127
0 0.660245195129108 0.5358796296296298 0.04885563380281697 0.0880281690140845
0 0.03172254010172144 0.18904538341158061 0.046654929577464796 0.0845070422535211
0 0.02159838370500782 0.6579437271778821 0.04533450704225352 0.08626760563380279
0 0.5999391749804381 0.2207224830464267 0.03917253521126764 0.07042253521126758
0 0.2905274965766823 0.5212120718135976 0.049735915492957736 0.09213615023474181
0 0.6624367297535211 0.44608002956007653 0.03565140845070426 0.07629107981220663
0 0.46482602210485136 0.5288466136324118 0.053697183098591554 0.09800469483568072
0 0.21746595021517995 0.4308272474352286 0.05237676056338027 0.08215962441314559
0 0.0141184345657277 0.755374065379934 0.0488556338028169 0.09976525821596233
0 0.47713926789906097 0.20077703877586506 0.03829225352112676 0.07863849765258214
0 0.8090024085485132 0.4484220135628586 0.03389084507042257 0.07042253521126772
0 0.805491979655712 0.5423361154581813 0.04929577464788745 0.08920187793427224
0 0.8389338199334899 0.4490050643366371 0.03653169014084499 0.06631455399061037
0 0.8314654856220656 0.702556620587724 0.05677816901408461 0.09917840375586845
0 0.6989867590962442 0.7958681098939315 0.062059859154929675 0.10093896713615017
0 0.26544405320813774 0.797622152669101 0.056338028169014086 0.09389671361502352
0 0.5141279098200313 0.8023207920361676 0.0625 0.09800469483568072
0 0.163772434956964 0.934922730829421 0.05765845070422536 0.06866197183098595
0 0.20426447574334897 0.7946835332985568 0.056338028169014086 0.08920187793427235
0 0.6364879817097027 0.8023175317336115 0.06382042253521121 0.09448356807511739
0 0.3891266872065728 0.800561858807164 0.06073943661971831 0.09976525821596233
0 0.1012706010367762 0.9407896452790818 0.05501760563380282 0.06690140845070434
0 0.3279458871283255 0.7993805425143453 0.058978873239436624 0.09154929577464783
0 0.07001448796948358 0.7377689749608763 0.04621478873239437 0.10035211267605641
0 0.5770634658646323 0.7988029255781603 0.05589788732394364 0.10152582159624404
0 0.7667608079029733 0.8017252434359241 0.05105633802816922 0.08861502347417848
0 0.4533848053599374 0.7923573074247957 0.05721830985915493 0.11208920187793422
0 0.03348982785602504 0.9366778603721092 0.056338028169014086 0.06279342723004704
0 0.23022667253521129 0.9249451182403061 0.047535211267605605 0.067488262910798
0 0.8266196571791862 0.8081779255781604 0.050616197183098656 0.08568075117370902
0 0.018514646909233178 0.28234926534515736 0.04137323943661971 0.07805164319248824
0 0.0590033255086072 0.2788330290384281 0.0352112676056338 0.08333333333333329
0 0.09377873141627542 0.27472776473656757 0.04137323943661971 0.08626760563380279
0 0.14132983665884194 0.2676925752043123 0.06426056338028172 0.09389671361502347
0 0.2104301154147105 0.2671068075117371 0.061619718309859156 0.09507042253521121
0 0.1127066216744914 0.18963169448791514 0.044014084507042264 0.08392018779342723
0 0.18577091891627542 0.2054561163275952 0.04533450704225351 0.06161971830985917
0 0.23595217136150234 0.209558663710659 0.05281690140845071 0.05575117370892018
0 0.30945294160798126 0.21190879846983132 0.04885563380281685 0.058685446009389686
0 0.3833837661384976 0.20430359937402193 0.030369718309859194 0.08450704225352115
0 0.3640310177034429 0.2899789167101374 0.049735915492957694 0.07863849765258211
0 0.7139393216940533 0.21485339506172837 0.04445422535211255 0.06983568075117366
0 0.755306753716745 0.2224759824378369 0.036091549295774586 0.062793427230047
0 0.8019610719874806 0.23947900365153885 0.035211267605633784 0.045774647887323966
0 0.8675414465962441 0.29174002347417843 0.034330985915492974 0.07922535211267609
0 0.0013494596048513302 0.42321389758302896 0.04181338028169014 0.09917840375586862
0 0.0009035113458528951 0.5223792601286733 0.03345070422535212 0.08509389671361504
0 0.053737529342723 0.42731535819857414 0.05809859154929579 0.09213615023474185
0 0.03436888693270736 0.5130004564423579 0.0545774647887324 0.09683098591549287
0 0.09026127249608765 0.5118310945922449 0.04665492957746478 0.10152582159624414
0 0.1536436937597809 0.5112480438184662 0.049735915492957736 0.10563380281690156
0 0.21262654049295773 0.530013258563728 0.05545774647887324 0.0903755868544601
0 0.35302168916275434 0.4378695009563554 0.04137323943661969 0.08215962441314559
0 0.3943934003325508 0.43728916710137367 0.03917253521126764 0.08920187793427235
0 0.4344480511541471 0.43376858372456967 0.041813380281690134 0.08978873239436616
0 0.47538267801251954 0.43728916710137367 0.044014084507042306 0.08920187793427235
0 0.7685158695226917 0.4455034993914102 0.0431338028169015 0.08744131455399058
0 0.5713388839984351 0.5317770822465657 0.05193661971830971 0.09389671361502352
0 0.7680873435054774 0.7019686793601113 0.05985915492957743 0.09800469483568082
0 0.6395683563184664 0.7013888888888888 0.06294014084507041 0.10563380281690145
0 0.5801472026604069 0.6984459224482699 0.0598591549295775 0.096244131455399
0 0.19942598298122066 0.6896441923143801 0.06073943661971827 0.09741784037558684
0 0.12017984643974962 0.748328551556251 0.030809859154929578 0.0962441314553991
0 0.15100132042253522 0.7782592157885585 0.04753521126760564 0.09741784037558684
0 0.19766450264084506 0.7900001086767519 0.059419014084507026 0.10152582159624414
0 0.8296978922143975 0.92905581637976 0.04665492957746472 0.07042253521126766
0 0.7707220755086073 0.942541514519214 0.051056338028169064 0.057511737089201896
0 0.7042592796361502 0.942541514519214 0.04885563380281697 0.057511737089201896
0 0.5792660040101721 0.9478177708224658 0.058538732394366216 0.05164319248826288
0 0.4472225278755869 0.9372630846809249 0.05677816901408445 0.061032863849765216
