0 0.3650990762174211 0.1441743827160494 0.1871141975308642 0.15277777777777782
0 0.365095057441701 0.310853433165676 0.18132716049382713 0.1661522633744856
0 0.3581696352023319 0.4770047439414723 0.2087191358024692 0.16512345679012339
0 0.3604812349965707 0.6498718754762993 0.20408950617283944 0.1949588477366256
0 0.5510598851165981 0.14574140755982318 0.1929012345679012 0.1784979423868313
0 0.5556846922153635 0.3257868465172992 0.18595679012345684 0.1831275720164609
0 0.564551183127572 0.5196887860082305 0.17592592592592596 0.15277777777777768
0 0.5738230345507545 0.6781392889803384 0.19405864197530873 0.16820987654320985
0 0.7462695044581619 0.15962600975461058 0.1836419753086419 0.17386831275720163
0 0.7474223572530864 0.32887469516841944 0.17708333333333334 0.18467078189300412
0 0.7485805684156378 0.518147005029721 0.17824074074074064 0.15432098765432095
0 0.7690256880144032 0.6770985749123609 0.17476851851851857 0.15534979423868306
0 0.771346664951989 0.8463358291418991 0.1836419753086419 0.1538065843621399
0 0.5772923096707818 0.8581561499771377 0.18981481481481477 0.14197530864197525
0 0.17219784164951987 0.18841830513641214 0.18711419753086425 0.15843621399176955
0 0.1560021754972565 0.34531750114311843 0.19868827160493827 0.16512345679012344
0 0.14828746570644716 0.5166037951531779 0.20061728395061731 0.15432098765432095
0 0.14714131087105625 0.669391098917848 0.21682098765432103 0.16460905349794233
0 0.14366587362825786 0.8355366941015089 0.21219135802469144 0.1574074074074074
0 0.3628000685871056 0.8555841335162323 0.2098765432098766 0.14197530864197536
0 0.0016519847393689985 0.12924954275262918 0.1566358024691358 0.14506172839506173
0 0.0028158221879286695 0.2969788332571255 0.16589506172839505 0.18158436213991763
0 0.000876361025377229 0.4878138812680994 0.15084876543209877 0.17232510288065853
0 0.0008715384945130316 0.663215877914952 0.14390432098765432 0.16203703703703703
0 0.0008715384945130316 0.8283431450998323 0.14390432098765432 0.1661522633744856
