0 0.24260043769561815 0.7548573074247957 0.11927816901408449 0.17546948356807504
0 0.15189107736697965 0.5429648104677448 0.06117957746478871 0.13438967136150223
0 0.3658056411384977 0.24366034167970785 0.06998239436619716 0.125
0 0.20471134096244134 0.0006710789427925579 0.06602112676056338 0.090962441314554
0 0.5691378741197183 0.25772093983655014 0.05149647887323938 0.0991784037558685
0 0.6932600376564945 0.25595874630499044 0.055017605633802764 0.09741784037558684
0 0.21922315140845072 0.4267263302034429 0.047535211267605605 0.08978873239436616
0 0.17873814064945226 0.24542416536254566 0.058978873239436624 0.12852112676056338
0 0.33630122750391234 0.5194585724221875 0.048415492957746525 0.09976525821596233
0 0.11096072965571206 0.24835572074421844 0.06514084507042252 0.12558685446009388
0 0.2694053208137715 0.4226194357503043 0.056338028169014086 0.09096244131455401
0 0.10567048122065727 0.4367158972352634 0.05281690140845073 0.10387323943661979
0 0.16420951926838812 0.43201562771691887 0.05325704225352111 0.09800469483568072
0 0.06738739730046948 0.5499994566162407 0.06602112676056338 0.12617370892018773
0 0.5739846195226918 0.5564418144670492 0.058978873239436624 0.11208920187793422
0 0.0471366392801252 0.24718907581290214 0.059859154929577454 0.1332159624413145
0 0.5819037925469485 0.7313809554860023 0.054137323943661955 0.17312206572769967
0 0.640004218016432 0.11331561902277863 0.05677816901408445 0.05692488262910801
0 0.48727931827073556 0.2430713136845766 0.0625 0.12265258215962437
0 0.5255620965375587 0.4637052251782299 0.04885563380281681 0.09741784037558684
0 0.6294393094679187 0.2565472309163624 0.05457746478873236 0.09917840375586856
0 0.5836603824334898 0.10158831072856893 0.04841549295774649 0.06748826291079814
0 0.8935232052034429 0.6139644192314381 0.05369718309859163 0.12382629107981205
0 0.7509090131064162 0.25654071031125025 0.04137323943661989 0.09213615023474175
0 0.5814529538341158 0.4308359415753782 0.038732394366197236 0.09154929577464793
0 0.0814633460485133 0.09455964180142586 0.05369718309859155 0.08215962441314553
0 0.5167611135563379 0.5711066553642845 0.051496478873239465 0.10504694835680747
0 0.3983571131651017 0.5176833376804033 0.04269366197183102 0.0839201877934273
0 0.301106159526604 0.2489404016692749 0.07174295774647893 0.12323943661971828
0 0.22318961512128324 0.09806935750304295 0.05501760563380284 0.0698356807511737
0 0.44853102992957744 0.030578377673448096 0.039612676056338045 0.06690140845070423
0 0.38076064896322376 0.09161939227960356 0.05589788732394364 0.07570422535211267
0 0.9674540297339594 0.32054153625456444 0.035211267605633784 0.12852112676056338
0 0.00048690580985915493 0.3235312336984872 0.06734154929577466 0.18838028169014084
0 0.7104185005868545 0.11742360024343593 0.04489436619718311 0.05692488262910797
0 0.4375290370696401 0.2512796687532603 0.041813380281690134 0.11443661971830982
0 0.9177248386150235 0.3217054642670839 0.04489436619718311 0.11795774647887329
0 0.7535581108176839 0.11684054946965745 0.05325704225352108 0.06103286384976527
0 0.9529358005672927 0.5024370761606677 0.04445422535211271 0.09683098591549287
0 0.09382702464788734 0.764838723700226 0.11091549295774648 0.18075117370892027
0 0.6448793891823161 0.7272756911841418 0.10519366197183101 0.176056338028169
0 0.9208214128521128 0.8498842592592594 0.06734154929577459 0.12852112676056343
0 0.8209121919014084 0.8762590201704051 0.07130281690140852 0.09213615023474181
0 0.011928122554773083 0.08693433750652062 0.06382042253521125 0.0862676056338028
0 0.07617982198748044 0.0071248478525473835 0.05105633802816904 0.08920187793427231
0 0.13120812548904537 0.005950595548600243 0.06646126760563383 0.08861502347417842
0 0.13120629156885757 0.09455149104503566 0.06382042253521128 0.07335680751173708
0 0.19588376613849767 0.09337995565988524 0.030369718309859156 0.07570422535211267
0 0.2839186595266041 0.0904532907320466 0.040052816901408446 0.08392018779342723
0 0.3231028095657277 0.0904543774995653 0.05677816901408453 0.08509389671361502
0 0.28876815580985915 0.008878347243957575 0.051496478873239424 0.08157276995305164
0 0.3424662558685446 0.013566662319596592 0.05281690140845071 0.07453051643192488
0 0.3952837685837246 0.018839658320292125 0.053697183098591554 0.06514084507042253
0 0.445007457942097 0.10217679533994087 0.03609154929577466 0.06924882629107981
0 0.4815470950704225 0.09983263780212137 0.04753521126760568 0.07276995305164319
0 0.5048782276995306 0.03878999304468787 0.05281690140845067 0.06220657276995307
0 0.5339229386737089 0.09749228395061729 0.046214788732394395 0.08039906103286386
0 0.5792641700899843 0.09455638149886976 0.055897887323943726 0.07863849765258214
0 0.6131498190532082 0.038791623195965914 0.04841549295774649 0.06396713615023475
0 0.6769787998826291 0.04349406624934795 0.06073943661971823 0.0721830985915493
0 0.7553183685446011 0.03468961919666144 0.05281690140845067 0.07042253521126761
0 0.9058431753716745 0.5053735219961747 0.04797535211267608 0.09917840375586845
0 0.9410593334311425 0.11044437923839331 0.05501760563380284 0.125
0 0.24387745745305164 0.2512785819857416 0.056778169014084494 0.11326291079812208
0 0.3296948356807512 0.41674002347417843 0.042253521126760535 0.07922535211267603
0 0.4304877005086072 0.41382096591897066 0.04313380281690142 0.09565727699530513
0 0.49033585191705786 0.43613936706659717 0.02728873239436622 0.11502347417840374
0 0.6496934296752739 0.5417226351938793 0.06558098591549298 0.06044600938967135
0 0.6505648474178405 0.6074497913406365 0.05281690140845075 0.05985915492957748
0 0.7240677572378718 0.5458300730307772 0.05193661971830971 0.05985915492957737
0 0.7099902802230046 0.6174181664058425 0.0620598591549296 0.05105633802816901
0 0.4502946498435054 0.5171095244305338 0.044014084507042306 0.09800469483568082
0 0.278648584213615 0.52534070161711 0.05677816901408457 0.11443661971830991
0 0.2201086292057903 0.5523414406190227 0.055017605633802764 0.12030516431924883
0 0.0057701242175273865 0.6527522387410885 0.06954225352112675 0.18368544600938974
0 0.3922354875782473 0.8082192227438706 0.10079225352112675 0.13028169014084515
0 0.957775821596244 0.6186728395061728 0.042253521126760694 0.13849765258215965
