0 0.44154226574726135 0.7824421839680056 0.11663732394366196 0.17840375586854448
0 0.13958425029342722 0.30706018518518524 0.08582746478873242 0.14612676056338023
0 0.24960815238654147 0.2947389584420101 0.06954225352112675 0.14906103286384983
0 0.585485438673709 0.3915264736567553 0.14128521126760551 0.10211267605633802
0 0.7359839593114241 0.5951682316118936 0.09859154929577459 0.10563380281690134
0 0.4529721733176839 0.29359948269866115 0.09683098591549298 0.18603286384976522
0 0.851737028071205 0.4842500217353504 0.0928697183098592 0.10269953051643199
0 0.5815235597613457 0.29174871761432797 0.14040492957746487 0.08861502347417838
0 0.4212554406298905 0.5335724221874457 0.05853873239436614 0.1314553990610328
0 0.6220070422535211 0.04182479134063641 0.12676056338028177 0.17077464788732397
0 0.49653816999217526 0.5564668101199792 0.08538732394366204 0.1390845070422535
0 0.8530510318857591 0.6092391540601635 0.08362676056338027 0.09096244131455396
0 0.7751592454029733 0.17146257172665624 0.10255281690140852 0.10915492957746477
0 0.5291021738067292 0.07230209963484611 0.07614436619718311 0.12852112676056338
0 0.3138895001956181 0.29299360980699013 0.09947183098591551 0.16549295774647887
0 0.35394170579029727 0.05003423317683881 0.09859154929577471 0.1637323943661972
0 0.26154819542253527 0.5975031516258043 0.15052816901408445 0.09213615023474181
0 0.22982443270735525 0.07171633194227092 0.102112676056338 0.12969483568075116
0 0.12505807413928013 0.09457539993044689 0.08362676056338027 0.09917840375586852
0 0.9454555457746479 0.48775702051817077 0.04753521126760568 0.08744131455399053
0 0.0004896566901408452 0.3510362328290732 0.07130281690140845 0.10504694835680753
0 0.6241866563967136 0.5875510780733786 0.09639084507042266 0.11854460093896711
0 0.1589464739827856 0.5312353286384977 0.08010563380281689 0.14260563380281693
0 0.8895906690140846 0.17263302034428793 0.09507042253521121 0.10563380281690145
0 0.8763861380086071 0.30993740219092325 0.09463028169014097 0.08450704225352113
0 0.7425808758802818 0.47954594853069027 0.09110915492957743 0.09272300469483567
0 0.748317683881064 0.28707072683011653 0.11267605633802825 0.10680751173708919
0 0.5709378667840375 0.7637073987132673 0.10827464788732408 0.22652582159624415
0 0.7104548733372458 0.9243566336289342 0.09727112676056338 0.0657276995305164
0 0.716613177327856 0.8011356720570336 0.0919894366197184 0.08568075117370892
0 0.8151976965962441 0.9184902625630326 0.0818661971830985 0.06807511737089197
0 0.20518113018388107 0.8609970005216485 0.10871478873239436 0.0880281690140845
0 0.3341372016823161 0.8011949008868022 0.10123239436619724 0.1496478873239436
0 0.9243498752934272 0.9255292557816032 0.07790492957746473 0.06455399061032865
0 0.8160795065532082 0.8210724221874457 0.08406690140845068 0.06807511737089197
0 0.9085112235915493 0.7823541557989915 0.08714788732394364 0.08333333333333333
0 0.003576144366197183 0.729011802295253 0.07922535211267606 0.1496478873239436
0 0.007970828442879498 0.5107220483394191 0.06954225352112675 0.17136150234741795
0 0.1677355364827856 0.7366083072509129 0.06029929577464789 0.11443661971830991
0 0.2434477088223787 0.7483182272648234 0.07174295774647893 0.08509389671361504
0 0.9489742273082942 0.6062961876195443 0.044014084507042306 0.08157276995305184
