0 0.8364749442729769 0.4245203665599756 0.07947530864197525 0.14866255144032925
0 0.8121651020233197 0.10664437585733882 0.07330246913580238 0.17592592592592593
0 0.6852299275548698 0.7763865073921659 0.06442901234567905 0.16409465020576128
0 0.5478909465020576 0.08347622313671696 0.07407407407407404 0.154320987654321
0 0.03515973293895747 0.08300087639079409 0.07445987654320987 0.19650205761316872
0 0.21763304826817556 0.12719097698521564 0.058256172839506154 0.1440329218106996
0 0.2187976894718793 0.4317191548544429 0.06867283950617285 0.14557613168724284
0 0.7199612590020577 0.10817329675354366 0.0775462962962962 0.1604938271604939
0 0.37273850094307265 0.4204008535284256 0.07677469135802475 0.14403292181069957
0 0.13353346836419755 0.43993484224965707 0.06597222222222222 0.12962962962962962
0 0.11925824116941014 0.08606538637402834 0.06520061728395062 0.17283950617283952
0 0.05944760588134431 0.45485539551897575 0.048996913580246916 0.13271604938271608
0 0.4521988061556927 0.09532940862673372 0.055169753086419686 0.1779835390946502
0 0.30211494770233194 0.4276015470202713 0.04552469135802472 0.14300411522633752
0 0.7631639017489712 0.4131992074378906 0.06712962962962968 0.14403292181069963
0 0.9078559027777777 0.09577808260935833 0.09027777777777778 0.10699588477366255
0 0.9329113618827161 0.42810356652949244 0.059027777777777776 0.12962962962962957
0 0.6987198859739369 0.42501571787837217 0.0455246913580246 0.12808641975308652
0 0.6674680105452674 0.0901687052278616 0.042824074074074125 0.15997942386831276
0 0.5741298010973936 0.761478337905807 0.08024691358024698 0.17438271604938274
0 0.48732987182784643 0.7619927411979882 0.08834876543209873 0.17438271604938266
0 0.409383573388203 0.7614740512117055 0.06790123456790119 0.16975308641975312
0 0.7658669302983541 0.7619894071025759 0.0706018518518519 0.17078189300411514
0 0.8519089184670782 0.7465268251790885 0.08217592592592587 0.13786008230452676
0 0.28901963305898487 0.08967144871208656 0.07716049382716048 0.1784979423868313
0 0.0015724129801097395 0.4240112025605853 0.04205246913580247 0.154320987654321
0 0.49427056541495196 0.4152549154092364 0.08294753086419754 0.14197530864197536
0 0.6030620391803841 0.43479700121932635 0.07600308641975309 0.1363168724279835
0 0.30598851165980795 0.7783702941624754 0.06790123456790127 0.08436213991769534
0 0.22999024777091906 0.7809513603109283 0.07484567901234572 0.09413580246913576
0 0.1686382780349794 0.7737397119341564 0.06134259259259258 0.08333333333333333
0 0.05870332861796982 0.8025458199969516 0.08834876543209876 0.08281893004115227
0 0.010835691015089164 0.7449836153025454 0.047839506172839504 0.13786008230452676
