0 0.22226937585733883 0.273850689681451 0.06790123456790123 0.20318930041152264
0 0.5764397933813442 0.3375890679774425 0.07330246913580254 0.15174897119341565
0 0.30134843321330584 0.31388412589544273 0.05285493827160496 0.10596707818930043
0 0.654763052983539 0.3350265775034293 0.08101851851851849 0.16203703703703703
0 0.8673651298868312 0.7459705075445816 0.1168981481481481 0.09259259259259259
0 0.12312055255486969 0.11179174287456181 0.07137345679012345 0.1795267489711934
0 0.09958177940672154 0.2856695816186557 0.06442901234567901 0.18981481481481488
0 0.19988934970850478 0.14160617664990097 0.06288580246913579 0.15689300411522628
0 0.2670187114197531 0.14263260173754003 0.0625 0.15432098765432103
0 0.21731636874142662 0.5592821216278006 0.15779320987654322 0.13580246913580254
0 0.16978684413580247 0.2810404282883707 0.04861111111111111 0.19032921810699588
0 0.4911924511316872 0.5664785284255449 0.09490740740740738 0.1301440329218108
0 0.39242166066529494 0.5608267604023777 0.08719135802469134 0.1373456790123457
0 0.7106837812928669 0.559269261545496 0.051311728395061665 0.12191358024691365
0 0.8554199888545954 0.5819072930955648 0.13811728395061731 0.12654320987654316
0 0.8376334233539094 0.28825350556317636 0.08101851851851857 0.20267489711934153
0 0.7392567408264745 0.31856948254839207 0.08526234567901238 0.1661522633744856
0 0.9259744191529492 0.36895385611949394 0.06983024691358032 0.1368312757201646
0 0.4329582475994513 0.7557451226947112 0.12654320987654324 0.09362139917695482
0 0.8947455847050754 0.843711896052431 0.10030864197530873 0.09773662551440318
0 0.7678058556241427 0.5592821216278006 0.0848765432098765 0.13580246913580254
0 0.604240076303155 0.5603142623075751 0.10570987654320992 0.13940329218106995
0 0.04601444615912209 0.5587553345526597 0.14969135802469136 0.1224279835390946
0 0.11968396347736626 0.7614078456028044 0.12268518518518516 0.09825102880658444
0 0.2605104381001372 0.7598522519433014 0.13503086419753088 0.08487654320987661
0 0.5714728545096022 0.7644914075598233 0.14313271604938277 0.095164609053498
0 0.7146069101508917 0.7629682022557538 0.14506172839506173 0.11676954732510286
0 0.9117104445301784 0.23366388507849412 0.08526234567901222 0.13477366255144035
0 0.814143411351166 0.1940267299192196 0.14429012345679015 0.10442386831275717
0 0.36423557527434847 0.32724336991312303 0.05478395061728389 0.08950617283950614
0 0.43715036651234573 0.33649405578417924 0.052083333333333336 0.08024691358024694
0 0.5004230431241427 0.3411165409236397 0.05362654320987659 0.07253086419753085
