0 0.7735824438443073 0.09846060051821369 0.06983024691358032 0.22633744855967078
0 0.258162669324417 0.0804550563938424 0.08757716049382715 0.2247942386831276
0 0.17521004801097395 0.08816300868770005 0.08024691358024695 0.21604938271604943
0 0.08532048396776407 0.0907307384545039 0.08371913580246913 0.21141975308641978
0 0.3573093492798354 0.08816015089163237 0.08101851851851849 0.21296296296296297
0 0.205681209276406 0.37927431031854897 0.06983024691358028 0.17181069958847742
0 0.38815907921810705 0.38184061118731905 0.06018518518518516 0.1656378600823045
0 0.13314659422153635 0.37924620865721687 0.06442901234567901 0.14146090534979433
0 0.5366930298353909 0.4291271338210639 0.06018518518518524 0.12397119341563788
0 0.460311106824417 0.37619360615759795 0.07021604938271603 0.1779835390946502
0 0.05329003772290809 0.37925049535131833 0.07098765432098765 0.14609053497942398
0 0.6775168252743484 0.1261955113549764 0.06867283950617294 0.18004115226337447
0 0.008536415466392317 0.10666676192653558 0.07021604938271606 0.20010288065843618
0 0.27745654363854594 0.3736225422953818 0.09297839506172838 0.17901234567901234
0 0.5405550733024691 0.1051249809480262 0.06597222222222222 0.20164609053497942
0 0.6778911072530864 0.4162880086877 0.052083333333333336 0.14660493827160503
0 0.8387688614540467 0.40446911675049535 0.0493827160493827 0.15997942386831276
0 0.6015145426097395 0.393683794391099 0.06983024691358015 0.17849794238683117
0 0.4606910150891633 0.10152225270538028 0.06172839506172841 0.19958847736625512
0 0.08645618998628257 0.6281964449016919 0.05246913580246914 0.11882716049382709
0 0.5798954046639233 0.6487687661941777 0.0493827160493827 0.11471193415637862
0 0.8167775848765432 0.6405602232891328 0.04861111111111111 0.13837448559670784
0 0.7099081575788752 0.6431279530559366 0.045524691358024685 0.1337448559670782
0 0.5181712962962963 0.6343588058222832 0.05555555555555555 0.1075102880658437
0 0.017405585562414266 0.6209981329065691 0.06404320987654322 0.1224279835390947
0 0.001957679612482853 0.3787399024538943 0.04128086419753086 0.15020576131687238
0 0.8997294024348423 0.40703589391861 0.05478395061728381 0.15432098765432095
0 0.8526703425068588 0.12211029187623837 0.0675154320987654 0.21244855967078194
0 0.9305890453532236 0.13547001219326324 0.04822530864197524 0.1965020576131687
0 0.6485709233539094 0.6457028273129097 0.05324074074074087 0.13683127572016454
0 0.7415479788237312 0.40909588858405727 0.05131172839506175 0.15689300411522644
0 0.8727213541666666 0.6487821025758269 0.052083333333333176 0.12911522633744857
0 0.9533433534807957 0.6436080627953056 0.03665123456790127 0.09670781893004117
0 0.12585519547325102 0.8565567367779302 0.12037037037037038 0.0812757201646091
0 0.5305150998799726 0.8555369798811157 0.05285493827160492 0.09104938271604952
0 0.6030523941186557 0.8514260402377687 0.062114197530864126 0.09567901234567894
0 0.4529714827674897 0.8863725994513031 0.05671296296296294 0.06018518518518529
0 0.30327530221193416 0.8945940024386527 0.04976851851851849 0.050411522633744765
0 0.7596780156893004 0.6467140108215211 0.04745370370370365 0.11779835390946497
0 0.8006044238683128 0.8807132106386222 0.09259259259259255 0.05915637860082307
0 0.691407857510288 0.8652939719554946 0.07175925925925929 0.07304526748971185
0 0.15359278549382716 0.6282093049839963 0.0625 0.13271604938271608
0 0.222265625 0.6297520385611949 0.0625 0.13220164609053503
0 0.2986582647462277 0.6261374028349337 0.06790123456790127 0.11728395061728403
0 0.34992283950617287 0.8034979423868313 0.0 0.0
0 0.4013130679869685 0.6857395976223136 0.11304012345679015 0.043209876543209944
