0 0.2958898792057903 0.0847537384802643 0.16593309859154928 0.2664319248826291
0 0.4661874021909233 0.02140986350199965 0.11267605633802817 0.30575117370892024
0 0.5832676178599374 0.015561967483915841 0.11663732394366204 0.32805164319248825
0 0.7122771786971831 0.01084213615023474 0.1861795774647888 0.301056338028169
0 0.013706108176838809 0.4339500739001913 0.08890845070422536 0.2857981220657277
0 0.23250012226134587 0.42333072509128844 0.15228873239436622 0.22535211267605634
0 0.15234130477308294 0.5541465614675708 0.07570422535211271 0.16842723004694837
0 0.3940302841353677 0.4204257955138237 0.15008802816901404 0.2570422535211267
0 0.552906457844288 0.41688293340288646 0.12896126760563378 0.2335680751173708
0 0.6928568808685447 0.41401658407233527 0.10827464788732391 0.30692488262910794
0 0.008027374315336462 0.7408456138062945 0.15096830985915494 0.2541079812206573
0 0.15810684419014084 0.7601938793253347 0.13864436619718312 0.23474178403755874
0 0.3046584629303599 0.7631303251608416 0.11663732394366204 0.23708920187793422
0 0.4525589299687012 0.7678159233176838 0.13556338028169013 0.22711267605633811
0 0.6004413634585289 0.7554936098069902 0.12852112676056338 0.22887323943661952
