0 0.6483882898082941 0.12005683794122761 0.08758802816901413 0.3656103286384976
0 0.5374813551447575 0.17048285080855505 0.09991197183098603 0.3186619718309858
0 0.5343960900821596 0.5807332420448618 0.09375 0.3609154929577465
0 0.24345810103677618 0.5848385063467223 0.08670774647887325 0.35798122065727705
0 0.754909404342723 0.19628868892366544 0.09771126760563394 0.3016431924882629
0 0.6351914001369328 0.5989029081898799 0.09815140845070434 0.33626760563380287
0 0.7579897789514866 0.5942227438706312 0.09683098591549313 0.352112676056338
0 0.18006284233176836 0.2994560728568944 0.06514084507042253 0.17312206572769961
0 0.44064028266823163 0.5789743088158581 0.08538732394366187 0.3626760563380282
0 0.16422449628325508 0.5813206398887151 0.07482394366197183 0.3615023474178404
0 0.3442304870892019 0.29124826117197006 0.05809859154929578 0.18192488262910803
0 0.4472249731025039 0.26193488089027994 0.06029929577464783 0.21361502347417838
0 0.2676484252738654 0.2959517909928708 0.061619718309859156 0.19131455399061031
0 0.10435280956572769 0.28773637193531554 0.05677816901408453 0.19190140845070425
0 0.4045181680359938 0.30590712484785254 0.04137323943661965 0.16842723004694837
0 0.8636269439553991 0.20449432707355242 0.10167253521126757 0.29049295774647893
0 0.9054057854068859 0.5888878021213702 0.051936619718309866 0.29460093896713613
0 0.862265563869327 0.5742316553642844 0.042693661971831096 0.3110328638497652
0 0.3385294405320814 0.5819026038949748 0.08802816901408453 0.3562206572769954
