0 0.06211457110719874 0.47380672926447576 0.07878521126760564 0.23239436619718312
0 0.2487260367762128 0.4520344287949922 0.06690140845070422 0.1690140845070422
0 0.5902750268974961 0.10873489393149018 0.06646126760563378 0.1801643192488263
0 0.5334855487089202 0.10050480351243263 0.05017605633802818 0.16490610328638494
0 0.4582327733763693 0.38459507042253527 0.06646126760563378 0.22183098591549283
0 0.3627124290884194 0.11987589114936534 0.05237676056338027 0.17018779342723006
0 0.3050503105438184 0.12164514866979656 0.047095070422535204 0.17957746478873238
0 0.40276341206964006 0.4004184054946966 0.04973591549295778 0.198356807511737
0 0.22012146664710489 0.11461919666145019 0.07350352112676053 0.19718309859154928
0 0.1364986795774648 0.11053023387237002 0.07922535211267602 0.2177230046948357
0 0.88470755086072 0.11568857589984351 0.035211267605633784 0.08450704225352113
0 0.1677440947769953 0.4591125456442358 0.07262323943661972 0.2077464788732394
0 0.44061155125195617 0.7137834724395757 0.04401408450704222 0.18192488262910803
0 0.9260798733372457 0.12038069466179796 0.033890845070422414 0.08157276995305164
0 0.32179644708528954 0.4156853155972874 0.07702464788732395 0.2077464788732394
0 0.8283774696791864 0.5875179316640584 0.04665492957746472 0.08274647887323935
0 0.47670279489436623 0.10227134411406713 0.043573943661971745 0.17136150234741784
0 0.5273465008802817 0.3687244609633107 0.08318661971830979 0.19424882629107992
0 0.5704506553208137 0.6914433359415755 0.04049295774647885 0.1390845070422535
0 0.611828479557903 0.3710501434533125 0.04709507042253512 0.1707746478873239
0 0.018531763497652582 0.17327693009911319 0.06602112676056338 0.16725352112676062
0 0.7042608079029733 0.35105905494696577 0.05105633802816914 0.1296948356807512
0 0.9265297950899842 0.572270583376804 0.04797535211267624 0.09448356807511739
0 0.6637565409820031 0.6169666145018258 0.03477112676056346 0.19718309859154928
0 0.6197430677816901 0.6990572291775343 0.03565140845070426 0.12265258215962442
0 0.744305983470266 0.13797817770822465 0.04005281690140852 0.0727699530516432
0 0.5308370623043819 0.6891084159276648 0.03917253521126756 0.15258215962441304
0 0.812088590571205 0.3387188097722135 0.04137323943661973 0.11208920187793434
0 0.09334531494522691 0.1445248652408277 0.05105633802816902 0.17136150234741784
0 0.8789875537949922 0.5810625326030255 0.03785211267605636 0.08274647887323935
0 0.00048170970266040694 0.48494500956355413 0.05985915492957747 0.2194835680751174
0 0.422561497456964 0.11457518257694314 0.03785211267605643 0.14964788732394366
0 0.8420151115023474 0.10572346113719353 0.03697183098591555 0.09683098591549297
0 0.7905223004694836 0.12331877064858285 0.04225352112676038 0.08568075117370892
0 0.7724820275821594 0.6092483915840723 0.050176056338028255 0.10093896713615028
0 0.8543518926056338 0.3340234307077031 0.05545774647887324 0.11150234741784036
0 0.7698332355242568 0.3434174491392801 0.03873239436619716 0.11619718309859157
0 0.06519433440923318 0.8035743783689793 0.07702464788732394 0.1842723004694835
0 0.1562982932316119 0.7947911232829072 0.06954225352112675 0.20539906103286387
0 0.32398370256259784 0.756629825247783 0.05765845070422534 0.1883802816901409
0 0.23156329469874803 0.7660276473656755 0.07086267605633804 0.19718309859154928
0 0.38383215962441314 0.7478242914275778 0.042253521126760535 0.18544600938967135
0 0.49518901604068855 0.7313581333681097 0.044014084507042306 0.14847417840375596
0 0.9401686595266041 0.7923372022256999 0.04005281690140837 0.09037558685445998
0 0.6602378594483568 0.354040058250739 0.038292253521126834 0.18016431924882637
0 0.00048140404929577466 0.8141372152669101 0.05941901408450703 0.18368544600938952
0 0.6637727406103286 0.9032586724047992 0.058098591549295815 0.09683098591549298
0 0.8578345070422535 0.9061032863849765 0.0 0.0
0 0.8578345070422535 0.8368544600938967 0.0 0.0
0 0.8477424442488263 0.78707616066771 0.04489436619718311 0.1126760563380281
0 0.7900873557316119 0.8081920535559033 0.049735915492957694 0.10093896713615028
0 0.7416669723200313 0.8457561728395061 0.042693661971830936 0.10680751173708929
0 0.9084852430555556 0.31468929316640587 0.049735915492957694 0.14612676056338028
0 0.923420077758216 0.5628048382889933 0.0066021126760563535 0.012323943661971691
0 0.8411397202660407 0.7782711702312641 0.044014084507042306 0.11032863849765262
0 0.7914053330399061 0.8034972178751522 0.04621478873239432 0.10093896713615028
0 0.9128741197183099 0.3205551208485481 0.0316901408450704 0.14319248826291076
0 0.9841659330985915 0.30411721874456615 0.01584507042253528 0.13673708920187794
0 0.7425481709702662 0.851630694661798 0.044014084507042306 0.11326291079812217
0 0.951603151897496 0.3117523039471396 0.026848591549295815 0.1431924882629108
