0 0.0005911336071987481 0.03968983655016519 0.21742957746478872 0.40023474178403756
0 0.23915175078247258 0.11644768301165014 0.22359154929577463 0.2705399061032864
0 0.4750696889671362 0.11767355677273518 0.22711267605633803 0.32687793427230044
0 0.7131803843896714 0.10417862110937229 0.2191901408450704 0.32981220657276994
0 0.0005052450117370893 0.6557707355242566 0.09375 0.2746478873239436
0 0.09912583137715182 0.6352330029560076 0.13556338028169013 0.2769953051643193
0 0.2483296043622848 0.6457947530864198 0.12984154929577466 0.27523474178403756
0 0.39274837392410017 0.5648995826812728 0.20554577464788737 0.37323943661971837
0 0.6071049124608764 0.5619680272996 0.2169894366197183 0.376173708920188
0 0.8328617101917056 0.5147843853242914 0.16593309859154948 0.12206572769953054
0 0.8293439456181533 0.6444879151451922 0.17077464788732408 0.13145539906103287
0 0.8271447696596245 0.7824150147800383 0.17297535211267592 0.14906103286384983
