0 0.4383091135116598 0.4050568701417467 0.05401234567901238 0.2391975308641975
0 0.8488166045096021 0.08195444673068131 0.07368827160493825 0.17746913580246912
0 0.7037457668895748 0.7249933318091754 0.060570987654321035 0.2150205761316873
0 0.0035566165123456788 0.039859586953208355 0.12152777777777778 0.2705761316872428
0 0.9016659164951989 0.49139660493827164 0.0655864197530865 0.1527777777777778
0 0.2882442772633744 0.38090373037646696 0.07175925925925933 0.2649176954732511
0 0.21377716692386833 0.4045319882639842 0.06134259259259258 0.22788065843621402
0 0.37427286951303157 0.38449550373418684 0.06404320987654318 0.2551440329218107
0 0.3936053240740741 0.026460810089925315 0.12499999999999992 0.24434156378600824
0 0.14587646819272976 0.36958495275110503 0.06211419753086421 0.2628600823045268
0 0.6702050647290808 0.5355943263222069 0.09529320987654326 0.10853909465020571
0 0.5162629136659808 0.020803802773967383 0.08526234567901238 0.24588477366255143
0 0.5432838220164609 0.5535765317786923 0.10648148148148151 0.08487654320987661
0 0.07990558556241426 0.5489469021490626 0.06404320987654323 0.08487654320987661
0 0.12431627229080931 0.03934327846364884 0.12654320987654324 0.26851851851851855
0 0.25084742584019204 0.041827179545800945 0.1091820987654321 0.17335390946502058
0 0.38315168467078187 0.7075179088553574 0.07175925925925929 0.23045267489711946
0 0.7677868334190673 0.5140146319158665 0.0574845679012346 0.13580246913580243
0 0.9244352280521262 0.05012621932632221 0.0756172839506173 0.24742798353909465
0 0.20106899434156378 0.6859153520804755 0.09490740740740743 0.23302469135802475
0 0.29943629972565156 0.695676630848956 0.07716049382716056 0.21965020576131672
0 0.1277555405521262 0.6925854481024234 0.07908950617283948 0.21450617283950613
0 0.4583756644375857 0.7229147614692882 0.060956790123456825 0.1923868312757201
0 0.047123628257887525 0.6853809442158207 0.08024691358024691 0.21141975308641978
0 0.5571244855967079 0.7810166133211401 0.037037037037036986 0.16460905349794244
0 0.62965561771262 0.7769013869836916 0.03742283950617286 0.16460905349794233
0 0.594159379286694 0.7815319692120103 0.033950617283950636 0.16563786008230455
0 0.7731942301097394 0.7599241731443378 0.0663580246913581 0.1625514403292181
0 0.6697769311556928 0.729626771833562 0.034336419753086427 0.21913580246913578
0 0.5231786908436215 0.7075017146776404 0.04398148148148151 0.21296296296296308
0 0.8441735789609052 0.717766441853376 0.05439814814814825 0.18775720164609047
0 0.9228775505829905 0.7218902415790275 0.054783950617283965 0.19701646090534994
0 0.6057910558127572 0.041921010516689526 0.1168981481481481 0.27469135802469136
0 0.7446539566186557 0.0491459952751105 0.0794753086419754 0.2998971193415638
0 0.0008318865740740741 0.3721531588172534 0.08680555555555555 0.2587448559670782
