0 0.00046734399452269174 0.04417275256477134 0.03917253521126761 0.17136150234741784
0 0.05418653413536775 0.0482780168666319 0.07086267605633803 0.16842723004694835
0 0.13569633949530518 0.1069053208137715 0.19146126760563378 0.10563380281690143
0 0.13569419992175275 0.02590201704051469 0.18838028169014087 0.08685446009389672
0 0.3421171997261346 0.1280038254216658 0.18397887323943654 0.07511737089201875
0 0.5371005110524256 0.1127515866805773 0.1852992957746479 0.08157276995305164
0 0.8239944004303599 0.012488045557294382 0.07306338028169014 0.1772300469483568
0 0.7232165126173709 0.05001630151278039 0.09375 0.1443661971830986
0 0.898358641431925 0.03183631107633455 0.04489436619718311 0.1578638497652582
0 0.9458993544600939 0.047082029212310895 0.05281690140845083 0.1443661971830986
0 0.003578283939749609 0.2683370283428969 0.08230633802816902 0.15610328638497648
0 0.08809877494131454 0.27243740219092333 0.10167253521126764 0.147887323943662
0 0.18976794796557123 0.3492381759693966 0.09683098591549294 0.06455399061032865
0 0.2958412803208138 0.3433794122761259 0.09595070422535214 0.07511737089201884
0 0.2909991197183099 0.2817455659885238 0.09507042253521121 0.05985915492957743
0 0.40412295823552424 0.3492425230394714 0.10607394366197183 0.06924882629107983
0 0.5145992273082942 0.3539313814988697 0.10739436619718302 0.062793427230047
0 0.4388775797143975 0.30109817857763865 0.08230633802816899 0.04518779342723005
0 0.6365197696596244 0.2788352025734655 0.1095950704225352 0.08568075117370892
0 0.7549222417840376 0.30287939054077545 0.11619718309859163 0.06748826291079815
0 0.884763179773083 0.290554360111285 0.11531690140845068 0.06631455399061031
0 0.6352072941118936 0.4771670144322726 0.12103873239436622 0.05868544600938974
0 0.76197213663928 0.4724781559728743 0.12720070422535218 0.06514084507042246
0 0.8913582624217528 0.49945118240306036 0.10519366197183094 0.041079812206572794
0 0.2650283646322379 0.5271594070596418 0.09154929577464786 0.17723004694835676
0 0.10482259878716745 0.541850873761085 0.09947183098591549 0.198943661971831
0 0.013706108176838809 0.475579247087463 0.08890845070422536 0.24530516431924884
0 0.11627879254694835 0.481857503042949 0.1175176056338028 0.05399061032863857
0 0.44107308783255084 0.5553175534689618 0.0748239436619719 0.16549295774647893
0 0.5145873068270735 0.5571003955833769 0.09022887323943662 0.18955399061032865
0 0.3781216378129891 0.602199074074074 0.05853873239436614 0.09330985915492965
0 0.6206832575312988 0.6274256651017215 0.1219190140845071 0.08450704225352118
0 0.7447983910406886 0.6309435315597288 0.11531690140845083 0.08098591549295775
0 0.872434345657277 0.633869653103808 0.10827464788732391 0.07218309859154928
0 0.02164973347026604 0.8217592592592593 0.11927816901408451 0.1760563380281689
0 0.1431347197769953 0.8217614327942967 0.128080985915493 0.1784037558685446
0 0.2808734350547731 0.8293829334028864 0.09154929577464786 0.1701877934272301
0 0.37377433000782473 0.7901000912884716 0.13644366197183103 0.20950704225352118
0 0.6545530125195617 0.7824112110937228 0.09154929577464799 0.14495305164319242
0 0.7439061888693271 0.7554001478003826 0.09815140845070418 0.12793427230046936
0 0.8420426203051643 0.814077443053382 0.07658450704225367 0.11913145539906099
0 0.9208278315727702 0.8170035645974614 0.07658450704225335 0.11032863849765251
0 0.3680188771517997 0.016498761085028693 0.08802816901408453 0.07218309859154928
0 0.5405516431924883 0.3098884976525821 0.08450704225352115 0.03169014084507046
0 0.515867688771518 0.7976732307424795 0.03257042253521121 0.14906103286384983
