0 0.340290920872457 0.36222776473656754 0.08934859154929574 0.1496478873239437
0 0.8772658083920188 0.3857269387932533 0.09375 0.17664319248826282
0 0.2909994253716745 0.1509726569292297 0.09551056338028169 0.16314553990610325
0 0.8684626858372457 0.2330844635715528 0.09330985915492959 0.11150234741784039
0 0.7865992395344288 0.3816118935837246 0.09727112676056338 0.16901408450704225
0 0.2566647716158059 0.34757759520083464 0.09022887323943662 0.17253521126760563
0 0.4873120231807512 0.12400778125543384 0.1095950704225352 0.19600938967136147
0 0.42699866735133024 0.3698541557989915 0.08934859154929574 0.14671361502347413
0 0.5093083675665101 0.3639997391757955 0.09419014084507041 0.1619718309859156
0 0.20252683636541471 0.14041362371761432 0.08934859154929578 0.16784037558685447
0 0.09028327953834116 0.35460191705790295 0.07834507042253522 0.15316901408450703
0 0.6070190238654146 0.37865697270039994 0.09330985915492959 0.14671361502347408
0 0.5665196473982785 0.5899104503564597 0.08406690140845074 0.1314553990610328
0 0.5375342331768388 0.8123375282559554 0.17605633802816897 0.1414319248826292
0 0.4674904024843505 0.5869566162406539 0.08758802816901413 0.11032863849765251
0 0.13077409771126763 0.14627782124847852 0.07526408450704222 0.16314553990610328
0 0.3552682413928013 0.5693672839506172 0.10739436619718302 0.12793427230046955
0 0.6554345168231611 0.5881526038949748 0.09330985915492968 0.13438967136150234
0 0.14309865267996869 0.5546828812380455 0.07614436619718314 0.11384976525821605
0 0.022494559370109544 0.36222667796904884 0.06822183098591549 0.14847417840375585
0 0.1708311937597809 0.3522631933576769 0.0814260563380282 0.16255868544600938
0 0.14758258753912365 0.8286999000173884 0.1949823943661972 0.06631455399061037
0 0.3570664001369327 0.82465929838289 0.16153169014084506 0.1390845070422535
0 0.7289710485133021 0.8680506651017215 0.14084507042253513 0.1003521126760563
0 0.0005547608568075118 0.7131107633455052 0.16505281690140844 0.08920187793427224
0 0.14141817048122066 0.8979454660059121 0.19146126760563378 0.06279342723004683
0 0.0005150259194053209 0.8680028473308989 0.10783450704225352 0.04870892018779342
0 0.0269066656885759 0.004194922622152669 0.08362676056338028 0.09389671361502348
0 0.1105334262519562 0.0018475047817770823 0.08362676056338028 0.09389671361502348
0 0.20164258118153364 0.0006732524778299427 0.08362676056338031 0.09330985915492958
0 0.2874700459702661 0.0006732524778299427 0.08362676056338027 0.09330985915492958
0 0.3808000782472613 0.0006743392453486351 0.11267605633802817 0.09448356807511736
0 0.4983176838810642 0.0006743392453486351 0.11267605633802817 0.09448356807511736
0 0.6299197965571205 0.0006743392453486351 0.11267605633802817 0.09448356807511736
0 0.747442598298122 0.0024403364632237874 0.12015845070422541 0.10035211267605634
0 0.8799249926643191 0.0012666275430359938 0.12015845070422541 0.10035211267605633
0 0.7421569346635368 0.14102275691184143 0.11443661971830986 0.19190140845070425
0 0.3843086732198748 0.22719037993392455 0.0946302816901408 0.08392018779342723
0 0.04759481367370892 0.5488268344635715 0.08582746478873239 0.1273474178403756
0 0.0035969287949921755 0.8022860154755694 0.1091549295774648 0.06044600938967135
