0 0.8358953198356809 0.6973912145713789 0.09771126760563378 0.22476525821596244
0 0.6589663414514867 0.250226047643888 0.1087147887323944 0.2441314553990611
0 0.2698735817683881 0.6346472352634324 0.09683098591549305 0.278169014084507
0 0.4754266920970266 0.22617370892018782 0.10739436619718302 0.2535211267605633
0 0.15808208626760561 0.6416840549469657 0.10299295774647889 0.272300469483568
0 0.1255012715179969 0.2713261824030604 0.08802816901408449 0.21537558685446004
0 0.3680353824334899 0.6205898974091462 0.11179577464788729 0.3075117370892019
0 0.23818160700312987 0.25374445748565466 0.09419014084507041 0.2411971830985916
0 0.059926704323161176 0.6651386715353851 0.09727112676056338 0.25117370892018787
0 0.6193386883802817 0.6258607198748044 0.08714788732394357 0.295774647887324
0 0.7346656763497653 0.6452242001391062 0.10167253521126757 0.2928403755868545
0 0.4947922779733959 0.6276256303251608 0.10651408450704222 0.3004694835680751
0 0.3746148767605634 0.2402348504607894 0.079225352112676 0.2282863849765258
0 0.018100486600156493 0.2484540732046601 0.07878521126760564 0.23180751173708913
0 0.7733824823943662 0.25020865936358894 0.07922535211267609 0.2253521126760563
0 0.5000369840571205 0.02356492349156668 0.05325704225352115 0.09800469483568075
0 0.8574833113262911 0.2649126238914971 0.12808098591549283 0.26056338028169
0 0.9454689945226917 0.7179006911841419 0.06690140845070418 0.19190140845070425
