0 0.8178492395344288 0.08522322204833943 0.09727112676056338 0.13967136150234738
0 0.7971558954420971 0.0006634715701617111 0.08758802816901405 0.08274647887323944
0 0.6316583528951487 0.09694944357503042 0.0809859154929577 0.12793427230046947
0 0.47239124853286385 0.31771920100852025 0.172975352112676 0.24941314553990612
0 0.6466699065923318 0.3558201834463572 0.14832746478873235 0.20129107981220656
0 0.5405495036189358 0.08873076421491914 0.08142605633802817 0.125
0 0.25403798660015653 0.6415438619370545 0.11047535211267605 0.1208920187793428
0 0.65149189407277 0.6503510259085376 0.12015845070422533 0.12558685446009407
0 0.06343529929577464 0.06877771257172667 0.07922535211267606 0.12499999999999997
0 0.7170563747065727 0.09342831681446705 0.09639084507042257 0.12793427230046944
0 0.44504230242566506 0.07993175099982612 0.08626760563380284 0.12910798122065728
0 0.2796092527386541 0.34702117023126405 0.1725352112676056 0.20539906103286382
0 0.15058960534037558 0.07171470179099287 0.08846830985915494 0.12793427230046947
0 0.8860640404929578 0.3486953355938098 0.08714788732394349 0.11208920187793428
0 0.8688985475352112 0.467806685793775 0.08714788732394364 0.0903755868544601
0 0.7940749095266041 0.35162580420796385 0.08758802816901405 0.10798122065727699
0 0.7949481611893584 0.4607780168666319 0.07746478873239432 0.10504694835680747
0 0.3676175542840376 0.7777756042427404 0.14392605633802819 0.2089201877934272
0 0.6765991784037558 0.7977199617457832 0.14788732394366197 0.19953051643192485
0 0.5212315996674491 0.7859964571378891 0.15096830985915502 0.21420187793427226
0 0.20740598102503907 0.770153016866632 0.14348591549295778 0.21596244131455397
0 0.04323864192097026 0.7619392279603547 0.15096830985915496 0.21830985915492965
0 0.9313850987871675 0.8082757346548427 0.06778169014084515 0.19131455399061037
0 0.0013549613654147104 0.06585050426012869 0.04973591549295774 0.13262910798122066
0 0.6928309003325509 0.0036015475569466182 0.07086267605633796 0.08685446009389672
0 0.6105309810250391 0.003598287254390541 0.08010563380281698 0.08333333333333334
0 0.48553312059859155 0.0006651017214397496 0.08318661971830979 0.08450704225352114
0 0.39882781934663536 0.007108002956007652 0.08670774647887325 0.07100938967136151
0 0.2007592429577465 0.2818786950095636 0.07922535211267609 0.20363849765258205
