0 0.08920851551783263 0.15657864654778234 0.12692901234567902 0.2160493827160494
0 0.19573500728738 0.2851194558756287 0.19174382716049385 0.1512345679012346
0 0.3932564943415638 0.23528520804755373 0.17824074074074073 0.2191358024691358
0 0.442211612654321 0.18061699817101054 0.11805555555555555 0.06635802469135799
0 0.5895967292524005 0.2820611377838744 0.13040123456790134 0.18158436213991766
0 0.7269306198559671 0.32421553497942385 0.11342592592592587 0.1527777777777778
0 0.887037037037037 0.24711410227099526 0.1111111111111111 0.21656378600823048
0 0.5838153185013717 0.20941929583904892 0.1385030864197531 0.061728395061728385
0 0.584968707133059 0.1080847050754458 0.13271604938271594 0.06481481481481481
0 0.11088204089506175 0.5026744208199969 0.22569444444444445 0.11059670781893005
0 0.08928889103223593 0.613373056698674 0.24266975308641972 0.22067901234567905
0 0.34237531078532235 0.6071249618960525 0.2426697530864198 0.13940329218106995
0 0.331958108281893 0.7542257277853985 0.24189814814814817 0.11934156378600826
0 0.3400567451131687 0.532983729614388 0.23726851851851855 0.06687242798353905
0 0.5827240869341564 0.5378567482091144 0.2337962962962962 0.3297325102880658
0 0.8141093857167352 0.5753900891632373 0.09529320987654333 0.3101851851851852
0 0.8754495670438956 0.580019718792867 0.0918209876543211 0.3101851851851852
0 0.9286731610082304 0.5908064700502972 0.06712962962962968 0.29320987654320985
