0 0.4942893197016461 0.6484253543667124 0.10995370370370373 0.29938271604938277
0 0.30026738254458163 0.28262983920134127 0.16280864197530862 0.2402263374485596
0 0.10114749442729767 0.6468416590458772 0.0968364197530864 0.25565843621399176
0 0.10040080589849108 0.003739426154549611 0.13271604938271603 0.14969135802469136
0 0.0004482274519890261 0.0006644375857338821 0.08989197530864199 0.16203703703703706
0 0.654384752229081 0.31548163389727174 0.09182098765432103 0.16460905349794244
0 0.6104062178497942 0.6484167809785093 0.09606481481481476 0.2901234567901234
0 0.6444203317901235 0.49078694177716814 0.1875 0.04989711934156381
0 0.7300181112825789 0.029424344612101812 0.1149691358024692 0.1116255144032922
0 0.15518931112825787 0.3849013107757964 0.13927469135802473 0.13786008230452662
0 0.41248740783607685 0.00064586191129401 0.09297839506172834 0.14197530864197533
0 0.6111912187071331 0.021718297515622615 0.11535493827160484 0.12242798353909466
0 0.38086259002057615 0.6571692577351014 0.10879629629629627 0.29835390946502066
0 0.20496050883058983 0.6011154930650815 0.14313271604938269 0.31584362139917693
0 0.0027670610425240055 0.6514741464715744 0.09567901234567902 0.2587448559670782
0 0.2855827760631001 0.02172115531169029 0.12808641975308643 0.12551440329218105
0 0.5633230452674897 0.3530416476146928 0.07407407407407413 0.1738683127572017
0 0.8743157364540467 0.3835648148148148 0.12577160493827158 0.3611111111111111
0 0.8573522162208503 0.14419105319311082 0.142746913580247 0.1707818930041152
0 0.7550706232853224 0.31959304983996345 0.07947530864197525 0.16049382716049387
