0 0.37986057527434847 0.4183637212315196 0.33256172839506176 0.16615226337448555
0 0.72817081404321 0.445600422953818 0.23263888888888873 0.1373456790123457
0 0.36039710862482854 0.0007301668952903521 0.08294753086419754 0.23302469135802467
0 0.4464257008744857 0.0022762345679012345 0.07523148148148143 0.2361111111111111
0 0.5259055641289438 0.002277663465935071 0.08179012345679 0.2376543209876543
0 0.2616244427297668 0.0068987197073616825 0.07253086419753084 0.22839506172839505
0 0.03519911694101509 0.0007020652339582382 0.1311728395061728 0.20267489711934158
0 0.6304698216735253 0.006869189147995732 0.09876543209876548 0.19650205761316872
0 0.763223647548011 0.006950636335924402 0.15316358024691348 0.28446502057613166
0 0.022039769804526748 0.2985906302392927 0.07060185185185183 0.25565843621399187
0 0.09495295353223596 0.29706028044505417 0.06558641975308639 0.2695473251028806
0 0.1640046296296296 0.29705170705685113 0.05555555555555557 0.2602880658436214
0 0.22302463777434842 0.2985906302392927 0.0443672839506173 0.25565843621399187
0 0.2697287058470507 0.30166990550221 0.07600308641975309 0.24794238683127576
0 0.00047582304526748974 0.770685204237159 0.12962962962962965 0.11779835390946497
0 0.1335798182441701 0.7737759106843468 0.13271604938271608 0.1224279835390946
0 0.2763331618655693 0.7917719288218259 0.14197530864197536 0.1136831275720164
0 0.2809635952503429 0.6616250381039476 0.14313271604938269 0.11059670781893005
0 0.1551791302297668 0.670865721688767 0.12461419753086421 0.09053497942386825
0 0.42601916152263375 0.7707075903063558 0.13425925925925927 0.14197530864197525
0 0.5656675990226337 0.7707090192043896 0.11689814814814817 0.1435185185185184
0 0.6837223508230453 0.7737940100594421 0.11574074074074071 0.14197530864197536
0 0.6814171810699589 0.6390193949093127 0.12962962962962968 0.1409465020576131
0 0.811036361882716 0.6570025529644872 0.11458333333333333 0.11831275720164613
0 0.7971624764231824 0.7840725499161714 0.13618827160493827 0.13168724279835387
0 0.5498505015432098 0.6436233043743331 0.11805555555555555 0.11316872427983535
0 0.4240786286865569 0.6328255982319769 0.11766975308641976 0.11831275720164604
0 0.05947600522976681 0.6374576093583295 0.08989197530864199 0.12088477366255132
0 0.9275189686213993 0.021865474013107757 0.0717592592592592 0.2813786008230453
