0 0.08032889660493826 0.10260440481633898 0.11805555555555555 0.257201646090535
0 0.3434113511659808 0.17095955265965554 0.06790123456790119 0.1918724279835391
0 0.43445028506515776 0.1617174401768023 0.052854938271605 0.21039094650205759
0 0.5023635759602194 0.10416619036732205 0.07021604938271611 0.27726337448559674
0 0.5656375921639232 0.11957399786617895 0.07368827160493834 0.2510288065843621
0 0.6566746506344308 0.16327255753696082 0.05594135802469135 0.22325102880658432
0 0.7245823152434844 0.1524753276939491 0.06520061728395048 0.22890946502057613
0 0.8028970014574759 0.10880486968449932 0.06057098765432095 0.28703703703703703
0 0.8823798118141288 0.11188557384545039 0.0713734567901235 0.2808641975308642
0 0.12466778120713305 0.40500400091449473 0.07716049382716049 0.18209876543209877
0 0.20411951303155004 0.42813071559213534 0.04320987654320988 0.15895061728395063
0 0.2546700853052126 0.41887717192501145 0.058256172839506154 0.16512345679012344
0 0.34571705675582987 0.4610296639231824 0.05478395061728393 0.1342592592592593
0 0.40166832776063094 0.46102537722908093 0.06905864197530866 0.12962962962962968
0 0.47767382544581627 0.4702917809785094 0.0725308641975308 0.13734567901234565
0 0.5548391418038409 0.46875 0.0794753086419754 0.1388888888888889
0 0.6393322938100138 0.5355690824569426 0.08294753086419746 0.0812757201646091
0 0.7373212984396433 0.4825655387898186 0.07600308641975317 0.05967078189300413
0 0.8272304205246913 0.5340373037646701 0.10069444444444445 0.0936213991769546
0 0.14708076131687242 0.7665866483767719 0.12962962962962962 0.13580246913580243
0 0.3071895897633744 0.6744908360006098 0.13078703703703706 0.11676954732510286
0 0.4661021626371742 0.6529668686175888 0.07600308641975317 0.20421810699588477
0 0.6123105817043896 0.7136607415028198 0.060570987654321035 0.19804526748971196
0 0.6778913751714677 0.7028725613473555 0.05246913580246921 0.21347736625514402
0 0.7407870906207132 0.7044243446121018 0.06674382716049397 0.2227366255144033
0 0.8214093578532237 0.6746265813138241 0.05169753086419746 0.26337448559670784
0 0.0039274155521262 0.3484920362749581 0.09992283950617285 0.2602880658436213
