0 0.11934113360719874 0.4802724526169362 0.09066901408450706 0.24354460093896713
0 0.462644574041471 0.12052414797426536 0.08142605633802817 0.23650234741784035
0 0.5528685568270736 0.1299029516605808 0.07438380281690134 0.2247652582159624
0 0.022068478579812204 0.4855514258389844 0.08846830985915494 0.24061032863849777
0 0.13561411874021911 0.10992164406190227 0.07306338028169011 0.1942488262910798
0 0.21792015111502347 0.4966799252303948 0.07262323943661973 0.2171361502347417
0 0.21880257237871675 0.10405038254216657 0.07570422535211267 0.19131455399061031
0 0.6285736991392801 0.13693814119283604 0.07570422535211263 0.21713615023474175
0 0.3011076877934272 0.11168329420970265 0.07394366197183101 0.19542253521126768
0 0.2887858837050078 0.4996055033907147 0.07702464788732395 0.20774647887323935
0 0.034836536580594685 0.08294590071291949 0.09419014084507044 0.21537558685446007
0 0.3812124046361503 0.13688760650321682 0.07262323943661965 0.16255868544600938
0 0.3675591744913928 0.5054648104677448 0.0598591549295775 0.19776995305164316
0 0.9626140087050078 0.17037580420796386 0.03741197183098595 0.20305164319248828
0 0.9084769904147105 0.1856215223439402 0.03785211267605636 0.18955399061032863
0 0.517654538341158 0.5248266605807684 0.07042253521126764 0.19307511737089209
0 0.7042754792644756 0.14750423839332288 0.07218309859154941 0.22007042253521125
0 0.5911589764280125 0.5177480003477656 0.07174295774647885 0.153755868544601
0 0.434475559956964 0.5177854938271604 0.08142605633802825 0.19424882629107992
0 0.6646588297143974 0.519522148322031 0.06646126760563394 0.16842723004694837
0 0.8420355902777777 0.15806598852373502 0.06646126760563394 0.21830985915492956
0 0.8464464739827856 0.5300963962789079 0.08010563380281674 0.1801643192488263
0 0.9296168940727699 0.5254021039819161 0.05677816901408445 0.18075117370892027
0 0.7808523449726135 0.15219853069031472 0.06117957746478864 0.21948356807511737
0 0.7311158181729266 0.5277554990436446 0.06029929577464783 0.18720657276995306
0 0.7953644610719875 0.525971570161711 0.043133802816901344 0.1619718309859155
0 0.7055677816901409 0.5177539775691183 0.031690140845070325 0.1602112676056339
0 0.5242560397104852 0.8334507042253521 0.06954225352112675 0.1267605633802816
0 0.593797376271518 0.8281668405494698 0.06822183098591547 0.12441314553990614
0 0.3746124315336463 0.8311418666318902 0.07570422535211263 0.16842723004694837
0 0.8349942537167448 0.8082251999652235 0.06778169014084515 0.13673708920187802
0 0.4551508705007825 0.825865066944879 0.06514084507042249 0.17370892018779352
0 0.10040162852112676 0.8275946574508782 0.07130281690140844 0.14025821596244126
0 0.17215039368153368 0.8246685359067988 0.07966549295774647 0.14906103286384972
0 0.9084999144170579 0.7994180359937403 0.07086267605633796 0.13204225352112675
0 0.6690596268583724 0.8310880716397149 0.06558098591549305 0.11032863849765262
0 0.738159905614241 0.8217190488610676 0.06294014084507041 0.13262910798122063
0 0.0022233225743348984 0.8205784863502 0.03257042253521127 0.16842723004694837
0 0.002221794307511737 0.08881335854633976 0.030369718309859156 0.21420187793427228
