0 0.003914019633058985 0.10502352918762384 0.08063271604938271 0.09207818930041152
0 0.08570173182441702 0.10348174820911447 0.07716049382716049 0.09362139917695472
0 0.16401561428326475 0.1019399672306051 0.07137345679012343 0.09516460905349794
0 0.24579555684156382 0.10501400320073159 0.05671296296296294 0.08179012345679013
0 0.23769933127572018 0.003672267946959305 0.0648148148148148 0.07716049382716049
0 0.5000401877572016 0.008322854747751867 0.057870370370370315 0.09979423868312756
0 0.48500192901234573 0.11378696082914189 0.06944444444444445 0.11213991769547328
0 0.5610074266975308 0.005247389879591525 0.07291666666666667 0.11162551440329217
0 0.5567657428840878 0.11995694253924706 0.07600308641975317 0.10905349794238685
0 0.63814970207476 0.01090487349489407 0.04668209876543206 0.11059670781893004
0 0.6339056069958847 0.12458800106691054 0.046296296296296426 0.11059670781893002
0 0.6894833997770918 0.009364521414418535 0.07831790123456801 0.11368312757201646
0 0.6883227773491084 0.12150586800792561 0.07368827160493825 0.11522633744855969
0 0.7654763052983539 0.12767966011278767 0.06365740740740745 0.1162551440329218
0 0.8110047475137174 0.03660836762688614 0.06905864197530857 0.0925925925925926
0 0.8310699588477366 0.1369289170858101 0.07407407407407413 0.10545267489711936
0 0.9051437650034292 0.030968983386678858 0.07368827160493825 0.1131687242798354
0 0.9051381387174211 0.14410436671239144 0.0655864197530865 0.07716049382716048
0 0.770090663580247 0.027871608748666364 0.041666666666666664 0.10133744855967079
0 0.04480988511659807 0.2805064967230605 0.08179012345679013 0.169238683127572
0 0.1231229638203018 0.2820454199055022 0.07484567901234568 0.1646090534979424
0 0.19679167738340195 0.274319844535894 0.04668209876543206 0.15432098765432095
0 0.24694653420781892 0.26247427983539096 0.04745370370370373 0.1388888888888889
0 0.0008147397976680384 0.4440743598536809 0.062114197530864196 0.15586419753086414
0 0.05946502057613169 0.44664494741655236 0.07407407407407408 0.154320987654321
0 0.13354123799725653 0.4512702903520805 0.07716049382716048 0.14969135802469138
0 0.20607049468449934 0.44253496037189455 0.07484567901234568 0.15997942386831285
0 0.0004120584705075446 0.6652534865112025 0.03780864197530864 0.14043209876543217
0 0.030150195044581614 0.6662908664837678 0.08294753086419752 0.14969135802469144
0 0.0038880315500685867 0.8144194863587868 0.04320987654320988 0.1286008230452674
0 0.04365006644375857 0.8175073350099071 0.0783179012345679 0.13014403292181068
0 0.11540048439643348 0.8056812985825331 0.0655864197530864 0.13580246913580243
0 0.17520495756172838 0.8067105814662399 0.07291666666666667 0.1363168724279835
0 0.23114685142318245 0.6601165980795611 0.0736882716049383 0.14814814814814814
0 0.24233351551783264 0.808255220240817 0.07137345679012345 0.13786008230452668
0 0.30483030049725657 0.6693729995427526 0.0667438271604938 0.1450617283950617
0 0.31370241769547325 0.8113330666057004 0.06481481481481484 0.12860082304526751
0 0.44448757930384086 0.6693744284407865 0.06211419753086421 0.14660493827160498
0 0.4410132137345679 0.8159626962353301 0.059027777777777776 0.1286008230452674
0 0.5123882780349794 0.664751943301326 0.06134259259259254 0.15432098765432095
0 0.5077578446502058 0.808255220240817 0.06018518518518508 0.13786008230452668
0 0.5725734632201647 0.8025977366255144 0.06134259259259254 0.1388888888888889
0 0.6439477237654321 0.6662851508916323 0.0625 0.14351851851851852
0 0.6381553283607683 0.8010516689529035 0.05478395061728389 0.13580246913580254
0 0.7052769204389574 0.7722427030940405 0.04320987654320992 0.13323045267489703
0 0.7701027199074074 0.7902649176954732 0.059027777777777776 0.1527777777777778
0 0.8310549554183813 0.7784236396890719 0.05246913580246921 0.14197530864197525
0 0.7585262345679012 0.6600889727175736 0.05555555555555555 0.11831275720164613
0 0.9209498778292181 0.6554593430879438 0.056712962962963014 0.11831275720164613
0 0.9074411651234568 0.762977728242646 0.04861111111111095 0.12705761316872424
0 0.946024627057613 0.7784350708733425 0.0532407407407408 0.15432098765432084
0 0.519342099622771 0.28977813976527966 0.07484567901234564 0.18261316872427985
0 0.60883889531893 0.29850680155464104 0.06134259259259254 0.1651234567901235
0 0.6779031635802469 0.29696930727023324 0.06944444444444445 0.17129629629629625
0 0.7508163473079561 0.30468488035360464 0.06442901234567905 0.17078189300411523
0 0.8210342721193414 0.30315024386526446 0.06712962962962968 0.18004115226337444
0 0.8924053176440329 0.30622809023014785 0.0636574074074073 0.17078189300411523
0 0.9595188721707818 0.30314405197378447 0.04050925925925936 0.17335390946502058
0 0.5170216585219478 0.47133344764517604 0.06674382716049389 0.1512345679012346
0 0.5964961634087792 0.4636231138545953 0.06558641975308643 0.1574074074074074
0 0.6678698881172839 0.46671191510440485 0.06597222222222231 0.1599794238683127
0 0.7415533371913581 0.47235844383478126 0.059027777777777776 0.14711934156378603
0 0.8052131558641976 0.4785284255448864 0.0625 0.14403292181069968
0 0.870803594393004 0.486240188233501 0.06828703703703698 0.13940329218106995
0 0.9448672196502056 0.4769880734644109 0.0532407407407408 0.14711934156378603
