0 0.6752160969287949 0.4021420187793427 0.057658450704225414 0.15845070422535212
0 0.19371148767605637 0.6814418144670492 0.07130281690140844 0.11208920187793422
0 0.24915364583333333 0.5059462484785255 0.04885563380281689 0.0839201877934272
0 0.9001222613458528 0.2407260693792384 0.04929577464788729 0.12499999999999994
0 0.7113042840375587 0.6134128847157015 0.05281690140845067 0.1619718309859154
0 0.46967521273474183 0.17913949747869934 0.0647007042253521 0.1607981220657277
0 0.3103320006846635 0.2406864023648061 0.04709507042253524 0.08215962441314555
0 0.7284755844092332 0.18853242914275778 0.06117957746478864 0.16431924882629112
0 0.6223943050665102 0.3998011215440793 0.0506161971830985 0.16549295774647882
0 0.7975660822574336 0.23893018605459918 0.04445422535211255 0.08685446009389676
0 0.12722943564162756 0.4044280342549122 0.04137323943661971 0.09213615023474185
0 0.5647389108959311 0.39862904277516953 0.055017605633802764 0.16725352112676053
0 0.17432572867762128 0.3997397191792732 0.0431338028169014 0.09917840375586845
0 0.6611248655125196 0.2002586506694488 0.04797535211267608 0.15258215962441316
0 0.592906396713615 0.6251391062423927 0.05281690140845075 0.15023474178403745
0 0.03744528804773083 0.5047834072335247 0.04797535211267605 0.09565727699530524
0 0.607871491099374 0.1932207442183968 0.05325704225352115 0.15727699530516429
0 0.11050775136932708 0.2447932968179447 0.04665492957746478 0.08098591549295775
0 0.5321736844679187 0.17973069900886804 0.0625 0.16549295774647885
0 0.2509148205203443 0.23131357589984353 0.049735915492957694 0.1003521126760563
0 0.31164631015258215 0.41439423578508083 0.038292253521126834 0.08098591549295775
0 0.1259261296948357 0.6802621283255085 0.06602112676056338 0.10563380281690156
0 0.3050460313967136 0.5082974700052165 0.04093309859154933 0.0880281690140845
0 0.6532078320618153 0.611063836724048 0.055897887323943726 0.16021126760563378
0 0.19193992077464786 0.5129781777082247 0.05545774647887324 0.07276995305164315
0 0.2689737382629108 0.6779217744740045 0.06866197183098587 0.11326291079812208
0 0.12283780809859156 0.17259715701617112 0.05545774647887322 0.06690140845070423
0 0.13250592967527386 0.49539319248826286 0.03389084507042253 0.09507042253521127
0 0.19765808392018783 0.2295535559033212 0.05017605633802814 0.10093896713615025
0 0.2720354680164319 0.15911091549295772 0.04093309859154933 0.07922535211267609
0 0.9274119107003129 0.4080105633802817 0.050616197183098656 0.15845070422535218
0 0.944138179773083 0.606352156146757 0.051936619718309866 0.14201877934272308
0 0.8090189138302034 0.40097972091810113 0.057658450704225414 0.17077464788732397
0 0.7707232981220657 0.6093076204138411 0.05281690140845083 0.16490610328638494
0 0.8869137568466354 0.6087153321161537 0.0431338028169015 0.15903755868544595
0 0.7478384194053207 0.3986301295426882 0.056338028169014204 0.16842723004694837
0 0.867554895344288 0.40507900799860896 0.05369718309859148 0.16138497652582162
0 0.826183489827856 0.6075508607198749 0.05633802816901405 0.16901408450704225
0 0.8380703491784037 0.8305316466701443 0.06073943661971839 0.1431924882629107
0 0.6056726207942096 0.8457947530864197 0.0558978873239438 0.14847417840375596
0 0.19678911140453836 0.7900011954442706 0.06646126760563378 0.10269953051643188
0 0.7108647544992175 0.8211327377847332 0.053697183098591714 0.1332159624413145
0 0.4599823332355243 0.8269860676404103 0.05061619718309858 0.1167840375586854
0 0.5216002176251956 0.8234725482524778 0.047975352112676006 0.125
0 0.12812713957355243 0.7858921274560947 0.06646126760563378 0.10152582159624414
0 0.2623749877738654 0.7946944009737437 0.07350352112676053 0.10093896713615028
0 0.060786201584507045 0.7935130846809251 0.06734154929577467 0.09272300469483558
0 0.7724875293427229 0.8182131368457659 0.058098591549295815 0.14906103286384983
0 0.9102412216353678 0.8229085159102765 0.0431338028169015 0.1496478873239436
0 0.00046734399452269174 0.1532440010432968 0.03917253521126761 0.08098591549295775
0 0.0031100229851330203 0.24186717527386542 0.04181338028169014 0.08978873239436616
0 0.042292339104068856 0.18725330377325683 0.055897887323943664 0.05046948356807508
0 0.06297254010172144 0.24714451834463574 0.046654929577464796 0.085093896713615
0 0.17696596244131454 0.16614284472265692 0.0422535211267606 0.068075117370892
0 0.16067861160015648 0.24597298295948528 0.0391725352112676 0.08744131455399064
0 0.21922620794209707 0.1573460050426013 0.051936619718309866 0.07453051643192486
0 0.3200123483959312 0.1831469527038776 0.04313380281690138 0.0522300469483568
0 0.3648993789123631 0.1925290166927491 0.03257042253521121 0.04401408450704225
0 0.3648966280320814 0.2418470700747696 0.028609154929577427 0.06807511737089197
0 0.04228744865023474 0.3979851330203443 0.04885563380281691 0.10563380281690134
0 0.09025729900234743 0.3985611198052513 0.04093309859154929 0.09389671361502341
0 0.08717692439358372 0.5041862284820032 0.04181338028169016 0.08450704225352107
0 0.0009056509194053208 0.49481503216831857 0.03653169014084507 0.1044600938967135
0 0.003105438184663537 0.4009134280994609 0.0352112676056338 0.09917840375586856
0 0.0013644366197183098 0.6790884194053207 0.06338028169014084 0.10563380281690145
0 0.06870262372848202 0.6790905929403581 0.05853873239436621 0.10798122065727703
0 0.0026824139280125195 0.7882400886802294 0.05985915492957747 0.10211267605633813
0 0.07178024745696401 0.936092092679534 0.05369718309859157 0.06396713615023478
0 0.19943026212832551 0.9331589071465832 0.06690140845070422 0.06514084507042242
0 0.2720479998043818 0.9278837376108503 0.058978873239436624 0.07218309859154928
0 0.8420148058489828 0.24599580507737784 0.03653169014084515 0.11208920187793428
0 0.4489690312010955 0.41034276647539564 0.03653169014084507 0.14201877934272292
0 0.5031173586658841 0.6033972352634325 0.05237676056338027 0.11971830985915485
0 0.4586600767801252 0.6004624195792037 0.047975352112676006 0.11913145539906099
0 0.6593655247456964 0.8188103155972873 0.04973591549295778 0.16021126760563398
0 0.957775821596244 0.8082404147104851 0.042253521126760694 0.15316901408450714
