0 0.8206873178155007 0.806179983996342 0.12307098765432095 0.1188271604938272
0 0.5417526684670781 0.820079827770157 0.12384259259259262 0.13065843621399184
0 0.08188630615569273 0.8385750076207895 0.1385030864197531 0.10545267489711936
0 0.2385146069101509 0.8421801173601585 0.1277006172839506 0.11008230452674889
0 0.5182350608710563 0.025844002438652643 0.1473765432098766 0.1337448559670782
0 0.2061085390946502 0.28048982624599905 0.1296296296296296 0.15123456790123455
0 0.3600547089334705 0.2969354900167658 0.14544753086419746 0.13477366255144027
0 0.35580096879286693 0.551041190367322 0.13117283950617278 0.12448559670781895
0 0.3600531014231825 0.02223365340649291 0.14313271604938269 0.12345679012345677
0 0.23117364326131687 0.5253010211857949 0.11226851851851853 0.10288065843621397
0 0.08417807998971194 0.27529721079103797 0.10532407407407407 0.0987654320987654
0 0.5278696737825789 0.2547587067520195 0.13233024691358025 0.13940329218106995
0 0.21421548139574761 0.03301659426916629 0.13695987654320985 0.10236625514403293
0 0.01940318501371742 0.002175259106843469 0.16280864197530864 0.1270576131687243
0 0.8091164587620028 0.3293252743484225 0.12770061728395063 0.11574074074074074
0 0.7273083847736626 0.5294267261088249 0.1018518518518519 0.11419753086419746
0 0.8122047539437587 0.0382006363359244 0.13040123456790112 0.14557613168724282
0 0.39321871784979423 0.8149462734339278 0.12384259259259255 0.14197530864197525
0 0.049096579218107 0.5654587715287304 0.14351851851851855 0.1399176954732511
0 0.6860411844135802 0.8247023129096174 0.12152777777777786 0.12294238683127577
0 0.5000785000857338 0.5392094383478128 0.11304012345679015 0.12397119341563788
0 0.6146596900720165 0.5345740931260479 0.1099537037037038 0.11779835390946508
0 0.8345451281721535 0.5391718106995884 0.07831790123456793 0.08333333333333344
0 0.9440974901406035 0.3015798849260783 0.055941358024691426 0.15072016460905355
0 0.674063893175583 0.3529606767261088 0.09645061728395056 0.08641975308641979
0 0.6786723572530864 0.2742441129401006 0.06597222222222214 0.07253086419753085
0 0.04677426268861454 0.38943949093126046 0.13271604938271603 0.03909465020576132
