0 0.000876361025377229 0.06691720012193264 0.15084876543209877 0.04835390946502057
0 0.0008801118827160494 0.12454561042524007 0.15625 0.06481481481481481
0 0.0008793081275720165 0.19552945435147082 0.1550925925925926 0.06069958847736627
0 0.1483003257887517 0.050456294772138394 0.21913580246913583 0.04835390946502057
0 0.15832958247599455 0.11114873875933547 0.21682098765432095 0.04063786008230452
0 0.15833199374142662 0.15642480185947263 0.22029320987654316 0.04989711934156378
0 0.1606460048010974 0.2124919029111416 0.21913580246913586 0.04681069958847738
0 0.37975260416666673 0.03399919981710105 0.17708333333333326 0.05246913580246913
0 0.3809279621056242 0.0911055860387136 0.20293209876543206 0.060699588477366256
0 0.38324277692043895 0.15642051516537112 0.20293209876543206 0.04526748971193415
0 0.38092956961591223 0.20940119646395366 0.20524691358024683 0.04218106995884775
0 0.5815406914437585 0.04891594269166286 0.1963734567901235 0.05144032921810699
0 0.5838530949931413 0.10652625361987501 0.1929012345679012 0.048353909465020585
0 0.5896385245198902 0.1564233729614388 0.19058641975308643 0.048353909465020585
0 0.5919565543552813 0.20786370217954578 0.1952160493827161 0.048353909465020606
0 0.7825223443930043 0.05663723136716964 0.16550925925925922 0.05709876543209876
0 0.7894740226337449 0.1121889765279683 0.17592592592592587 0.052983539094650214
0 0.7917848186728396 0.1713344002438653 0.1701388888888889 0.04115226337448558
0 0.7925566915294924 0.21505296448712088 0.17052469135802462 0.03497942386831275
0 0.0008889531893004116 0.33646309632677945 0.16898148148148148 0.04681069958847741
0 0.0008825231481481482 0.41517394452065237 0.1597222222222222 0.05452674897119339
0 0.169872845936214 0.33801487959152565 0.1724537037037037 0.05606995884773661
0 0.1640898276748971 0.3940872199359854 0.17824074074074073 0.05864197530864196
0 0.35351401748971195 0.35603995198902605 0.17129629629629628 0.0787037037037037
0 0.536379565329218 0.34108415256820607 0.16435185185185192 0.037551440329218096
0 0.5329145769032922 0.38019737844840723 0.1747685185185185 0.057613168724279844
0 0.7304264188957477 0.39253972336534065 0.1473765432098765 0.05401234567901233
0 0.8800987547153635 0.3683632449321749 0.1199845679012346 0.05452674897119339
0 0.003988233024691358 0.5571382982777016 0.1875 0.042695473251028675
0 0.013248028120713306 0.6054807765584513 0.18827160493827158 0.03034979423868328
0 0.012092228223593963 0.6389350899253163 0.19058641975308643 0.04989711934156381
0 0.2130701303155007 0.5813304945892394 0.15432098765432098 0.05915637860082307
0 0.21499458804869684 0.5391308489559519 0.1477623456790123 0.039094650205761375
0 0.37741957090192046 0.52523957857034 0.15084876543209874 0.03652263374485598
0 0.3674004951131687 0.5633135192805974 0.16782407407407404 0.04526748971193418
0 0.3739537787208505 0.6147495618046029 0.16010802469135801 0.040637860082304446
0 0.5509803133573388 0.5725837334247829 0.07831790123456793 0.05709876543209873
0 0.6575057334533608 0.5483986816034142 0.14158950617283952 0.048353909465020425
0 0.6575033221879287 0.599315081542448 0.13811728395061731 0.038065843621399156
0 0.8006229102366256 0.507239750038104 0.11921296296296285 0.04115226337448561
0 0.8087167245370371 0.5494503505563177 0.10763888888888873 0.07304526748971196
0 0.9232786243998627 0.5026115493065081 0.07677469135802475 0.04269547325102889
0 0.9356157300240054 0.5751467001981405 0.06442901234567905 0.04732510288065852
0 0.023274337705761313 0.7675301973784484 0.18171296296296297 0.0437242798353909
0 0.027906378600823043 0.8143299420819997 0.1851851851851852 0.03189300411522635
0 0.032534132801783265 0.84777139536656 0.18248456790123457 0.037551440329218096
0 0.2130604852537723 0.7526125019051974 0.1404320987654321 0.043724279835391004
0 0.21306932656035668 0.7978590344459685 0.15316358024691354 0.021090534979423915
0 0.21382914308984913 0.8220683775339125 0.1361882716049383 0.05606995884773672
0 0.3604356888717421 0.7340801707056851 0.1385030864197531 0.028806584362139894
0 0.3650666580932785 0.7690638812680993 0.14043209876543206 0.03343621399176953
0 0.36506290723593965 0.8112630506020423 0.13503086419753088 0.05298353909465016
0 0.5136008766289437 0.7160760554793475 0.14081790123456794 0.028806584362139998
0 0.5101364240397805 0.7628853261697912 0.15200617283950618 0.027263374485596615
0 0.5078154471021948 0.8112420934308794 0.14313271604938269 0.030349794238683173
0 0.659830997085048 0.7402725384849871 0.15663580246913572 0.049897119341563705
0 0.6567421660665295 0.8055779416247524 0.15316358024691357 0.024176954732510265
0 0.8234072252229082 0.7294676878524615 0.15084876543209874 0.04732510288065852
0 0.817620188185871 0.7855219288218259 0.15084876543209888 0.030349794238683173
