0 0.7628359130477308 0.27420774647887325 0.10343309859154917 0.15845070422535212
0 0.49481061717527386 0.006616240653799339 0.13292253521126757 0.17370892018779344
0 0.6417996258802816 0.24194433576769256 0.10695422535211278 0.17312206572769956
0 0.6814113849765259 0.8076144366197183 0.10563380281690142 0.11091549295774648
0 0.32752194591158057 0.2307951877934272 0.08230633802816902 0.17429577464788734
0 0.8649372799295775 0.2947101591027647 0.08714788732394381 0.11795774647887325
0 0.753617101917058 0.03419459659189706 0.13820422535211255 0.16960093896713616
0 0.6286204641040689 0.024228938445487742 0.14304577464788729 0.18133802816901406
0 0.06959879939358374 0.2395817031820553 0.08142605633802817 0.15669014084507046
0 0.22278156787949924 0.2237485872022257 0.1012323943661972 0.16960093896713616
0 0.13875012226134584 0.6855639236654495 0.15228873239436624 0.1273474178403757
0 0.6435641627543036 0.4983894105372978 0.11267605633802817 0.1619718309859155
0 0.36803782766040694 0.683770757259607 0.11531690140845068 0.0921361502347419
0 0.5313282472613459 0.4667025299947835 0.1126760563380281 0.16549295774647887
0 0.12549913194444445 0.44550186924013213 0.08494718309859152 0.08568075117370887
0 0.002734680653364632 0.6726677969048861 0.13512323943661972 0.1431924882629108
0 0.029990708137715177 0.42381922709094066 0.08802816901408451 0.11913145539906109
0 0.38168341647104853 0.01071661450182577 0.11707746478873236 0.16549295774647887
0 0.0004881284233176839 0.23664199704399236 0.06910211267605634 0.1508215962441314
0 0.14664117517605635 0.006021778821074596 0.10695422535211267 0.16549295774647887
0 0.4151225058685446 0.23548567640410364 0.10035211267605627 0.16960093896713616
0 0.8002539979460093 0.7940966788384629 0.11223591549295785 0.08920187793427224
0 0.8970758142605634 0.03125923752390889 0.09903169014084515 0.16842723004694835
0 0.7791235695422535 0.7166096113719352 0.10695422535211287 0.06514084507042252
0 0.4793888766627543 0.7928968874978265 0.1087147887323944 0.061032863849765216
0 0.3790260661189358 0.7870093244653104 0.09330985915492959 0.04049295774647892
0 0.4758671385954617 0.8521632107459572 0.10783450704225352 0.054577464788732336
0 0.12950594190140843 0.8116697096157189 0.15052816901408453 0.05399061032863857
0 0.3812279929577465 0.8421779907842114 0.09507042253521121 0.045187793427230095
0 0.4780653975938967 0.688479177534342 0.10431338028169014 0.10680751173708908
0 0.27208131602112673 0.08518192488262913 0.10695422535211267 0.09507042253521125
0 0.42084861600156487 0.4608285515562511 0.1065140845070423 0.1596244131455399
0 0.59688753178795 0.7935359067988177 0.08142605633802817 0.11737089201877937
0 0.8807942708333333 0.7201345418188141 0.10431338028169014 0.06924882629107983
0 0.9203898303012519 0.7835273213354199 0.07966549295774648 0.08274647887323935
0 0.9234622579225353 0.522422730829421 0.06734154929577459 0.13204225352112675
