0 0.8534507887517147 0.4790561652187166 0.08024691358024698 0.15843621399176963
0 0.5563933363340192 0.013524519890260631 0.09529320987654318 0.162037037037037
0 0.3326313871742112 0.28360291876238375 0.10030864197530862 0.1800411522633745
0 0.44528544024348415 0.006849660874866636 0.09992283950617278 0.17541152263374485
0 0.4699583118998628 0.269678307422649 0.07330246913580246 0.14146090534979422
0 0.18794608410493827 0.027389117512574307 0.08680555555555555 0.13580246913580246
0 0.6466695066015089 0.45128886602652035 0.09297839506172842 0.16975308641975306
0 0.5444299768518519 0.45592897424173146 0.09027777777777778 0.18106995884773666
0 0.11773244598765431 0.28718278463648833 0.0902777777777778 0.1574074074074074
0 0.02166521990740741 0.4749404625819235 0.08680555555555555 0.15792181069958847
0 0.5598572530864198 0.25633763907940865 0.08333333333333333 0.1779835390946502
0 0.3403383273319616 0.46978737997256514 0.08719135802469134 0.14814814814814808
0 0.12390528549382715 0.4790533074226489 0.09027777777777782 0.15534979423868317
0 0.6856283221879287 0.25578894223441545 0.08256172839506166 0.14094650205761317
0 0.2666246034807956 0.2702079522938576 0.05054012345679016 0.15792181069958852
0 0.4452723122427983 0.456430517451608 0.08101851851851857 0.16718106995884777
0 0.31990553197873794 0.009928936137783876 0.10841049382716056 0.16769547325102885
0 0.8322313850308641 0.031021376314586187 0.07986111111111127 0.16975308641975306
0 0.5451828275034293 0.694023872123152 0.06327160493827166 0.10133744855967079
0 0.2677871013374486 0.4533083752476756 0.05787037037037036 0.12860082304526757
0 0.7257566015089163 0.03408017070568511 0.0895061728395062 0.13991769547325106
0 0.07260213048696845 0.009403577960676725 0.10262345679012345 0.1558641975308642
0 0.002763846021947874 0.29387717192501145 0.09104938271604938 0.1651234567901235
0 0.7913253386488339 0.26143070797134577 0.06404320987654333 0.12294238683127577
0 0.748113854595336 0.4368608062795306 0.06172839506172841 0.1430041152263374
0 0.25391134044924557 0.831409560280445 0.07677469135802464 0.14454732510288074
0 0.1594015239197531 0.8236992264898643 0.09375 0.15072016460905355
0 0.07026695387517147 0.8668729042828838 0.07330246913580246 0.11162551440329217
0 0.5475056798696846 0.804157616979119 0.07484567901234564 0.15689300411522636
0 0.6292947316529494 0.7063662170400853 0.07330246913580238 0.09773662551440339
0 0.06603330761316872 0.7022871894528273 0.08796296296296295 0.13683127572016454
0 0.45376023448216735 0.70125266727633 0.08140432098765428 0.13065843621399176
0 0.4529797882373114 0.8529840153939948 0.06867283950617278 0.11162551440329206
0 0.6744263867455419 0.8350084781283341 0.06288580246913572 0.1424897119341564
0 0.7222691079389575 0.718180345983844 0.0675154320987654 0.07921810699588476
0 0.2797627850651577 0.6919676878524614 0.08063271604938274 0.10288065843621397
0 0.752368666409465 0.8293452789208962 0.07754629629629635 0.1373456790123457
0 0.6254120584705075 0.8298444406340496 0.03780864197530865 0.12088477366255153
