0 0.3789067858367626 0.41837086572168874 0.07021604938271603 0.17386831275720163
0 0.8364492241083676 0.4754643918609968 0.0424382716049381 0.16820987654320985
0 0.7878357017318243 0.47133582914189914 0.03896604938271619 0.1538065843621399
0 0.6967914094650206 0.518641880048773 0.04629629629629627 0.13323045267489714
0 0.4583837019890261 0.39469878829446725 0.07253086419753087 0.1635802469135803
0 0.5606344843106996 0.4049797096479196 0.09143518518518508 0.15586419753086417
0 0.2524032278806585 0.10818568053650358 0.12731481481481485 0.17386831275720166
0 0.16748408564814815 0.6838191586648377 0.06597222222222224 0.191358024691358
0 0.08265228480795611 0.10458819158664837 0.13040123456790123 0.17746913580246915
0 0.297876478909465 0.41477242417314436 0.053240740740740755 0.17644032921810693
0 0.8927750450102881 0.482154968754763 0.0405092592592592 0.17181069958847736
0 0.6999413258744857 0.15813376390794084 0.13773148148148143 0.22890946502057613
0 0.8789215213477366 0.2033650548696845 0.09143518518518524 0.18981481481481483
0 0.7832127700617284 0.8426873761621704 0.04861111111111111 0.10236625514403291
0 0.6917746377743484 0.8123552049992379 0.044367283950617224 0.1213991769547326
0 0.32953344693072706 0.6951298392013413 0.08371913580246913 0.18467078189300412
0 0.22999453446502058 0.6935723403444597 0.08101851851851853 0.16923868312757195
0 0.8356776191700959 0.8483286655997562 0.04243827160493841 0.0838477366255145
0 0.7334391610939642 0.8339382335009906 0.04128086419753095 0.09773662551440328
0 0.7608386381172839 0.6317282045419905 0.052083333333333176 0.044238683127572065
0 0.12427260159465021 0.3694901691815272 0.0636574074074074 0.16049382716049376
0 0.05406110682441701 0.3710138507849413 0.07021604938271606 0.1394032921810699
0 0.042491051526063105 0.728526520347508 0.07600308641975308 0.14197530864197536
