0 0.7844173311042525 0.1525705875628715 0.11651234567901222 0.33179012345679015
0 0.00045787251371742115 0.6010821521109587 0.10378086419753087 0.279835390946502
0 0.5645412701474622 0.5712743865264441 0.1616512345679012 0.3096707818930041
0 0.9043874314128943 0.1561704580094498 0.09567901234567905 0.33076131687242794
0 0.38862338177297673 0.5723308184727937 0.17322530864197533 0.33950617283950624
0 0.5031729573902606 0.14689262307575066 0.12461419753086421 0.31069958847736623
0 0.3727744020061728 0.1345664723365341 0.1284722222222223 0.33179012345679015
0 0.07224767446844993 0.11760973936899861 0.14776234567901236 0.35185185185185186
0 0.22925990226337448 0.13406064243255603 0.13425925925925927 0.3410493827160494
0 0.6312738447359396 0.1397005029721079 0.14544753086419746 0.3209876543209877
0 0.10656185699588477 0.5676797553726567 0.11574074074074073 0.316358024691358
0 0.2242640282064472 0.5677040466392319 0.1624228395061728 0.3425925925925926
0 0.9001299404149521 0.6407374066453284 0.07600308641975302 0.32973251028806594
