0 0.7596887324245541 0.07474708504801096 0.06288580246913572 0.1712962962962963
0 0.8063764574759945 0.585532883706752 0.07098765432098762 0.15329218106995895
0 0.9059199245541838 0.4121775453436976 0.08024691358024683 0.15174897119341565
0 0.46533698774005483 0.5670900967840268 0.08526234567901238 0.235082304526749
0 0.2134245863340192 0.37570968602347204 0.1091820987654321 0.21090534979423872
0 0.5795417524005486 0.6107634125895443 0.09567901234567905 0.1800411522633745
0 0.21805635931069958 0.5845531359548849 0.11226851851851857 0.2062757201646091
0 0.5745252486282578 0.3793057460752934 0.09413580246913587 0.2057613168724281
0 0.08688298396776406 0.3906321444901692 0.11149691358024691 0.21604938271604937
0 0.6736751436042525 0.06295010288065844 0.09220679012345674 0.20833333333333334
0 0.6968214163237312 0.6066238949855205 0.08950617283950611 0.1538065843621399
0 0.7060825510116597 0.41218421353452217 0.09220679012345674 0.15895061728395057
0 0.3465151856138546 0.39061261621704013 0.09297839506172838 0.19495884773662545
0 0.09575885202331962 0.5999638012498094 0.11496913580246913 0.18312757201646096
0 0.5556286972736625 0.062431889193720475 0.10532407407407413 0.20421810699588477
0 0.4564680855624142 0.38441024615150127 0.09182098765432095 0.16306584362139914
0 0.351139188957476 0.5922401310775797 0.0848765432098765 0.1748971193415637
0 0.4233030049725652 0.04443777625361987 0.1118827160493827 0.21502057613168724
0 0.324901941872428 0.053685604328608444 0.08101851851851853 0.20267489711934158
0 0.007769365140603566 0.5244251066910531 0.0767746913580247 0.26800411522633744
0 0.8399415402091908 0.10046296296296296 0.07137345679012333 0.1666666666666667
0 0.8156343771433471 0.3787589544276787 0.06905864197530857 0.17078189300411523
0 0.902067526148834 0.5840082495046487 0.08834876543209873 0.17335390946502063
0 0.46533752357681757 0.8689371856424325 0.08603395061728397 0.11882716049382709
0 0.23848861882716046 0.8494093888126811 0.09027777777777782 0.1399176954732509
0 0.37774723508230457 0.8498975956409083 0.06712962962962961 0.11162551440329238
0 0.5675727666323731 0.8509402149062644 0.08256172839506175 0.12654320987654327
0 0.87350126457476 0.8437533340954123 0.06404320987654318 0.1424897119341563
0 0.010864626200274348 0.8581413846974547 0.0895061728395062 0.1260288065843621
0 0.009683641975308641 0.354556755829904 0.05555555555555555 0.14351851851851857
0 0.07338284465020578 0.027987825788751714 0.11574074074074073 0.22685185185185186
