0 0.6116423932613169 0.8787160874866636 0.20949074074074073 0.12448559670781884
0 0.7647071116255143 0.03715849336991312 0.06712962962962968 0.13117283950617284
0 0.4966614690500686 0.2244170096021948 0.19251543209876548 0.14814814814814814
0 0.351171875 0.21374218869074837 0.13194444444444445 0.2860082304526749
0 0.5815289030349794 0.3807717954580094 0.17939814814814825 0.1224279835390947
0 0.22889178240740743 0.6066248475842096 0.1597222222222222 0.154835390946502
0 0.04864620841906721 0.5217559251638471 0.05054012345679012 0.16306584362139914
0 0.026662165637860082 0.317018651882335 0.06018518518518518 0.15792181069958852
0 0.23232167352537725 0.3329622961438805 0.09876543209876544 0.154835390946502
0 0.2994336205418381 0.01960733882030178 0.07330246913580246 0.06481481481481481
0 0.38431471836419745 0.02732005410760555 0.0798611111111111 0.06121399176954733
0 0.5787570194615912 0.03505706066148453 0.07677469135802469 0.08384773662551442
0 0.09882544581618657 0.023790199664685263 0.08641975308641972 0.13786008230452673
0 0.039383734139231824 0.08346526825179089 0.045910493827160496 0.1424897119341564
0 0.6732751414609053 0.033500038103947576 0.07175925925925937 0.06893004115226338
0 0.21609626843278462 0.028339334705075447 0.06751543209876548 0.05092592592592592
0 0.10150302211934156 0.5356429088553575 0.053240740740740734 0.16100823045267493
0 0.783701185270919 0.22608977290047252 0.1963734567901235 0.28806584362139914
0 0.795581757973251 0.5701165028196921 0.08217592592592587 0.17026748971193417
0 0.8885379158093278 0.05772081237616217 0.05015432098765445 0.11625514403292182
0 0.8287296917866941 0.07262183737235178 0.03742283950617286 0.09825102880658436
0 0.4090521583504801 0.8684351661332114 0.1462191358024692 0.13220164609053503
0 0.2261954518175583 0.8643156531016613 0.16589506172839508 0.1275720164609054
0 0.3967110339506173 0.5711457857033988 0.1527777777777778 0.17078189300411534
0 0.8422418874314129 0.8987554298125285 0.05054012345679016 0.10030864197530867
0 0.6609712577160495 0.5650291495198903 0.13194444444444445 0.23148148148148148
0 0.07372229723936899 0.7660393804298125 0.04899691358024694 0.10030864197530867
0 0.07180346579218107 0.9208461934156379 0.06365740740740741 0.06944444444444454
0 0.0961403677983539 0.2017875514403292 0.10879629629629631 0.1527777777777778
0 0.11850619427297666 0.3818201303155007 0.09336419753086421 0.14351851851851857
0 0.000802147633744856 0.5073783531473861 0.043981481481481476 0.19084362139917693
0 0.47383160793895746 0.029378143575674438 0.09529320987654326 0.061728395061728385
0 0.9548895104595336 0.04745941929583905 0.04089506172839508 0.14506172839506173
0 0.9074687607167353 0.8946411560737693 0.08834876543209873 0.10133744855967079
