0 0.17183343114241 0.23972787341331941 0.25704225352112675 0.31455399061032857
0 0.00363299589201878 0.2303550469483568 0.16109154929577466 0.33274647887323955
0 0.5427596830985916 0.24742381759693968 0.09507042253521121 0.38673708920187794
0 0.6726119302621283 0.2608975612936881 0.11047535211267616 0.36091549295774655
0 0.7857272104851329 0.27261997913406366 0.10915492957746488 0.3450704225352113
0 0.9019023865414711 0.2755569683533299 0.07746478873239432 0.3480046948356807
0 0.546265832844288 0.6516317814293168 0.07350352112676045 0.24119718309859142
0 0.6364913438967137 0.6803708050773778 0.06866197183098587 0.22300469483568083
0 0.7108895124217527 0.6756732524778299 0.08934859154929574 0.22007042253521125
0 0.8081456621674492 0.675660754651365 0.067781690140845 0.20657276995305163
0 0.8746154880672926 0.6791840549469657 0.08010563380281689 0.2089201877934273
0 0.2483937915688576 0.6204817640410363 0.22227112676056338 0.19072769953051638
0 0.0005966353677621283 0.6187228308120327 0.22535211267605632 0.1924882629107981
