0 0.5177895126028806 0.3762083714372809 0.06134259259259262 0.19393004115226334
0 0.7369411222565158 0.0912037037037037 0.08410493827160492 0.16666666666666666
0 0.912082851080247 0.37620598994055787 0.06597222222222222 0.19135802469135804
0 0.5880170824759945 0.39316748590153944 0.07793209876543214 0.17644032921810698
0 0.3137061685528121 0.6271595412284713 0.07021604938271611 0.11008230452674889
0 0.09650875557270235 0.11435566224660874 0.08371913580246915 0.17078189300411523
0 0.5494400505829904 0.08862787684804146 0.08256172839506175 0.16255144032921814
0 0.5038987482853223 0.646685909160189 0.058641975308641986 0.08744855967078191
0 0.4325397590877916 0.367473041457095 0.07947530864197525 0.2042181069958848
0 0.6782715513545953 0.3741002705380277 0.044367283950617224 0.13940329218107
0 0.3341652199074074 0.3695225575369609 0.08680555555555555 0.19547325102880656
0 0.7411771797839506 0.3679198102423411 0.07291666666666667 0.13117283950617287
0 0.2670179076646091 0.3715487349489407 0.06134259259259258 0.16152263374485598
0 0.19062580375514407 0.17089953894223442 0.05671296296296294 0.12705761316872424
0 0.5729485489540467 0.6461600746837372 0.045910493827160476 0.0751028806584363
0 0.8217887302812071 0.3509611720774272 0.0424382716049381 0.14917695473251033
0 0.1940977580589849 0.3673825445816187 0.05632716049382714 0.10648148148148148
0 0.6543673375342937 0.0932384545038866 0.06674382716049373 0.1419753086419753
0 0.6254208997770919 0.6476923296753542 0.05054012345679016 0.06327160493827175
0 0.3812237439986283 0.1600923068129858 0.07330246913580246 0.1219135802469136
0 0.3858464077503429 0.643564719554946 0.06327160493827158 0.04989711934156381
0 0.450294174382716 0.17550582990397803 0.09027777777777786 0.10185185185185183
0 0.8592212148491083 0.055780845145557076 0.0563271604938273 0.24331275720164608
0 0.865773694701646 0.3499842821216278 0.04745370370370381 0.20524691358024694
0 0.9205812221364885 0.0644914075598232 0.08140432098765428 0.20627572016460904
0 0.40359734010631 0.8179722031702483 0.06905864197530866 0.07664609053497957
0 0.32681005658436213 0.8256834895595183 0.05092592592592595 0.07150205761316879
0 0.7172319744513033 0.8148657788446882 0.0362654320987654 0.0550411522633745
0 0.007387045610425239 0.08964906264288978 0.08179012345679011 0.15432098765432098
0 0.04597050754458162 0.32574064548087184 0.08641975308641976 0.13323045267489714
0 0.0008045588991769548 0.3241598079561043 0.0474537037037037 0.09259259259259259
0 0.09147537294238685 0.6585552888279226 0.05787037037037036 0.12860082304526763
0 0.08221075531550069 0.4769599718030788 0.05015432098765433 0.11676954732510296
0 0.003904642489711934 0.5252633935375706 0.06712962962962962 0.06224279835390942
0 0.15166055812757204 0.6466539971041 0.057870370370370336 0.05298353909465016
0 0.22998703275034293 0.6435785322359396 0.07021604938271607 0.06481481481481481
0 0.17983297968106993 0.8159055403139766 0.07060185185185186 0.06687242798353905
0 0.8515054333847737 0.6467125819234874 0.056712962962963014 0.1162551440329218
0 0.9309777949245543 0.9038956523395824 0.05246913580246905 0.0961934156378601
0 0.8437947423696845 0.9085209952751104 0.06442901234567905 0.09156378600823048
0 0.9074403613683129 0.6467097241274197 0.04745370370370365 0.11316872427983535
0 0.25700285065157746 0.11539875781130925 0.084104938271605 0.1862139917695473
0 0.047097908093278476 0.6857696044810242 0.043209876543209874 0.07561728395061725
0 0.0038832090192043897 0.6770428478890413 0.03626543209876543 0.095164609053498
