0 0.7575386345852895 0.520832789949574 0.0809859154929577 0.31631455399061037
0 0.2747001540492958 0.0935592723004695 0.07526408450704226 0.2693661971830986
0 0.5449539686032864 0.4844787862980351 0.08582746478873236 0.34976525821596244
0 0.6417883167057903 0.48273343766301524 0.0906690140845071 0.36619718309859145
0 0.7289368153364633 0.11000097809076681 0.09154929577464783 0.27992957746478875
0 0.8913402288732395 0.07366110241697096 0.07922535211267609 0.3286384976525822
0 0.8459971635367763 0.5372565640758129 0.06690140845070418 0.3075117370892019
0 0.5863143705985916 0.058375173882802986 0.06734154929577467 0.29870892018779344
0 0.11405913781298904 0.49854753521126755 0.0902288732394366 0.33274647887323944
0 0.010611673513302033 0.06016453660233003 0.06954225352112677 0.32981220657276994
0 0.26852992957746474 0.4703024474004521 0.06338028169014084 0.2505868544600939
0 0.19591402582159625 0.47206301078073376 0.07394366197183094 0.25058685446009393
0 0.09556405271909234 0.034359785254738304 0.07702464788732394 0.34800469483568075
0 0.5106055604460095 0.04783135541644931 0.06073943661971839 0.3198356807511737
0 0.6580521322378717 0.10413515040862459 0.05985915492957743 0.2828638497652582
0 0.0559342600743349 0.5020469266214572 0.05237676056338027 0.3092723004694835
0 0.49563282472613457 0.49265345157363927 0.04929577464788737 0.3051643192488263
0 0.004439003814553991 0.49854318814119275 0.054137323943661976 0.3280516431924883
0 0.19723322574334898 0.05428077725612938 0.07218309859154928 0.3133802816901408
0 0.9177364534428795 0.522574878282038 0.0616197183098592 0.2963615023474177
0 0.8195890184859156 0.10238599808728917 0.06734154929577459 0.29518779342723006
0 0.13441595755086072 0.9102911450182577 0.24911971830985913 0.08626760563380279
