0 0.5771481318466355 0.4931131542340462 0.17781690140845058 0.16784037558685452
0 0.3988651090571205 0.6773870848548078 0.1404049295774648 0.16960093896713624
0 0.40283462930359937 0.4608714788732394 0.15228873239436622 0.20598591549295775
0 0.0005495647496087637 0.7231894453138584 0.15757042253521128 0.19953051643192485
0 0.7664044160798122 0.7443297904712224 0.17165492957746473 0.21420187793427234
0 0.33410694199921753 0.09411080681620587 0.057658450704225414 0.23122065727699526
0 0.5563795970266041 0.1005727264823509 0.05985915492957735 0.238262910798122
0 0.69679186228482 0.10704334028864546 0.07042253521126764 0.2546948356807512
0 0.6228448381259781 0.09296481046774474 0.06558098591549298 0.261150234741784
0 0.22149874070813774 0.4696596244131455 0.15536971830985916 0.19014084507042253
0 0.4925533670774648 0.10467636063293341 0.05149647887323938 0.2335680751173709
0 0.272487529342723 0.09939738741088507 0.05809859154929578 0.23650234741784035
0 0.5745005624021908 0.6803229873065553 0.1681338028169015 0.17136150234741795
0 0.0005431460289514867 0.491384650495566 0.1483274647887324 0.20246478873239432
0 0.0005300029342723005 0.13038547643888018 0.12940140845070425 0.11208920187793425
0 0.009311729753521127 0.26948139454007997 0.09903169014084506 0.12441314553990614
0 0.802843187597809 0.09942401321509303 0.03785211267605636 0.2652582159624413
0 0.8499541519953052 0.08772387410885063 0.06073943661971823 0.3051643192488263
0 0.9269827733763694 0.21620370370370373 0.06646126760563378 0.2605633802816901
0 0.8261944933489828 0.4925464049730481 0.07218309859154932 0.18955399061032877
0 0.19202672633020343 0.7237855372978612 0.1804577464788732 0.20950704225352118
