0 0.0016645769032921811 0.1168929088553574 0.17476851851851852 0.13323045267489714
0 0.17638674554183814 0.11534827008078036 0.1080246913580247 0.13168724279835387
0 0.27977135845336076 0.10970078875171467 0.09297839506172838 0.14351851851851857
0 0.3704437800068586 0.09109558375247676 0.10570987654320992 0.049897119341563795
0 0.37276877572016454 0.14869636869379668 0.12037037037037039 0.036522633744855953
0 0.3785501864711934 0.183673887364731 0.11226851851851857 0.03446502057613169
0 0.3762316207990397 0.21814938652644417 0.1068672839506173 0.04578189300411521
0 0.5499150698731139 0.09119655921353452 0.21103395061728406 0.15895061728395063
0 0.7621166087962962 0.15187233272367018 0.22569444444444445 0.1332304526748971
0 0.0811138974622771 0.3211743636640756 0.13734567901234568 0.20164609053497937
0 0.22078778720850478 0.31400986892242033 0.15663580246913583 0.24176954732510292
0 0.3774142125342936 0.31091249428440787 0.14313271604938263 0.2299382716049383
0 0.5340869877400548 0.3016689529035208 0.1963734567901235 0.24691358024691365
0 0.7339080182613169 0.33817301097393687 0.1608796296296295 0.22685185185185186
0 0.894749067644033 0.3181293819539705 0.10532407407407413 0.24639917695473249
0 0.2277241941015089 0.6179945892394452 0.1450617283950617 0.21193415637860086
0 0.003937596450617284 0.6195401806127114 0.11458333333333333 0.21450617283950613
0 0.5043903785150893 0.6211214944368237 0.2110339506172839 0.25565843621399176
0 0.7300893775720164 0.6257073045267489 0.21759259259259253 0.20833333333333334
0 0.13663328403635117 0.6225232434080171 0.08526234567901236 0.10288065843621397
0 0.37735500257201643 0.6225470583752478 0.057870370370370315 0.1286008230452674
