0 0.6632373113854596 0.19109034445968603 0.06172839506172841 0.2664609053497943
0 0.14433191872427983 0.6257935147081237 0.060185185185185196 0.301440329218107
0 0.3518952546296296 0.6052188119189148 0.06249999999999996 0.30298353909465014
0 0.4930952074759945 0.16184508840115833 0.05709876543209873 0.3482510288065843
0 0.3561342592592593 0.16542733577198598 0.05555555555555555 0.32818930041152256
0 0.42326228137860084 0.16746970736168268 0.053240740740740713 0.31172839506172834
0 0.5536656592935529 0.15564986282578874 0.05632716049382714 0.324074074074074
0 0.282828843021262 0.20961314967230607 0.051311728395061706 0.2710905349794239
0 0.8113712598593963 0.2430541266575217 0.04128086419753095 0.2762345679012346
0 0.22649364497599456 0.2193910989178479 0.03973765432098766 0.2757201646090535
0 0.14432361325445817 0.20959790809327847 0.048225308641975315 0.25462962962962965
0 0.7627598808299041 0.2466516156073769 0.040895061728394924 0.2726337448559671
0 0.18559617198216738 0.2106424325560128 0.036265432098765434 0.2716049382716049
0 0.6169297625171468 0.23327046181984457 0.045524691358024685 0.2654320987654321
0 0.8464851787551441 0.6051349832342631 0.04976851851851857 0.2124485596707819
0 0.812138846021948 0.6045905730833714 0.03549382716049365 0.1800411522633745
0 0.5239631558641976 0.624782807498857 0.0625 0.32098765432098775
0 0.3310514724794239 0.6175897347965249 0.04745370370370369 0.330246913580247
0 0.6015046296296297 0.617585924401768 0.055555555555555476 0.3261316872427984
0 0.28436615869341564 0.6283583866788599 0.042824074074074084 0.2937242798353909
0 0.3935565629286695 0.6237382830361226 0.05478395061728389 0.30401234567901225
0 0.46223047410836765 0.6191419943606157 0.05632716049382714 0.3400205761316872
0 0.6574465234910838 0.625288637402835 0.05632716049382714 0.31172839506172845
0 0.9101372277949245 0.6340244436823654 0.04205246913580254 0.30195473251028804
0 0.9494834533607682 0.6519628295991465 0.033950617283950636 0.23096707818930043
0 0.21222082904663925 0.605227385307118 0.042438271604938294 0.31224279835390945
0 0.9220917459705076 0.23636926535589087 0.03433641975308635 0.2788065843621399
0 0.8734843857167353 0.2379096174363664 0.03973765432098762 0.2757201646090535
