0 0.6485998585390946 0.1273510135650053 0.09490740740740754 0.31687242798353915
0 0.3812599129801098 0.0913846974546563 0.1253858024691358 0.3621399176954732
0 0.5104951667524006 0.11964496646852614 0.11304012345679008 0.3276748971193416
0 0.07528988768861454 0.0867483996342021 0.08410493827160495 0.3549382716049383
0 0.2566382137345679 0.07698616826703246 0.11458333333333333 0.36728395061728397
0 0.02241190843621399 0.1288846974546563 0.05092592592592593 0.3065843621399177
0 0.1504983281893004 0.0924001676573693 0.05092592592592593 0.34773662551440326
0 0.9167245370370369 0.17001552735863434 0.08333333333333333 0.28343621399176955
0 0.8195103523662551 0.18954332418838593 0.09490740740740745 0.26234567901234573
0 0.7299929269547325 0.14482596021947874 0.0787037037037038 0.30092592592592593
0 0.5043167009602195 0.6114326131687242 0.10493827160493817 0.3472222222222222
0 0.2732228973765432 0.606299058832495 0.10763888888888892 0.3585390946502056
0 0.608862204218107 0.6057713191586648 0.09490740740740745 0.344135802469136
0 0.3885797110768176 0.6093797629934462 0.11033950617283952 0.352366255144033
0 0.7153418102709191 0.6108996342021034 0.09220679012345682 0.3271604938271605
0 0.10308132930384087 0.597541819082457 0.10378086419753085 0.345164609053498
0 0.00042947316529492454 0.6062828646547782 0.0628858024691358 0.3410493827160493
0 0.8986044131515775 0.6144880734644108 0.10146604938271603 0.31378600823045283
0 0.812559209962277 0.6165352080475537 0.08526234567901238 0.3024691358024692
