0 0.24858405135459533 0.8386269242493523 0.18325617283950615 0.16152263374485598
0 0.39790032364540473 0.04128134049687548 0.19868827160493827 0.13940329218106995
0 0.3160960005144033 0.4832175925925926 0.17824074074074073 0.20833333333333334
0 0.5089996463477365 0.4863059175430574 0.18171296296296302 0.21039094650205767
0 0.5919841499485597 0.20179183813443075 0.23495370370370372 0.1574074074074074
0 0.11008659122085049 0.42670134125895437 0.19135802469135801 0.28189300411522633
0 0.34584271047668036 0.19408436213991767 0.23572530864197527 0.16666666666666669
0 0.154842356824417 0.18224546563023927 0.19521604938271608 0.15843621399176955
0 0.6151186342592593 0.0407783683889651 0.21527777777777785 0.15174897119341565
0 0.8449730474108369 0.22657321673525374 0.09452160493827158 0.25462962962962965
0 0.8303013010116599 0.5552793019356805 0.07831790123456778 0.2572016460905349
0 0.9001221707818929 0.5845612330437433 0.06481481481481492 0.2150205761316873
0 0.9344596622085047 0.24713077274805667 0.0663580246913581 0.23456790123456794
0 0.7145597565157751 0.4559685070873343 0.07716049382716048 0.22376543209876534
0 0.8781555426954732 0.009882735101356501 0.09953703703703698 0.11779835390946501
0 0.5561112182784637 0.8674068358481938 0.2445987654320988 0.13271604938271608
0 0.44643963263031555 0.8674068358481938 0.09529320987654318 0.13271604938271608
0 0.13933899176954734 0.7692467802164304 0.0925925925925926 0.23096707818930043
0 0.8117846579218106 0.9187995351318398 0.08101851851851857 0.08127572016460899
