0 0.32421044453017833 0.11392270614235635 0.19637345679012339 0.2587448559670782
0 0.92944235468107 0.45844050068587106 0.06365740740740745 0.11574074074074074
0 0.33424532750342933 0.4348865454961134 0.20216049382716048 0.23302469135802475
0 0.6520715449245541 0.09896595412284713 0.09413580246913596 0.21656378600823045
0 0.8495699909979425 0.40807136869379673 0.04745370370370349 0.16152263374485593
0 0.8028817301097394 0.4265660722450846 0.038580246913580314 0.13580246913580243
0 0.5363417888374485 0.0943248933089468 0.10995370370370373 0.20421810699588472
0 0.007395618998628258 0.41990693110806276 0.09413580246913582 0.16615226337448566
0 0.7836159872256515 0.005225003810394757 0.07368827160493825 0.0874485596707819
0 0.8403179655349795 0.18223736854138087 0.057870370370370315 0.14969135802469136
0 0.806361989883402 0.641557117817406 0.05015432098765445 0.10390946502057609
0 0.8781223208161867 0.623559670781893 0.05169753086419746 0.1111111111111111
0 0.9653010866769547 0.19611196844993145 0.03356481481481476 0.13425925925925927
0 0.7384637024176953 0.6400086686480719 0.05439814814814825 0.09825102880658435
0 0.9078291109396434 0.19355090687395216 0.05169753086419746 0.1460905349794239
0 0.7484897440843622 0.4512312338058223 0.04745370370370365 0.10751028806584365
0 0.7785823366769548 0.1971345831428136 0.04745370370370365 0.12757201646090535
0 0.9363739390432099 0.6322754724889499 0.04513888888888905 0.07973251028806581
0 0.9448664158950616 0.0005977556774881878 0.052083333333333336 0.09002057613168725
0 0.8665616426611797 0.004202865416857187 0.07098765432098762 0.09465020576131687
0 0.5170990869341563 0.7084805098308185 0.17824074074074087 0.15895061728395057
0 0.3623711312585734 0.6966587600975461 0.1477623456790123 0.16923868312757195
0 0.0004589441872427984 0.6822307003505563 0.10532407407407408 0.1424897119341563
0 0.8287428197873798 0.842150110501448 0.05632716049382714 0.07767489711934149
0 0.733062199931413 0.8113025834476452 0.05401234567901238 0.09567901234567905
0 0.9105265132030179 0.8215506401463192 0.04706790123456794 0.0524691358024691
0 0.906281078532236 0.8714477594878829 0.044753086419753015 0.0524691358024691
0 0.2354206854423868 0.6781559594573999 0.11689814814814814 0.1862139917695472
0 0.1165895061728395 0.6616598079561042 0.1111111111111111 0.14814814814814814
0 0.10040027006172841 0.5011397843316567 0.13194444444444445 0.11985596707818931
0 0.18103995198902606 0.10056060432860843 0.14197530864197533 0.27211934156378603
0 0.09837962962962964 0.301440329218107 0.0 0.0
