0 0.6448647178208138 0.015561967483915841 0.08406690140845074 0.32805164319248825
0 0.909833785700313 0.45043362023995825 0.09022887323943662 0.34154929577464793
0 0.7284810861697966 0.49026799687010963 0.06910211267605636 0.2640845070422535
0 0.7993407056924882 0.5219385758998435 0.06470070422535201 0.24295774647887325
0 0.4925610084115806 0.010868218570683359 0.0625 0.329225352112676
0 0.750931631455399 0.010861697965571206 0.0739436619718311 0.3221830985915493
0 0.33190287558685444 0.46330638149886977 0.05281690140845075 0.3004694835680751
0 0.2592814700704225 0.4480416449313163 0.05545774647887324 0.2934272300469483
0 0.4815623777386541 0.47914873500260824 0.06954225352112675 0.2975352112676057
0 0.5673825068466354 0.013809554860024345 0.058978873239436624 0.33685446009389663
0 0.4054183171948357 0.4773974091462354 0.06998239436619724 0.3075117370892019
0 0.6598151408450704 0.44630390366892714 0.0633802816901408 0.318075117370892
0 0.1316397080399061 0.43514171448443745 0.054137323943661976 0.30516431924882637
0 0.19237669943270738 0.43749347939488786 0.05061619718309858 0.3098591549295775
0 0.41113831426056335 0.006764584420100852 0.06734154929577467 0.33392018779342725
0 0.13252579714397494 0.033724569640062596 0.06250000000000001 0.295774647887324
0 0.2685329861111111 0.012037037037037037 0.06778169014084506 0.323943661971831
0 0.5726651139475744 0.4732709528777604 0.06029929577464791 0.2875586854460093
0 0.20734271077856023 0.019665058250739 0.05237676056338035 0.3227699530516432
0 0.3327944664514867 0.021422361328464614 0.06910211267605632 0.31924882629107987
0 0.9283044185250391 0.047229829594853064 0.06822183098591555 0.30399061032863844
0 0.8464449457159625 0.014393149017562164 0.07790492957746473 0.33333333333333337
0 0.25399366686228486 0.8252754955659886 0.04665492957746476 0.17077464788732397
0 0.18885526701877936 0.8024006694487915 0.05017605633802814 0.18427230046948362
0 0.12019726868153364 0.805923426360633 0.05589788732394364 0.1860328638497651
0 0.4674647276017214 0.8276153060337333 0.050616197183098656 0.16255868544600938
0 0.7504777362089202 0.8633813684576594 0.05413732394366204 0.12793427230046944
0 0.9005654587245696 0.8645632281342376 0.05369718309859148 0.13673708920187783
0 0.6800527557707355 0.859277734307077 0.0506161971830985 0.13262910798122063
0 0.31693839250782474 0.8123804555729438 0.05325704225352108 0.18779342723004705
0 0.3957199359350548 0.8188168362023995 0.04797535211267608 0.16725352112676065
0 0.8279416079812206 0.8669106459746132 0.05281690140845083 0.13673708920187794
0 0.5352455007824726 0.8457996435402538 0.04929577464788737 0.153755868544601
0 0.6008255697378716 0.8821498435054773 0.04797535211267608 0.11619718309859142
0 0.8710631846635368 0.5436418666318902 0.035211267605633784 0.23180751173708908
0 0.9582138228677621 0.8639725699878282 0.03917253521126756 0.13262910798122052
