0 0.3658273425273866 0.8170535559033212 0.10123239436619716 0.1643192488262911
0 0.0616826829029734 0.007888302034428795 0.09066901408450702 0.2799295774647887
0 0.16248043818466354 0.019610176491045034 0.09859154929577467 0.26349765258215957
0 0.3477617004107981 0.06886465397322206 0.07262323943661969 0.21889671361502344
0 0.5066525454812207 0.4197807989914797 0.07262323943661965 0.19424882629107992
0 0.5858837050078247 0.08705822900365155 0.08098591549295778 0.2200704225352113
0 0.5022593896713615 0.08587473917579551 0.08450704225352115 0.20950704225352113
0 0.43446730731611893 0.41859133194227094 0.06954225352112675 0.17723004694835676
0 0.2641383020344288 0.03192433924534864 0.07746478873239436 0.25293427230046944
0 0.22188294698748046 0.40975047817770816 0.07482394366197183 0.13615023474178412
0 0.5858830937010955 0.43381259780907666 0.08010563380281689 0.13732394366197184
0 0.6668632017801251 0.4320531211963137 0.07174295774647893 0.13849765258215965
0 0.6725853384194053 0.09347559120153018 0.07218309859154926 0.17899061032863847
0 0.41994907814945226 0.08352677795166058 0.0787852112676056 0.2089201877934272
0 0.14221806533646322 0.39687173969744394 0.07570422535211269 0.1707746478873239
0 0.8851550273865415 0.11697204833941924 0.04577464788732392 0.20305164319248825
0 0.8160718652190923 0.4367436098069901 0.07306338028169014 0.13380281690140852
0 0.0009316314553990611 0.39628325508607204 0.07394366197183098 0.1690140845070422
0 0.919945104655712 0.4314934359241871 0.07306338028169014 0.1678403755868544
0 0.7368492639866979 0.4320574682663885 0.07702464788732391 0.1431924882629107
0 0.9525023840962441 0.14160200399930445 0.05413732394366188 0.18368544600938963
0 0.8257467111697966 0.11403288558511564 0.06117957746478864 0.19776995305164316
0 0.7496121258802818 0.10460626412797774 0.0752640845070423 0.1578638497652582
0 0.2108815654342723 0.7718684793948878 0.0779049295774648 0.16725352112676065
0 0.04978909917840377 0.7976840984176664 0.07658450704225353 0.16079812206572774
0 0.1276915835289515 0.7841989436619718 0.07306338028169014 0.17429577464788729
0 0.6747790126173709 0.7554490523387238 0.062059859154929516 0.18075117370892008
0 0.8561118446791863 0.8035238436793601 0.05457746478873228 0.12969483568075116
0 0.5590216647104852 0.7554811119805251 0.061619718309859114 0.21537558685445987
0 0.29758289319248826 0.7401979003651539 0.06866197183098591 0.18838028169014082
0 0.6241527288732394 0.7642616501478005 0.047535211267605605 0.19131455399061026
0 0.4679216793818466 0.8205475134759173 0.0748239436619719 0.1349765258215961
0 0.7993364265453833 0.7917976221526691 0.058538732394366216 0.1414319248826291
0 0.7390359081572768 0.7783097504781776 0.056778169014084764 0.15199530516431917
0 0.9208159110915495 0.8310750304294905 0.059419014084506866 0.096244131455399
0 0.0004820153560250391 0.0184348374195792 0.06029929577464789 0.26173708920187794
0 0.0004719287949921753 0.7900582507390018 0.045774647887323945 0.1643192488262911
