0 0.4151724858539095 0.7604442920286542 0.07060185185185183 0.168724279835391
0 0.33300218621399175 0.7594140565462582 0.07870370370370373 0.16718106995884782
0 0.5085452567729767 0.7578913275415333 0.08294753086419762 0.18930041152263366
0 0.6366322123628257 0.3468783340954123 0.08371913580246913 0.18415637860082307
0 0.6948862418552811 0.5803697988111569 0.0806327160493827 0.13271604938271586
0 0.5938081382887517 0.7733034217344916 0.08371913580246913 0.16769547325102888
0 0.4151548032407408 0.5803588439262308 0.04513888888888889 0.12088477366255143
0 0.28360098379629634 0.5757268327998781 0.052083333333333294 0.11831275720164613
0 0.5876010052297668 0.5911498818777624 0.034336419753086427 0.10853909465020582
0 0.24616903506515778 0.5808622923334856 0.03896604938271607 0.10905349794238688
0 0.5409239969135803 0.5839577617741198 0.041666666666666664 0.1188271604938272
0 0.09379259902263373 0.26556355738454507 0.06134259259259258 0.1419753086419753
0 0.4109377679183814 0.3345397995732358 0.08371913580246905 0.1918724279835391
0 0.46453698345336075 0.5860148986434995 0.044367283950617224 0.11831275720164604
0 0.37541098679698215 0.5783007544581619 0.036265432098765475 0.12037037037037027
0 0.7249793702846365 0.35357319768328 0.08140432098765428 0.19238683127572015
0 0.3306929976851852 0.06809175430574607 0.08680555555555555 0.205761316872428
0 0.16284909765089164 0.25631430041152264 0.05825617283950619 0.15277777777777773
0 0.2712601273148148 0.09326465096784027 0.05902777777777782 0.17026748971193417
0 0.8075167181069959 0.35766651425087637 0.04629629629629619 0.168724279835391
0 0.6524621699245542 0.08554907788446885 0.10108024691358024 0.17078189300411523
0 0.07797737697187929 0.0037075140984606006 0.06520061728395063 0.11522633744855969
0 0.036679633916323735 0.020667104862063707 0.04089506172839505 0.09825102880658436
0 0.10653051054526749 0.5027263374485595 0.07060185185185185 0.16666666666666677
0 0.9105463391632372 0.09891784788904129 0.0756172839506173 0.16460905349794241
0 0.15474644204389573 0.004726318396585887 0.05709876543209877 0.10442386831275721
0 0.00040750385802469137 0.502723479652492 0.03125 0.1635802469135803
0 0.03207250943072703 0.4929545800944977 0.07330246913580246 0.168724279835391
0 0.8252864047496571 0.10558794391098919 0.07908950617283937 0.14609053497942387
0 0.6817978930898491 0.7743598536808414 0.12229938271604944 0.1975308641975308
0 0.3364452053326475 0.5793243217497333 0.03665123456790127 0.11471193415637862
0 0.6254203639403292 0.5906430993750953 0.04976851851851849 0.11676954732510275
0 0.24735243055555556 0.7583776291723822 0.07638888888888892 0.15895061728395068
0 0.8792904449588477 0.5865426383173297 0.06712962962962968 0.13271604938271597
0 0.1401140796467764 0.7424544657826551 0.09760802469135801 0.18415637860082318
0 0.1748143325617284 0.5109691739064167 0.0659722222222222 0.1800411522633745
0 0.7763028870884774 0.5855066872427983 0.09837962962962968 0.125
0 0.8218289180384089 0.7908150434385003 0.10030864197530857 0.19135802469135788
0 0.9506515775034294 0.7321325826855662 0.0493827160493827 0.1476337448559671
0 0.4104938271604938 0.33539094650205764 0.0 0.0
