0 0.40794699502743487 0.2727513907940863 0.22145061728395063 0.1270576131687243
0 0.4098682377400549 0.14312700045724736 0.2102623456790124 0.1327160493827161
0 0.4117991255144033 0.4085290923639689 0.21296296296296294 0.10030864197530867
0 0.44486052169067214 0.8812676230757507 0.04359567901234571 0.1023662551440328
0 0.5054497277949246 0.8869255829903978 0.06983024691358032 0.10185185185185185
0 0.8087325317215365 0.7315610234720317 0.13040123456790112 0.08590534979423874
0 0.8087403013545954 0.83547382258802 0.14158950617283952 0.08950617283950624
0 0.6428942686899863 0.029445301783264745 0.21219135802469136 0.13425925925925927
0 0.41951624657064474 0.010932975156226184 0.2145061728395061 0.14094650205761317
0 0.6270836012517146 0.16831942539247063 0.22260802469135818 0.11831275720164611
0 0.6340151856138546 0.28663599298887366 0.20408950617283944 0.1224279835390946
0 0.40485789609053496 0.5299292219173906 0.21759259259259262 0.1013374485596709
0 0.4090942215363512 0.642088667885993 0.20679012345679007 0.1224279835390947
0 0.4067729766803841 0.7752881611034904 0.19753086419753088 0.08899176954732498
0 0.6066146369170097 0.9038889841487577 0.19174382716049373 0.08899176954732509
0 0.6147156850137174 0.7871213420210335 0.19058641975308652 0.09104938271604932
0 0.6170350544410151 0.6523714944368237 0.197145061728395 0.11676954732510286
0 0.6305400162894376 0.5345755220240817 0.1998456790123458 0.11934156378600826
0 0.6270731524348422 0.42550821140070116 0.20756172839506168 0.10442386831275714
0 0.1992246442043896 0.009378334095412286 0.21682098765432098 0.12860082304526751
0 0.1957540294924554 0.14413675506782506 0.21913580246913575 0.11213991769547325
0 0.19574706361454047 0.26966258954427674 0.20910493827160487 0.12448559670781895
0 0.19575001071673526 0.4028730376467002 0.21334876543209877 0.10288065843621397
0 0.19806027091906722 0.5196397271757355 0.20679012345679007 0.09979423868312752
0 0.19806241426611798 0.6405345031245236 0.2098765432098766 0.11059670781893005
0 0.20153008187585736 0.8658502895900015 0.20331790123456786 0.11831275720164613
0 0.19805946716392317 0.7675763984148758 0.20563271604938269 0.09362139917695471
0 0.8689182527434842 0.11121827846364885 0.13117283950617287 0.11574074074074074
0 0.8631352344821673 0.23672934766041764 0.13695987654320985 0.11213991769547325
0 0.8527212469993142 0.36842040085352845 0.14081790123456794 0.11625514403292185
0 0.8369041495198903 0.49392908855357404 0.14197530864197525 0.1100823045267491
0 0.8311122899519888 0.6101747065996037 0.13503086419753096 0.09979423868312762
0 0.8064233431927298 0.938328760859625 0.138503086419753 0.06172839506172847
0 0.040231427897805205 0.11684670781893003 0.15547839506172842 0.08333333333333334
0 0.03714420438957476 0.23362435223289132 0.15432098765432098 0.09207818930041156
0 0.03367734053497943 0.3437195168419448 0.16203703703703703 0.10596707818930043
0 0.03251457475994513 0.47385926306965404 0.15432098765432098 0.10133744855967074
0 0.03945660793895748 0.59988949855205 0.15084876543209877 0.10288065843621408
0 0.04254704646776406 0.731069482548392 0.1566358024691358 0.11059670781893005
0 0.035995370370370365 0.8720116979119037 0.16666666666666669 0.10596707818930043
