0 0.25578357296557125 0.8158401799687011 0.08890845070422537 0.12147887323943657
0 0.5700530002934272 0.44903712397843853 0.10167253521126757 0.10093896713615028
0 0.3354619033646323 0.23660776386715354 0.10739436619718307 0.11384976525821591
0 0.559045811326291 0.564650169535733 0.09639084507042249 0.10387323943661973
0 0.5713777019757434 0.24071248478525475 0.10783450704225352 0.11032863849765256
0 0.3323815287558685 0.11688565032168319 0.108274647887324 0.10974178403755867
0 0.4701324701682316 0.4267382846461485 0.08934859154929574 0.10269953051643194
0 0.3622976574726135 0.43318553295079115 0.08890845070422533 0.09389671361502352
0 0.23158683000782476 0.5552463701964875 0.10475352112676053 0.08861502347417859
0 0.4604475376564946 0.5622837332637801 0.08670774647887325 0.08333333333333344
0 0.2219040370696401 0.11570705094766129 0.10519366197183098 0.10446009389671362
0 0.6910914270344288 0.25009943922796035 0.10123239436619731 0.10739436619718311
0 0.22718358763693272 0.23366099374021912 0.102112676056338 0.10035211267605636
0 0.680087294600939 0.46195715962441314 0.10035211267605636 0.11091549295774654
0 0.4538610133020344 0.11630531646670143 0.1091549295774648 0.11678403755868547
0 0.09778859790688575 0.5382145496435402 0.1113556338028169 0.07453051643192486
0 0.573133374902191 0.11747793861937054 0.10079225352112675 0.11561032863849766
0 0.3455735279733959 0.5441080898974092 0.09066901408450702 0.10152582159624414
0 0.3543751222613459 0.7154668753260303 0.08890845070422533 0.0985915492957747
0 0.45517807365023477 0.2413009693966267 0.10431338028169014 0.11208920187793422
0 0.07492358665884194 0.6192276343244653 0.14348591549295772 0.10387323943661973
0 0.2562289099178404 0.42379912189184493 0.09639084507042249 0.09741784037558684
0 0.884313563673709 0.5881167405668579 0.10167253521126757 0.09565727699530513
0 0.043203491784037554 0.11809793948878455 0.10035211267605636 0.15140845070422532
0 0.662041214299687 0.5881167405668579 0.09991197183098587 0.09565727699530513
0 0.4538393119131455 0.7201443227264823 0.0779049295774648 0.07981220657277001
0 0.2566562133215962 0.7195525778125543 0.0779049295774648 0.07453051643192486
0 0.11933563184663536 0.3434353808033385 0.08274647887323947 0.13556338028169018
0 0.5555207110719874 0.7512514127977742 0.09066901408450702 0.0839201877934273
0 0.6897557218309859 0.13857970352982088 0.079225352112676 0.08861502347417842
0 0.15540945324726135 0.122761802295253 0.05721830985915493 0.11795774647887325
0 0.9168723713810641 0.13625510780733785 0.08494718309859163 0.11326291079812205
0 0.9230248679577463 0.2665270170405147 0.07130281690140852 0.10269953051643194
0 0.9366585362871674 0.7535803555903321 0.05589788732394364 0.06396713615023478
0 0.3464538096635368 0.8340038688923664 0.09066901408450702 0.09037558685446019
0 0.6611526799687012 0.8527870153016867 0.08802816901408453 0.09448356807511739
0 0.4547238727503913 0.8381009824378369 0.08406690140845068 0.07863849765258216
0 0.0537668720657277 0.7923491566684056 0.10035211267605632 0.10328638497652576
0 0.5458391407472614 0.8604128629803512 0.09286971830985911 0.09096244131455407
0 0.8614054553012519 0.8686174143627196 0.07174295774647893 0.07863849765258216
0 0.9516144610719875 0.8668622848200314 0.043133802816901344 0.08450704225352118
0 0.04581805066510172 0.33875358633281166 0.06249999999999999 0.1496478873239437
0 0.16774348347026605 0.7994060815510347 0.07174295774647883 0.11913145539906099
0 0.6884398840962441 0.7377466962267432 0.08582746478873236 0.07629107981220669
0 0.8367560397104852 0.7348124239262737 0.06954225352112675 0.07629107981220658
0 0.7553504621478875 0.8510313423752391 0.099031690140845 0.09976525821596233
0 0.018092539612676057 0.534148952356112 0.06734154929577464 0.12030516431924883
0 0.7738464642018781 0.5857839940879848 0.11355633802816906 0.11150234741784036
0 0.8772441070031299 0.4900979177534342 0.0625 0.08039906103286387
