0 0.017780671296296294 0.13393680460295687 0.04861111111111111 0.2073045267489712
0 0.39856958376200274 0.693569482548392 0.05131172839506175 0.1661522633744856
0 0.12156287508573388 0.155004953513184 0.05054012345679012 0.1831275720164609
0 0.6015153463648835 0.7907178783721993 0.07098765432098762 0.08641975308641979
0 0.10151507844650205 0.7367455418381345 0.07060185185185185 0.12962962962962962
0 0.5363093707133059 0.732584590763603 0.06327160493827166 0.08024691358024698
0 0.22187124914266118 0.44305317405883254 0.05015432098765433 0.16409465020576128
0 0.8920173718278462 0.7490840763603109 0.06057098765432111 0.12191358024691354
0 0.5482681755829903 0.4122232700807804 0.06172839506172849 0.2011316872427983
0 0.04825451174554184 0.4342773586343545 0.04205246913580247 0.13065843621399176
0 0.3009779020919067 0.09898167200121932 0.07484567901234568 0.23353909465020578
0 0.7465615354938271 0.4147976680384088 0.04861111111111111 0.20370370370370375
0 0.17982092335390945 0.16425278158817253 0.053240740740740755 0.1707818930041152
0 0.3773692022462277 0.10000333409541229 0.07831790123456786 0.22582304526748972
0 0.3356896754972565 0.49394147233653396 0.059799382716049405 0.12345679012345682
0 0.743091724537037 0.07223174820911447 0.052083333333333336 0.23251028806584365
0 0.5988080311213991 0.059391194177716815 0.06134259259259262 0.2536008230452675
0 0.47380722736625513 0.050647767108672456 0.06018518518518524 0.2551440329218107
0 0.6913928540809328 0.41480052583447646 0.05015432098765436 0.2067901234567901
0 0.4062917952674897 0.4559080170705685 0.06018518518518516 0.15843621399176946
0 0.2423211912722908 0.1642489711934156 0.05362654320987659 0.16666666666666669
0 0.61694235468107 0.4081051859472642 0.06365740740740738 0.1980452674897119
0 0.07217640817901234 0.13393680460295687 0.04513888888888889 0.2073045267489712
0 0.2704925411522634 0.48930660341411375 0.06481481481481484 0.11779835390946497
0 0.48383969907407404 0.4301983310470965 0.0625 0.169753086419753
0 0.1254128622256516 0.43119427297668034 0.03896604938271605 0.13425925925925927
0 0.5444013095850481 0.054215249199817094 0.0489969135802469 0.21913580246913583
0 0.1670872985253772 0.4425154320987654 0.05015432098765433 0.13888888888888884
0 0.854202031893004 0.0804745846669715 0.050925925925925875 0.24588477366255143
0 0.947949620627572 0.40394995046486815 0.04745370370370365 0.15483539094650212
0 0.8001800411522633 0.06554498171010516 0.03703703703703714 0.23302469135802464
0 0.8175556198559671 0.44099746608748663 0.057870370370370315 0.1661522633744856
0 0.7253340942215363 0.747554202865417 0.03665123456790127 0.1363168724279835
0 0.46570859053497937 0.826701817558299 0.06481481481481484 0.06018518518518529
0 0.2118425282921811 0.7203151196463955 0.053240740740740713 0.1625514403292181
0 0.8264167524005487 0.7171863092516385 0.04012345679012349 0.11676954732510286
0 0.6755685228052126 0.7532145442767871 0.04089506172839508 0.13837448559670784
0 0.01778415423525377 0.7326417466849566 0.05362654320987654 0.14197530864197536
0 0.766626478909465 0.73056841563786 0.05324074074074064 0.125
0 0.2658487118484225 0.7357324531321445 0.04436728395061726 0.14660493827160498
0 0.3137064364711934 0.8056255715592135 0.07060185185185183 0.07561728395061736
0 0.464550379372428 0.7644509221155311 0.06365740740740738 0.05144032921810709
0 0.6030534657921811 0.7053155006858711 0.06365740740740738 0.07407407407407407
0 0.9618320794753086 0.8354447683279987 0.03819444444444445 0.05812757201646095
0 0.9618320794753086 0.7783402873037647 0.03819444444444445 0.051954732510288044
