0 0.35582427769204394 0.18061128257887518 0.16473765432098755 0.06018518518518518
0 0.1856725287208505 0.28811633135192805 0.1462191358024691 0.05452674897119339
0 0.1868355624142661 0.3482848460600519 0.15432098765432103 0.03652263374485598
0 0.3330688978909465 0.2881244284407865 0.17476851851851857 0.06327160493827158
0 0.34695216049382716 0.35136697911903675 0.16666666666666666 0.03189300411522635
0 0.5205852409122085 0.1852675849718031 0.19830246913580254 0.08899176954732513
0 0.5294479809670782 0.2454699169333943 0.1828703703703704 0.1075102880658436
0 0.5225099665637861 0.3169381572930956 0.1921296296296296 0.07098765432098762
0 0.7293108067558299 0.20017003886602652 0.20756172839506173 0.07253086419753087
0 0.7258409957990398 0.2819882639841488 0.21103395061728397 0.10288065843621402
0 0.9379289373285322 0.2593549954275263 0.062114197530864286 0.10339506172839508
0 0.2161511917009602 0.629713934613626 0.14660493827160492 0.09104938271604932
0 0.3615813078703704 0.5782888469745466 0.12152777777777778 0.1075102880658436
0 0.3523228523662551 0.678023071940253 0.12268518518518524 0.042695473251028675
0 0.49549629200960216 0.6071068625209571 0.18132716049382713 0.11985596707818931
0 0.4920259452160494 0.46049335086114923 0.1840277777777778 0.11059670781893
0 0.6791291580932785 0.610190424477976 0.16820987654320985 0.11676954732510286
0 0.7755639681927297 0.4785003238835543 0.14544753086419762 0.11368312757201651
0 0.8257260588134431 0.5798291990550221 0.15663580246913572 0.10442386831275714
0 0.8496393818587107 0.6857429317177259 0.14737654320987634 0.046810699588477354
0 0.21503156078532237 0.8370827617741199 0.2010030864197531 0.16049382716049376
0 0.4059906550068587 0.8083052316720013 0.18209876543209874 0.19187242798353904
0 0.5476050775891633 0.8056955875628715 0.21797839506172834 0.1512345679012345
0 0.793722672325103 0.814426630848956 0.18287037037037032 0.1363168724279836
0 0.24467512217078188 0.5751590839811005 0.10995370370370369 0.06069958847736635
0 0.20495327503429356 0.24696406797744241 0.13271604938271603 0.05452674897119344
