0 0.7729457037363068 0.1163683489827856 0.08406690140845068 0.18485915492957747
0 0.255794576486698 0.6580562076160668 0.10475352112676058 0.20774647887323947
0 0.36978708186619713 0.6780206703182056 0.09903169014084506 0.22007042253521125
0 0.8587805042057902 0.7026381281516259 0.09463028169014097 0.18720657276995295
0 0.17213297143974962 0.6861725134759171 0.05457746478873238 0.15082159624413155
0 0.4912488385172144 0.6756417362197878 0.07438380281690142 0.18603286384976522
0 0.6743474300665102 0.7225542296991827 0.07438380281690142 0.147300469483568
0 0.5977748435054773 0.40039340984176663 0.09154929577464799 0.17136150234741784
0 0.4921303428208137 0.39274528342896886 0.07614436619718311 0.1508215962441315
0 0.46664129743740224 0.22718874978264653 0.13248239436619724 0.08215962441314552
0 0.053731110622065724 0.7031701008520257 0.0488556338028169 0.12793427230046944
0 0.705614241001565 0.4039161667536081 0.09859154929577467 0.1731220657276995
0 0.0845779538341158 0.5158874543557642 0.10211267605633804 0.04577464788732386
0 0.6264075337441315 0.1479394887845592 0.1254401408450705 0.0563380281690141
0 0.4062863727503912 0.40150734654842635 0.05237676056338035 0.10680751173708913
0 0.4371613360719875 0.13738751956181536 0.14612676056338028 0.0686619718309859
0 0.11886920481220657 0.7125412971657104 0.04489436619718309 0.10798122065727703
0 0.774246258802817 0.6837968396800556 0.05545774647887324 0.12030516431924883
0 0.09382733030125195 0.4454649191444966 0.11135563380281689 0.04577464788732392
0 0.6127698919209702 0.22836082855155623 0.13512323943661972 0.08039906103286387
0 0.23026212832550863 0.4443009911319771 0.09859154929577463 0.05633802816901405
0 0.0035672804186228486 0.23303610241697095 0.06646126760563381 0.05927230046948353
0 0.0004667326877934273 0.7084572248304642 0.03829225352112676 0.13380281690140847
0 0.8134518045774647 0.4133063814988697 0.10299295774647893 0.17370892018779346
0 0.9296162827660407 0.4109013649800035 0.05589788732394349 0.11150234741784042
0 0.8591916079812206 0.12802882107459573 0.05281690140845083 0.10211267605633802
0 0.9573384316314555 0.7172801469309685 0.04621478873239448 0.1555164319248826
0 0.5784040615219094 0.7331246739697445 0.08494718309859148 0.15492957746478875
0 0.8645102821791864 0.24540677708224656 0.1060739436619719 0.1097417840375587
0 0.32702464788732394 0.4424882629107981 0.0 0.0
0 0.28795481220657276 0.12339430099113197 0.147887323943662 0.16725352112676056
0 0.08243654636150234 0.10698193792383934 0.18749999999999997 0.18838028169014084
0 0.45081120402973396 0.062266888367240474 0.1540492957746479 0.06514084507042253
