0 0.11620343578532236 0.7424568472793781 0.11072530864197531 0.18672839506172847
0 0.8545956039951991 0.0006430041152263374 0.062114197530864126 0.1388888888888889
0 0.3704303840877914 0.7629896357262613 0.08641975308641976 0.139917695473251
0 0.2334830997085048 0.377723479652492 0.10455246913580246 0.16358024691358025
0 0.897429858967764 0.3391203703703704 0.07677469135802475 0.13888888888888884
0 0.23310211977023318 0.7424611339734796 0.11149691358024695 0.1913580246913581
0 0.3600265775034294 0.5798630163084896 0.10493827160493825 0.1409465020576131
0 0.22691829561042526 0.017765012955342174 0.09567901234567901 0.2973251028806584
0 0.3588528270747599 0.014703360768175583 0.08140432098765436 0.32407407407407407
0 0.13624239111796982 0.38233167581161404 0.07793209876543213 0.140432098765432
0 0.5999943737139918 0.3782112101813748 0.1030092592592592 0.13477366255144033
0 0.11967297882373114 0.011089201341258953 0.1068672839506173 0.30967078189300407
0 0.6003694594478739 0.578316472336534 0.08757716049382715 0.1373456790123457
0 0.48385872127914953 0.39980995656149976 0.08989197530864199 0.1280864197530864
0 0.48732960390946506 0.5829360996799269 0.08796296296296294 0.12654320987654316
0 0.6007584769375858 0.7414080361225422 0.09220679012345674 0.16512345679012339
0 0.23386247213648836 0.5475032388355433 0.09529320987654318 0.1923868312757202
0 0.4896436149691358 0.747032178783722 0.08680555555555548 0.12808641975308646
0 0.11504415294924554 0.5706204275262918 0.10802469135802469 0.1589506172839505
0 0.8619432656035665 0.7743403254077121 0.08719135802469143 0.1764403292181071
0 0.47577401620370374 0.011117779301935679 0.11458333333333333 0.3405349794238683
0 0.606924618484225 0.023948331047096483 0.08256172839506166 0.308641975308642
0 0.34651813271604937 0.3720498018594726 0.09722222222222227 0.14711934156378603
0 0.8835433813443072 0.5191662856271909 0.08024691358024698 0.14403292181069957
