0 0.3245327503429356 0.2079746799268404 0.10493827160493825 0.16820987654320993
0 0.6925604423868312 0.07422791876238378 0.06481481481481476 0.1661522633744856
0 0.7635464891975308 0.05265203475080018 0.0625 0.19753086419753088
0 0.6547451024519889 0.32983967764060357 0.05516975308641984 0.11574074074074074
0 0.6119328167866941 0.08347479423868312 0.07214506172839508 0.1527777777777778
0 0.44182205932784635 0.19666352309099225 0.11265432098765436 0.17438271604938274
0 0.7153201088820302 0.5330285017527816 0.060956790123456825 0.11522633744855969
0 0.1991437328532236 0.21569835009907026 0.10030864197530862 0.17644032921810704
0 0.23230908136145403 0.49962610501447957 0.0806327160493827 0.15174897119341565
0 0.10038097993827161 0.4754662970583753 0.10416666666666667 0.17026748971193417
0 0.46109905478395063 0.4610358558146624 0.09374999999999992 0.14094650205761317
0 0.0016340342078189302 0.0011397843316567598 0.13078703703703703 0.11985596707818931
0 0.273235221622085 0.0006239521414418534 0.12538580246913583 0.1183127572016461
0 0.0637401941872428 0.19618055555555558 0.11921296296296298 0.20833333333333334
0 0.33340540337791497 0.47501333638164916 0.10378086419753087 0.23662551440329216
0 0.5802929955418381 0.2979800144795 0.06635802469135801 0.15174897119341565
0 0.00044554826817558296 0.4656959686023472 0.08603395061728394 0.17386831275720163
0 0.8464905371227709 0.06702484377381497 0.0574845679012346 0.1646090534979424
0 0.9105439278978052 0.06600746837372351 0.07214506172839508 0.17695473251028807
0 0.794419260116598 0.3144232967535437 0.07484567901234555 0.13271604938271603
0 0.8862330139746228 0.31957971345831426 0.06442901234567905 0.14609053497942387
0 0.73074577760631 0.3133944901691815 0.05169753086419762 0.13271604938271603
0 0.7986738040123457 0.5443325140984606 0.09027777777777778 0.10133744855967079
0 0.6732486175411522 0.5335524310318549 0.03356481481481492 0.12551440329218116
0 0.14630138674554186 0.0037027511050144795 0.11844135802469137 0.11008230452674897
0 0.4310319144375857 0.005250247675659198 0.1304012345679012 0.11471193415637858
0 0.6180906528635117 0.5428097850937358 0.05054012345679016 0.12345679012345671
0 0.00466017232510288 0.21466239902453896 0.04398148148148148 0.16872427983539096
0 0.577952996399177 0.5330408855357415 0.0300925925925927 0.12860082304526751
0 0.1856218921467764 0.7310490016765737 0.07330246913580246 0.08847736625514402
0 0.6725295246056242 0.7449431298582534 0.10918209876543199 0.09413580246913576
0 0.8202473958333333 0.7254058070416096 0.04513888888888889 0.10493827160493831
0 0.39979263117283953 0.7413423068129859 0.14583333333333343 0.09413580246913576
0 0.9664560828189301 0.31496437280902306 0.03009259259259254 0.16152263374485598
0 0.9012720764746228 0.5268066034141138 0.05401234567901238 0.06224279835390942
