0 0.6466671557120501 0.07355242566510173 0.14436619718309857 0.21126760563380276
0 0.8412219410211268 0.8035776386715354 0.1624119718309861 0.18779342723004694
0 0.16376754450312989 0.034857524778299426 0.0506161971830986 0.2517605633802817
0 0.11226831474960877 0.044236871848374194 0.04665492957746478 0.2406103286384976
0 0.2157124168622848 0.38697454790471225 0.06250000000000004 0.25645539906103276
0 0.7958776530712052 0.0764828942792558 0.1483274647887323 0.20715962441314553
0 0.2694004303599374 0.08234709181011998 0.04929577464788737 0.20246478873239432
0 0.05681301349765259 0.044242849069727 0.05017605633802816 0.2470657276995305
0 0.16024886296948357 0.3840413623717614 0.054137323943661955 0.2576291079812207
0 0.22581976232394366 0.0729617675186924 0.039612676056338045 0.20715962441314553
0 0.6162277484350547 0.4749299034950444 0.044014084507042306 0.17781690140845072
0 0.4961392923513302 0.07824454442705617 0.14480633802816906 0.20833333333333337
0 0.6708727626173709 0.482557381324987 0.1412852112676056 0.176056338028169
0 0.366284905614241 0.09173132933402887 0.12632042253521128 0.1965962441314554
0 0.001356795285602504 0.028411906624934796 0.05237676056338028 0.26232394366197187
0 0.3182560641627543 0.0964114936532777 0.049295774647887335 0.1807511737089202
0 0.008461707746478872 0.39284635280820723 0.1426056338028169 0.25997652582159625
0 0.4719248214984351 0.45148452443053383 0.13512323943661966 0.2089201877934272
0 0.2887635710093897 0.4514742001391063 0.04489436619718311 0.19776995305164316
0 0.8293219385758998 0.4843190314727873 0.13908450704225367 0.17723004694835684
0 0.9467793304968702 0.08293503303773256 0.05237676056338027 0.20363849765258218
0 0.296865830399061 0.7618876065032169 0.30369718309859156 0.16255868544600946
0 0.0006146689162754304 0.8252776691010258 0.25132042253521125 0.17312206572769945
0 0.595689064945227 0.8622136367588246 0.25704225352112675 0.13438967136150234
0 0.339876149256651 0.4485459050599896 0.12588028169014084 0.2042253521126761
0 0.27970431093505477 0.9208480046948356 0.309419014084507 0.07922535211267603
