0 0.7905531714593115 0.8188298774126238 0.08670774647887325 0.18133802816901415
0 0.8266419698748044 0.1985741610154756 0.08274647887323947 0.23474178403755866
0 0.8838553892801253 0.826451921404973 0.07570422535211255 0.17370892018779344
0 0.11579738849765257 0.5007672578681969 0.05809859154929578 0.1948356807511738
0 0.37682230535993744 0.5154478568944532 0.08890845070422533 0.2048122065727699
0 0.45955900332550864 0.22965408189880024 0.07482394366197183 0.2095070422535211
0 0.30638723836071985 0.5277506085898105 0.07086267605633804 0.18192488262910791
0 0.3019910260172144 0.23670285602503913 0.0783450704225352 0.21654929577464785
0 0.5453879963810642 0.2138253129890454 0.077024647887324 0.22711267605633803
0 0.23771548562206574 0.24490360372109202 0.056778169014084494 0.20011737089201873
0 0.7183621258802818 0.2144143409841767 0.0752640845070423 0.22946009389671362
0 0.6373771273474179 0.21851417144844373 0.07658450704225352 0.22065727699530516
0 0.8807719581377152 0.5113219440097374 0.07218309859154917 0.18544600938967146
0 0.3917690605438185 0.23142062250043471 0.06294014084507041 0.215962441314554
0 0.1105459580399061 0.004264475743348983 0.10167253521126758 0.16901408450704225
0 0.577074469385759 0.5043052295253 0.07174295774647885 0.2130281690140845
0 0.6554222906885758 0.5037205486002433 0.07570422535211278 0.2153755868544602
0 0.7399296385954617 0.5066412363067292 0.07614436619718311 0.2007042253521126
0 0.2320000733568075 0.5195509476612763 0.06602112676056338 0.19953051643192485
0 0.33013864436619716 0.7853210311250217 0.04753521126760568 0.11854460093896722
0 0.0449313502543036 0.5101389975656407 0.053257042253521125 0.17546948356807515
0 0.017660040101721442 0.0007514997391757956 0.07834507042253522 0.1778169014084507
0 0.8050533670774649 0.05758672404799165 0.051496478873239465 0.08098591549295775
0 0.37812408303990613 0.0013231394540079986 0.0620598591549296 0.16138497652582157
0 0.6254957697574335 0.0007270474700052166 0.08010563380281698 0.15140845070422537
0 0.5066445984937402 0.49490577725612944 0.06117957746478879 0.20246478873239432
0 0.4670288659037559 0.005419166231959659 0.05677816901408453 0.14847417840375587
0 0.5422944786776214 0.0007313945400799861 0.05897887323943654 0.15610328638497653
0 0.0004777362089201878 0.25253488523735 0.05413732394366197 0.20246478873239437
0 0.9190596268583724 0.20795676838810642 0.06558098591549298 0.227112676056338
0 0.8613907839397495 0.05699715266910103 0.050616197183098656 0.07805164319248825
0 0.9216864118740219 0.04995435576421492 0.04533450704225351 0.07746478873239437
0 0.4908025846048514 0.821724482698661 0.06558098591549298 0.13849765258215954
0 0.6294438942683882 0.7900620544253173 0.06117957746478871 0.16842723004694837
0 0.21659911727308293 0.8358193140323422 0.07174295774647889 0.1496478873239437
0 0.7003062646713615 0.7929919796557121 0.06073943661971847 0.16373239436619721
0 0.5594657790492957 0.800040753781951 0.06734154929577474 0.17077464788732374
0 0.06958351672535212 0.8334833072509128 0.05941901408450705 0.1619718309859155
0 0.14660266285211268 0.8399278386367589 0.051496478873239465 0.15023474178403756
0 0.23420719630281692 0.000747152669101026 0.07526408450704226 0.17312206572769956
0 0.3116567023669796 0.0036797948182924712 0.05325704225352123 0.17136150234741784
0 0.7764405443075119 0.0035798122065727705 0.04621478873239432 0.06338028169014084
0 0.8261779880672926 0.0023946922274387067 0.04841549295774649 0.051056338028169015
0 0.8873609277190925 0.007081920535559033 0.05325704225352108 0.04284037558685446
0 0.1760878203247261 0.5101569292296992 0.04533450704225353 0.1948356807511738
0 0.004883729460093896 0.8440412536950096 0.06073943661971831 0.15610328638497648
