0 0.01197672143974961 0.06461974004520953 0.13380281690140844 0.07100938967136153
0 0.14664025821596244 0.0012742349156668407 0.10563380281690142 0.10856807511737089
0 0.2795805213223787 0.000728677621283255 0.13116197183098596 0.15316901408450706
0 0.4190822452073552 0.008319205355590333 0.09815140845070426 0.11150234741784039
0 0.5299971268583724 0.014786558859328813 0.09727112676056338 0.12441314553990614
0 0.6281185812793427 0.02417460006955312 0.05413732394366188 0.12265258215962442
0 0.7483112651604068 0.003627629977395236 0.10343309859154932 0.11502347417840376
0 0.6889026432902974 0.351070466005912 0.11839788732394357 0.14201877934272303
0 0.5814933000782472 0.2748369848721962 0.09683098591549305 0.20422535211267603
0 0.7016768143583725 0.2248646974439228 0.13292253521126757 0.10739436619718311
0 0.38518437010954615 0.28362730394713964 0.08802816901408461 0.19072769953051644
0 0.2896713615023474 0.2959555946791862 0.08450704225352111 0.19542253521126762
0 0.22847008264866978 0.2823992566510172 0.05325704225352115 0.13204225352112675
0 0.103494840571205 0.29184543992349155 0.08890845070422537 0.19307511737089197
0 0.006220045970266041 0.3006009824378369 0.08362676056338028 0.14201877934272297
0 0.0009395784428794993 0.6233584376630151 0.08538732394366197 0.12852112676056343
0 0.0999838003716745 0.585850286906625 0.10343309859154928 0.18309859154929586
0 0.2272089568661972 0.6234192966440618 0.13864436619718312 0.1942488262910798
0 0.4054925909624413 0.650367327421318 0.17693661971830987 0.14319248826291092
0 0.6704145882237872 0.5892980568596765 0.11531690140845068 0.10387323943661973
0 0.6712948699139281 0.710162906451052 0.11531690140845074 0.07453051643192486
0 0.4362434590179969 0.5745745305164319 0.09198943661971831 0.04753521126760568
0 0.8574878961267606 0.5805756607546514 0.13468309859154934 0.19072769953051638
0 0.8939966622652581 0.34690814640932005 0.10167253521126772 0.08333333333333338
0 0.9159914783841941 0.2776229134063641 0.08406690140845068 0.04401408450704225
0 0.5511134952073552 0.5892573030777255 0.08230633802816899 0.05985915492957748
0 0.0009401897496087638 0.5610790514693096 0.08626760563380281 0.04988262910798127
