0 0.17172952031893005 0.45538885078494135 0.06828703703703702 0.1532921810699588
0 0.6883174189814815 0.2398548239597622 0.06597222222222222 0.154320987654321
0 0.925977366255144 0.25322359396433475 0.07407407407407413 0.14814814814814808
0 0.8449481310013718 0.23214544276787077 0.0586419753086419 0.161522633744856
0 0.18368698559670785 0.8591749542752629 0.0648148148148148 0.13117283950617292
0 0.51432157707476 0.4579541990550221 0.0675154320987654 0.14609053497942392
0 0.25504195601851853 0.013473555860387136 0.03819444444444448 0.10699588477366255
0 0.6690238125857338 0.464639060356653 0.06095679012345675 0.14351851851851857
0 0.267407728909465 0.4435480490778845 0.06712962962962964 0.14300411522633746
0 0.4560621892146777 0.22648224356043284 0.06288580246913572 0.15637860082304528
0 0.20529219178669408 0.22750200045724736 0.06520061728395063 0.14660493827160492
0 0.37658366555212625 0.24960943453741807 0.05825617283950611 0.1337448559670782
0 0.3545982831790123 0.46051764212772445 0.06597222222222222 0.1368312757201646
0 0.5887822573731138 0.4574488454503887 0.06867283950617285 0.15586419753086414
0 0.442943029835391 0.45743074607529344 0.06018518518518516 0.1363168724279836
0 0.2917111411179698 0.23726994741655233 0.06404320987654326 0.1404320987654321
0 0.12273367841220852 0.23571864045115076 0.06983024691358024 0.13168724279835392
0 0.5312966177983539 0.23881744398719704 0.06712962962962968 0.14506172839506173
0 0.0231926225994513 0.6539404244779758 0.06404320987654322 0.14454732510288074
0 0.6643818587105623 0.007830361225422954 0.04320987654320992 0.12345679012345677
0 0.6566789373285322 0.6940119646395366 0.06211419753086421 0.08847736625514402
0 0.09379340277777778 0.4569196768785246 0.0625 0.13991769547325095
0 0.348022762345679 0.00422191739064167 0.041666666666666664 0.11522633744855967
0 0.5779596943587105 0.011937490474013109 0.039737654320987775 0.11471193415637862
0 0.5278093921467764 0.007817024843773814 0.04552469135802476 0.10905349794238682
0 0.21530483753429358 0.020156988263984144 0.038966049382716035 0.102880658436214
0 0.7075920031721536 0.014500933546715439 0.04359567901234571 0.10545267489711932
0 0.38737702546296304 0.006792504953513184 0.04513888888888889 0.11368312757201646
0 0.8148405349794238 0.0083438119189148 0.03703703703703714 0.12242798353909463
0 0.16708140432098764 0.004738225880201189 0.041666666666666664 0.11728395061728394
0 0.019719864540466394 0.4558808680079256 0.06327160493827158 0.12911522633744862
0 0.038239454732510295 0.22389355662246607 0.06481481481481483 0.13837448559670787
0 0.765454603909465 0.00730833714372809 0.03240740740740746 0.11522633744855969
0 0.6150109310699589 0.25988321140070114 0.06018518518518516 0.11831275720164608
0 0.12155617712620029 0.01244998856881573 0.04089506172839506 0.11265432098765432
0 0.6188544881687242 0.008334285932022557 0.039351851851851825 0.11213991769547325
0 0.7407830718449931 0.4589887212315196 0.060956790123456825 0.15226337448559665
0 0.8588308577674897 0.010405711781740587 0.04976851851851841 0.1270576131687243
0 0.9132257908950617 0.012976299344612101 0.04513888888888889 0.12551440329218105
0 0.774349494170096 0.2424306508154245 0.06327160493827158 0.15843621399176958
0 0.8202640067729766 0.453849451303155 0.06905864197530873 0.1574074074074074
0 0.8985853909465021 0.46721441091297056 0.07407407407407397 0.14711934156378598
0 0.9583654835390947 0.024272214601432706 0.04629629629629619 0.10288065843621397
0 0.35844934199245543 0.875099546563024 0.05594135802469135 0.1075102880658436
0 0.27126816486625516 0.8776710867245846 0.07060185185185186 0.10699588477366274
0 0.6501141332304526 0.8987459038256363 0.0532407407407408 0.0900205761316873
0 0.10074293767146776 0.6518666171315348 0.06983024691358025 0.12705761316872424
0 0.8036718214163238 0.9013198254839202 0.06520061728395063 0.09207818930041153
0 0.43368537808641977 0.6760564319463497 0.0625 0.1409465020576131
0 0.7257367755486969 0.8982353109282122 0.060956790123456825 0.09413580246913587
0 0.10960862482853223 0.8560704351470813 0.058641975308641986 0.11162551440329217
0 0.8106133187585735 0.6852866369455876 0.060956790123456825 0.10956790123456783
0 0.5822150420096023 0.9064552850175278 0.05632716049382714 0.08281893004115227
0 0.5062162422839507 0.903889936747447 0.0625 0.0900205761316872
0 0.7330675582990398 0.691457571254382 0.06172839506172825 0.1075102880658436
0 0.18098610039437585 0.6549625628715134 0.06442901234567905 0.1373456790123457
0 0.06098438571673525 0.8581137593354673 0.03973765432098766 0.0961934156378599
0 0.3526665916495199 0.6729528654168572 0.06211419753086417 0.1224279835390947
0 0.2712625385802469 0.6724484644109129 0.0625 0.13323045267489714
0 0.4344545717592593 0.8894795000762079 0.059027777777777776 0.08230452674897111
0 0.5849172668038409 0.6893966239902454 0.0586419753086419 0.10390946502057609
0 0.00967480066872428 0.8503981862520957 0.04282407407407408 0.09670781893004106
0 0.5031247320816187 0.7079194292028654 0.055169753086419686 0.10853909465020571
0 0.8846844457304528 0.6863244932174972 0.05671296296296286 0.11934156378600826
0 0.8788944615912209 0.9023381534827009 0.05246913580246921 0.08076131687242805
