0 0.8473221708724569 0.465662493479395 0.0735035211267607 0.30985915492957733
0 0.8811995671948357 0.05894137976004173 0.05413732394366188 0.2764084507042253
0 0.17213602797339594 0.07009433142062249 0.058978873239436604 0.27934272300469487
0 0.434460582942097 0.07300360806816204 0.0598591549295775 0.2523474178403755
0 0.5013626026995306 0.06832996435402539 0.06073943661971831 0.2752347417840375
0 0.15584103579812206 0.4720907233524604 0.04489436619718311 0.2805164319248827
0 0.0968731660798122 0.06246685359067988 0.06073943661971833 0.2811032863849765
0 0.790107223200313 0.07301773604590506 0.07834507042253512 0.26760563380281693
0 0.5726660309076682 0.06012649973917579 0.061619718309859114 0.28873239436619713
0 0.37327794894366195 0.058346374543557636 0.05545774647887324 0.26760563380281693
0 0.23463602797339592 0.06245978960180838 0.058978873239436624 0.2734741784037559
0 0.5361218089788733 0.47505379499217526 0.04357394366197182 0.3116197183098592
0 0.21922895882237875 0.4556919448791515 0.05589788732394361 0.31631455399061026
0 0.6413243348982784 0.05778342896887498 0.05633802816901413 0.2934272300469483
0 0.4731835020539907 0.4809114719179273 0.046214788732394395 0.29988262910798114
0 0.408484020442097 0.46624717440445146 0.04797535211267608 0.3075117370892018
0 0.5959916617762128 0.47388334637454355 0.058978873239436624 0.31514084507042245
0 0.2817219287949922 0.4814765910276474 0.04577464788732392 0.2764084507042253
0 0.3028544967723005 0.06420948530690314 0.05413732394366204 0.261737089201878
0 0.09202672633020345 0.4820487741262389 0.05369718309859153 0.2605633802816902
0 0.6562879010172143 0.4744620500782472 0.05457746478873236 0.30633802816901406
0 0.3429100645539906 0.4762150060858982 0.058098591549295815 0.29812206572769945
0 0.7711622163536777 0.484429881759694 0.051056338028169064 0.2969483568075117
0 0.9542623361697965 0.03137715179968701 0.05325704225352139 0.295774647887324
0 0.9366579249804382 0.44456887932533473 0.05501760563380284 0.34565727699530513
0 0.7183486771322378 0.06363458528951486 0.05589788732394364 0.27464788732394363
0 0.09422804186228483 0.8721852721265867 0.0545774647887324 0.1291079812206572
0 0.22054907570422533 0.8628070118240306 0.05545774647887324 0.1414319248826292
0 0.35082618104460095 0.8721917927316989 0.04885563380281689 0.13615023474178406
0 0.41641114045383404 0.8669095592070946 0.05457746478873244 0.13556338028169
0 0.29360481465179966 0.8581165232133542 0.044454225352112665 0.14612676056338028
0 0.1593636908255086 0.8674947835159103 0.047095070422535204 0.13380281690140836
0 0.5449298219874804 0.8716071118066424 0.05105633802816898 0.13849765258215954
0 0.6149073258998434 0.8675018475047819 0.04401408450704222 0.1414319248826291
0 0.48814584555946794 0.8651517127456094 0.04269366197183102 0.13849765258215965
0 0.6730108079029733 0.8768811945748566 0.05105633802816914 0.13028169014084492
0 0.7839204934467918 0.9097151582333508 0.042693661971830936 0.09800469483568082
0 0.874151506259781 0.8950476004173188 0.04577464788732392 0.1021126760563379
