0 0.7245360181924884 0.6364827856025038 0.09242957746478864 0.35915492957746487
0 0.0004924075704225352 0.6165492957746478 0.07526408450704225 0.38028169014084506
0 0.6140698356807511 0.6317906668405494 0.10563380281690142 0.3620892018779343
0 0.2795560690532081 0.6294513997565642 0.0959507042253521 0.3708920187793427
0 0.17656219434663536 0.6329692662145714 0.09463028169014086 0.36737089201877937
0 0.2575450533059468 0.1628836289340984 0.09022887323943662 0.3509389671361503
0 0.5295475107589983 0.635307446531038 0.08362676056338042 0.35739436619718307
0 0.812564798513302 0.6470407320466005 0.09330985915492959 0.35328638497652587
0 0.4146771689162754 0.6329660059120152 0.0928697183098592 0.36384976525821594
0 0.09336732198748045 0.16991501478003826 0.08274647887323942 0.33920187793427237
0 0.18050879059076685 0.1757764953921057 0.07350352112676058 0.3315727699530516
0 0.35217472368935837 0.16464527908189883 0.08934859154929578 0.352112676056338
0 0.4424882629107981 0.4214522474352287 0.21126760563380284 0.09800469483568082
0 0.6638797192879499 0.30937336984872194 0.21214788732394366 0.10915492957746482
0 0.8961768877151799 0.00307066162406538 0.07218309859154932 0.1473004694835681
0 0.0004963810641627544 0.14997337419579204 0.08098591549295775 0.35152582159624407
0 0.6629985206377152 0.20432153103808032 0.21082746478873243 0.1038732394366197
0 0.4438114363262911 0.1814439880020866 0.21522887323943654 0.11443661971830982
0 0.4446898840962441 0.30292340462528256 0.21258802816901412 0.11502347417840379
0 0.9212465766823161 0.3106508650669449 0.04577464788732392 0.221244131455399
0 0.6612462098982785 0.42146365849417494 0.22271126760563387 0.11032863849765251
0 0.8737156445618155 0.31475232568249 0.051936619718309866 0.21420187793427234
0 0.663893779342723 0.0006401060685098244 0.23239436619718312 0.057511737089201875
0 0.08105040835289515 0.6224156668405495 0.09286971830985916 0.37793427230046944
0 0.907628802327856 0.732638888888889 0.08406690140845083 0.2640845070422534
