0 0.17303678843896717 0.5707262867327422 0.08846830985915495 0.3280516431924882
0 0.269436497456964 0.5566776430186055 0.10123239436619716 0.3667840375586854
0 0.7570978824334897 0.059565727699530516 0.08010563380281689 0.31690140845070425
0 0.7416850058685447 0.4873500260824204 0.0686619718309858 0.28169014084507055
0 0.5762003007629108 0.5372619979134063 0.08054577464788729 0.3133802816901409
0 0.9041159282081376 0.018535363415058247 0.09595070422535217 0.3703051643192488
0 0.5084045505672925 0.5601281298904538 0.06029929577464791 0.29049295774647893
0 0.390004218016432 0.1598336158928882 0.05677816901408445 0.22593896713615022
0 0.3288249462050078 0.177997848200313 0.057218309859154895 0.19542253521126762
0 0.6739097344483568 0.16042264388801947 0.07790492957746488 0.22828638497652584
0 0.04230487089201878 0.09242033994087984 0.073943661971831 0.306924882629108
0 0.13517275528169012 0.11233807163971483 0.07130281690140847 0.2687793427230047
0 0.45823124510954616 0.14516986176317165 0.0642605633802816 0.23415492957746475
0 0.4080515209311424 0.6510302556077205 0.058978873239436624 0.2253521126760562
0 0.6025974422926448 0.14224537037037038 0.0642605633802816 0.24471830985915496
0 0.6443937059859155 0.5495299730481655 0.03961267605633796 0.25293427230046933
0 0.4634997921557121 0.5671394105372979 0.04533450704225359 0.25704225352112675
0 0.5334818808685445 0.13695933315945052 0.04489436619718319 0.24002347417840372
0 0.8398324408255087 0.05488665014780038 0.06294014084507041 0.33392018779342725
