0 0.0036073210093896715 0.07996272387410885 0.12411971830985916 0.16255868544600938
0 0.0009643363654147105 0.2542699095809424 0.1210387323943662 0.17488262910798127
0 0.16034911727308296 0.09930120848548078 0.19850352112676056 0.13262910798122063
0 0.14232290444053206 0.23961919666145018 0.22667253521126757 0.19718309859154928
0 0.38129707061815343 0.09629575291253696 0.19454225352112667 0.055751173708920194
0 0.3870130941901409 0.15202736480612067 0.18617957746478872 0.03462441314553991
0 0.37909789465962435 0.19545894192314378 0.19674295774647885 0.039319248826291106
0 0.5890771713615023 0.13680120848548077 0.24295774647887333 0.06924882629107983
0 0.5846873777386541 0.20192629542688229 0.25968309859154926 0.05223004694835678
0 0.5833764304577465 0.25416394974786993 0.27332746478873243 0.0604460093896714
0 0.6005229729068857 0.3163716092853417 0.24603873239436622 0.0616197183098592
0 0.5983268534820032 0.37916394974786993 0.2526408450704225 0.0604460093896714
0 0.3738299589201877 0.24431077203964527 0.2165492957746479 0.1936619718309859
0 0.00577745989827856 0.5493794557468267 0.0801056338028169 0.09037558685445998
0 0.10040071156103286 0.56872500434707 0.0699823943661972 0.06807511737089209
0 0.17389475743348984 0.5675648800208659 0.05633802816901411 0.08274647887323935
0 0.026048085387323946 0.6550045644235786 0.11487676056338028 0.08098591549295775
0 0.016801459800469484 0.7494924795687707 0.10959507042253525 0.08568075117370892
0 0.1299103213028169 0.7377706051121543 0.09903169014084506 0.10211267605633813
0 0.1523428330399061 0.6473798035124327 0.07790492957746484 0.08568075117370892
0 0.2346736233372457 0.5793177273517649 0.11311619718309862 0.09976525821596242
0 0.22587294600938965 0.6726178055990263 0.11619718309859156 0.08920187793427235
0 0.23115005134976524 0.767679533994088 0.10959507042253525 0.07981220657277001
0 0.35218083675665096 0.5763829116675361 0.09815140845070422 0.09917840375586856
0 0.3429513277582159 0.6849287080507738 0.11751760563380292 0.07511737089201873
0 0.34426624853286386 0.765921687532603 0.10959507042253516 0.08274647887323935
0 0.4591375073356807 0.5763861719700922 0.10167253521126757 0.10269953051643188
0 0.460455484643975 0.6755461006781429 0.09815140845070418 0.08274647887323935
0 0.4525329494327074 0.7629792644757434 0.09815140845070426 0.073943661971831
0 0.5678247872652583 0.682062902103982 0.062059859154929516 0.14906103286384972
0 0.6408896958137715 0.682062902103982 0.0642605633802816 0.14906103286384972
0 0.7165899476721438 0.6744250999826118 0.058538732394366216 0.13967136150234738
0 0.1804907570422535 0.907362849939141 0.04753521126760564 0.09272300469483567
0 0.2416614705594679 0.9120533385498175 0.03477112676056342 0.0880281690140845
0 0.40716634878716745 0.9090777690836377 0.05193661971830979 0.04342723004694838
0 0.9331426056338028 0.4984106025039123 0.0633802816901408 0.18485915492957747
0 0.9199365463615023 0.7929300339071467 0.06073943661971823 0.09683098591549287
0 0.5889439064945227 0.5206485828551557 0.051056338028169064 0.11737089201877937
0 0.6510123239436619 0.517726808381151 0.06338028169014097 0.13086854460093902
