0 0.17919050762910796 0.6104286211093723 0.07658450704225356 0.10798122065727703
0 0.8913475645539906 0.24721298469831335 0.08978873239436622 0.15903755868544595
0 0.5823619669405321 0.5817140497304817 0.08010563380281689 0.15258215962441316
0 0.48993024990219103 0.5711512128325509 0.07702464788732391 0.15316901408450692
0 0.6893152753325509 0.5987279386193705 0.07878521126760553 0.14730046948356812
0 0.3728760147691706 0.6057495435576421 0.110475352112676 0.125
0 0.370240977112676 0.1450660754651365 0.11883802816901413 0.12206572769953052
0 0.7729463150430361 0.5963729134063641 0.08494718309859148 0.1390845070422536
0 0.24259310201486697 0.15031896626673624 0.1087147887323944 0.09096244131455401
0 0.2540364583333333 0.2835409059294036 0.10827464788732395 0.09741784037558684
0 0.8068371601134585 0.2466293905407755 0.08494718309859148 0.16255868544600938
0 0.6673164857198748 0.4560907885585116 0.09066901408450695 0.11326291079812197
0 0.7064905491979655 0.2507324813075986 0.0928697183098592 0.1572769953051643
0 0.2566702733763693 0.6221581029386194 0.09815140845070426 0.09976525821596242
0 0.03791293769561815 0.48894703095113895 0.0875880281690141 0.10504694835680757
0 0.4943371601134586 0.21261519735698142 0.08494718309859148 0.18779342723004694
0 0.03220547241784037 0.6080839201877934 0.10827464788732394 0.11091549295774648
0 0.5915945324726135 0.22078171187619544 0.06514084507042249 0.13438967136150237
0 0.37331401604068853 0.28588941053729783 0.10739436619718311 0.0985915492957747
0 0.19151292302425665 0.4948101417144845 0.07438380281690138 0.09917840375586856
0 0.24611667400234738 0.07868577203964529 0.11223591549295774 0.051056338028169036
0 0.8662421141431924 0.581687967310033 0.06470070422535217 0.12441314553990614
0 0.6976883436032864 0.09226384541818813 0.09375 0.13791079812206572
0 0.9450175445031298 0.5957610632933402 0.050616197183098656 0.11208920187793422
0 0.6703913585680751 0.7922991653625457 0.08186619718309866 0.04929577464788719
0 0.033509695324726134 0.26712745609459226 0.08494718309859156 0.11737089201877937
0 0.763260465571205 0.8063825856372806 0.0809859154929577 0.04812206572769945
0 0.9076251344874804 0.7852786471917927 0.07878521126760568 0.07276995305164326
0 0.5744320960485132 0.8850759650495565 0.06954225352112675 0.10739436619718305
0 0.48904660602503913 0.8751070466005911 0.07218309859154926 0.11561032863849766
0 0.6659878105438184 0.8868338115110416 0.0787852112676056 0.1044600938967136
0 0.8495161507237872 0.8833181185880716 0.06382042253521121 0.11032863849765272
0 0.19899684565727702 0.8879999130585985 0.07658450704225347 0.0962441314553989
0 0.3904666715571205 0.7817461093722831 0.08890845070422533 0.06044600938967146
0 0.7641349398474178 0.9008998435054775 0.07262323943661973 0.08450704225352107
0 0.36406953002738657 0.8938624804381847 0.10519366197183094 0.08978873239436601
0 0.29142886834898274 0.7852585419926968 0.08010563380281693 0.05105633802816911
0 0.07092716891627543 0.894453138584594 0.09286971830985916 0.09389671361502352
0 0.28702379205790296 0.9014752869066249 0.07482394366197179 0.07218309859154917
0 0.9278673342136149 0.8874206659711356 0.07262323943661989 0.1044600938967135
0 0.8834283915297338 0.09344570509476613 0.09463028169014097 0.14671361502347413
0 0.1800564236111111 0.2730025213006434 0.055897887323943685 0.12441314553990608
0 0.3856367370892019 0.08514008433315946 0.10563380281690142 0.049882629107981205
0 0.7716249755477308 0.5194194487915146 0.08362676056338027 0.05751173708920179
0 0.00047987578247261345 0.8903598287254391 0.05721830985915493 0.10974178403755865
0 0.0026808856611893585 0.7776821422361329 0.05765845070422536 0.10798122065727693
0 0.6615937377738655 0.8410091723178578 0.08934859154929566 0.05046948356807514
0 0.7566641603090767 0.8533260519909581 0.08934859154929582 0.042840375586854405
0 0.8503949041471048 0.7870402973395931 0.0616197183098592 0.073943661971831
