0 0.14590808256172838 0.3319401577503429 0.1076388888888889 0.16203703703703698
0 0.46266530564128944 0.3453527472946197 0.12692901234567897 0.2031893004115227
0 0.050597993827160494 0.1456290009144947 0.08333333333333334 0.05709876543209878
0 0.2604710540980796 0.3365836000609663 0.0783179012345679 0.1769547325102881
0 0.15281876929012347 0.19192624980948028 0.059027777777777755 0.0581275720164609
0 0.04133444787379973 0.07927526291723823 0.07716049382716048 0.0617283950617284
0 0.22343696416323727 0.17136631229995428 0.08256172839506175 0.07561728395061725
0 0.4965719843106996 0.08492703094040543 0.06365740740740745 0.054526748971193396
0 0.261629265260631 0.0736306393842402 0.07947530864197531 0.07664609053497944
0 0.13354123799725653 0.07310289971041 0.07716049382716048 0.06224279835390947
0 0.851537583590535 0.40802230986130167 0.1030092592592592 0.10853909465020577
0 0.17646310228052126 0.7084986092059137 0.21797839506172834 0.1784979423868313
0 0.646387120627572 0.7193134621246761 0.24189814814814817 0.19187242798353915
0 0.40023791152263377 0.711595031245237 0.2314814814814815 0.18930041152263366
0 0.03245857981824417 0.023201493674744705 0.07368827160493828 0.05761316872427983
0 0.05098245670438958 0.20787227556774882 0.08140432098765434 0.057613168724279865
0 0.11772655178326473 0.020096974546563024 0.08179012345679014 0.03806584362139918
0 0.14356513631687243 0.13944282502667274 0.06712962962962962 0.042695473251028807
0 0.3376275291495199 0.0005787037037037037 0.07253086419753087 0.06944444444444445
0 0.3468803583676269 0.07771824035970126 0.06327160493827158 0.04681069958847738
0 0.34881204989711934 0.13687747675659195 0.06712962962962964 0.04989711934156378
0 0.4182508680555556 0.024728985672915715 0.0590277777777777 0.040637860082304515
0 0.41940907921810705 0.07772538484987045 0.06018518518518516 0.05452674897119341
0 0.42404165594993143 0.13224498933089468 0.06442901234567905 0.046810699588477354
0 0.49426011659807956 0.0350284827008078 0.06790123456790127 0.05298353909465021
0 0.49425877700617277 0.14099841868617588 0.06597222222222231 0.05606995884773661
0 0.5691146369170096 0.08236739826245998 0.0806327160493827 0.06790123456790124
0 0.5725844478737997 0.16106109967992685 0.07716049382716048 0.05709876543209878
0 0.6555287637174212 0.01085724356043286 0.07253086419753095 0.05915637860082305
0 0.6532155564128944 0.07772252705380277 0.07484567901234579 0.05144032921810701
0 0.6543745713305898 0.13687747675659195 0.07716049382716056 0.04989711934156378
0 0.573738640260631 0.020109358329522938 0.07253086419753087 0.05144032921810699
0 0.7462003815157752 0.029372904282883704 0.08410493827160492 0.056069958847736634
0 0.7542893732853224 0.09418486130163085 0.06558641975308635 0.0529835390946502
0 0.7415597672325103 0.1564190862673373 0.06828703703703698 0.043724279835390956
0 0.8233654299554184 0.15644433013260173 0.0906635802469135 0.07098765432098765
0 0.8357001243141288 0.02268137479042829 0.07484567901234572 0.051440329218107
0 0.8310699588477366 0.08235072778539856 0.07407407407407413 0.04989711934156378
0 0.6088680984224966 0.34270880963267797 0.10339506172839516 0.12551440329218105
0 0.732714441872428 0.34124133135192813 0.10879629629629635 0.2073045267489712
0 0.3446011766975309 0.3438009640298735 0.11458333333333329 0.1939300411522634
