0 0.7616892789780522 0.7024438919372047 0.16589506172839508 0.30606995884773663
0 0.24154958633401918 0.4739102270995275 0.053626543209876545 0.15637860082304525
0 0.3233383701989026 0.4723660646242951 0.05169753086419754 0.15534979423868306
0 0.2222685721021948 0.18120903825636336 0.0667438271604938 0.1502057613168724
0 0.13932506001371742 0.17247847126962354 0.07253086419753085 0.16563786008230452
0 0.30867894804526746 0.18480462200884012 0.053240740740740755 0.14454732510288062
0 0.15783955975651578 0.48315614997713763 0.0667438271604938 0.14197530864197536
0 0.37620295353223593 0.18687604785855813 0.06558641975308643 0.1594650205761317
0 0.38893148791152266 0.48419543514708135 0.06134259259259254 0.15329218106995884
0 0.6077420374657064 0.193284655540314 0.14853395061728406 0.41409465020576125
0 0.5205024541323731 0.1325207666514251 0.07908950617283961 0.3446502057613169
0 0.06370482896090536 0.1539556660570035 0.06828703703703703 0.1610082304526749
0 0.7875208976337449 0.1711776977594879 0.14120370370370366 0.4274691358024691
0 0.16903265389231825 0.7588972717573541 0.07368827160493828 0.16460905349794244
0 0.24811331875857337 0.7547758535284256 0.06095679012345678 0.15792181069958847
0 0.32797282235939645 0.7501533683889651 0.058641975308641944 0.16563786008230455
0 0.0980334790809328 0.7578737044657827 0.05709876543209875 0.17026748971193417
0 0.6640180255486969 0.6890646433470509 0.07484567901234564 0.30092592592592593
0 0.39625798396776407 0.7491088439262308 0.05594135802469135 0.1486625514403291
