0 0.27744341563786007 0.4621556355738454 0.07407407407407408 0.23919753086419762
0 0.35461167909807956 0.4698869265355891 0.08526234567901238 0.2556584362139918
0 0.5398027584876542 0.2624776139308032 0.09375 0.1424897119341564
0 0.6126867391117969 0.08445263679317178 0.04668209876543214 0.09773662551440328
0 0.36038826731824414 0.010963934613625971 0.07021604938271603 0.1743827160493827
0 0.448747213648834 0.25322454656302396 0.0848765432098765 0.14917695473251022
0 0.5671607081618656 0.08085371894528273 0.044753086419753015 0.09979423868312758
0 0.43522778420781894 0.044363949855205004 0.06134259259259262 0.1352880658436214
0 0.451066047239369 0.46213991769547325 0.09066358024691357 0.22222222222222218
0 0.07565050582990397 0.055167371589696694 0.047839506172839504 0.13631687242798354
0 0.12427474494170097 0.05361796982167352 0.06674382716049383 0.12962962962962962
0 0.6385580096879286 0.2743046029568664 0.07908950617283944 0.13786008230452673
0 0.5011965234910838 0.039735272824264596 0.05632716049382714 0.13631687242798354
0 0.16517543295610426 0.2501343164151806 0.07484567901234565 0.1450617283950617
0 0.1628858024691358 0.4529916361835086 0.1111111111111111 0.3420781893004115
0 0.10073597179355281 0.24242684042066762 0.059799382716049364 0.15432098765432095
0 0.748493494941701 0.02638269699740893 0.05285493827160492 0.15997942386831276
0 0.8102259087791495 0.0325526787075141 0.0586419753086419 0.15689300411522636
0 0.6651545353223594 0.07777158588629782 0.044753086419753174 0.1044238683127572
0 0.8765713413065844 0.08086610272824263 0.04050925925925936 0.11316872427983539
0 0.711440918638546 0.08136812223746381 0.030478395061728256 0.09979423868312758
0 0.23462764703360767 0.8715130124980948 0.08603395061728397 0.12294238683127577
0 0.33030344435871056 0.8740812185642434 0.08140432098765432 0.11882716049382709
0 0.5930073302469135 0.8792052469135803 0.041666666666666664 0.09722222222222211
0 0.637424447016461 0.8796925011431185 0.11342592592592587 0.06790123456790127
0 0.41362606095679005 0.8817944101508915 0.06597222222222222 0.11574074074074074
0 0.49543601037379964 0.8766341830513641 0.09452160493827166 0.09825102880658444
0 0.7566392854080932 0.8807498856881573 0.11612654320987667 0.0987654320987655
0 0.2546928583676269 0.2609310699588478 0.09104938271604937 0.1388888888888889
0 0.3511458869170096 0.2624814243255601 0.09452160493827158 0.14660493827160492
0 0.5498354981138546 0.4652191929583905 0.09645061728395063 0.2145061728395061
0 0.7971356845850481 0.47551059289742426 0.09760802469135793 0.21810699588477364
0 0.1254584083504801 0.855585562414266 0.10455246913580243 0.14351851851851863
