0 0.3816577415884195 0.0007661711006781431 0.08010563380281689 0.19366197183098594
0 0.12112003618935838 0.0007672578681968354 0.11707746478873238 0.1948356807511737
0 0.5917302425665102 0.5084072335246044 0.26056338028169007 0.2065727699530517
0 0.10317359888497651 0.7313613936706659 0.26012323943661975 0.15199530516431928
0 0.6093422950899843 0.30065097374369676 0.26980633802816906 0.19600938967136153
0 0.14276824139280125 0.5564581159798296 0.2341549295774648 0.12969483568075107
0 0.7566574359350547 0.0007813858459398365 0.07966549295774648 0.21009389671361503
0 0.17709036336071987 0.2753298339419231 0.2213908450704225 0.10269953051643194
0 0.1810387935250391 0.3973933881064162 0.2029049295774648 0.10035211267605636
0 0.9243471244131455 0.0019556381498869765 0.07394366197183094 0.21068075117370894
0 0.6919405320813772 0.0037085941575378195 0.05633802816901397 0.20246478873239437
0 0.0027056435837245693 0.5489615936358894 0.09330985915492958 0.272887323943662
0 0.47407631553208135 0.0007759520083463746 0.06426056338028169 0.20422535211267603
0 0.46481379597026606 0.46489414884367936 0.03609154929577466 0.113849765258216
0 0.8728916030907667 0.6434652669101025 0.1329225352112677 0.29460093896713635
0 0.5780724276212832 0.7278630890279951 0.24119718309859164 0.176643192488263
0 0.8869504352503911 0.43031755346896194 0.09595070422535217 0.16549295774647882
0 0.8499596537558686 0.004885563380281691 0.06866197183098595 0.20598591549295775
0 0.5484922119522692 0.03774995652929925 0.110475352112676 0.20657276995305165
0 0.27645399305555557 0.0060152582159624405 0.06558098591549294 0.15845070422535212
0 0.005778988165101722 0.0030837028342896883 0.08230633802816902 0.1613849765258216
