0 0.002835380229766804 0.032474565614997716 0.19405864197530864 0.07253086419753085
0 0.2231411822702332 0.008326665142508764 0.21219135802469136 0.10390946502057614
0 0.44218482081618665 0.0006025186709343088 0.07947530864197525 0.09516460905349794
0 0.5236389746227709 0.006771071483005639 0.1512345679012346 0.0905349794238683
0 0.3558060592421125 0.2866483767718336 0.138503086419753 0.1358024691358025
0 0.3446145726165981 0.21508821063862216 0.13387345679012344 0.07304526748971196
0 0.4896827310528121 0.20638193491845755 0.14313271604938277 0.11471193415637858
0 0.49431691529492455 0.31798696844993146 0.14969135802469136 0.09259259259259255
0 0.16640839334705074 0.35913065843621395 0.18364197530864199 0.08333333333333333
0 0.0348079561042524 0.2500995465630239 0.12345679012345681 0.1075102880658436
0 0.0348151899005487 0.38483224737082766 0.13387345679012344 0.06327160493827154
0 0.0005058299039780521 0.5238559289742417 0.1728395061728395 0.2088477366255144
0 0.16637222436556925 0.5228295038866025 0.13155864197530864 0.2114197530864199
0 0.3048838841735254 0.5043267032464563 0.1439043209876543 0.22839506172839502
0 0.4557200574417009 0.5741188462124677 0.12577160493827158 0.048353909465020634
0 0.4638219092935528 0.6194015775034294 0.1257716049382715 0.06481481481481471
0 0.036059938700274345 0.82056136640756 0.259645061728395 0.09516460905349788
0 0.0349089613340192 0.8930827046181985 0.2689043209876543 0.0848765432098765
0 0.3184895833333333 0.7995046486816034 0.2916666666666667 0.13168724279835387
