0 0.7865778437989047 0.8480862023995827 0.06646126760563378 0.0880281690140845
0 0.5973240047926447 0.2513106416275431 0.07614436619718311 0.147887323943662
0 0.5726721439749609 0.5499880455572944 0.07042253521126764 0.11384976525821584
0 0.4894843016431925 0.5441195009563554 0.06866197183098587 0.11384976525821594
0 0.6849157008020345 0.25541644931316293 0.08142605633802817 0.1455399061032864
0 0.48773779831768393 0.22783157276995306 0.08890845070422533 0.14260563380281688
0 0.26063184663536776 0.25949834811337164 0.09859154929577467 0.11737089201877927
0 0.7377356587441314 0.5183495261693618 0.0858274647887326 0.16960093896713632
0 0.37770870011737095 0.2595016084159277 0.09771126760563378 0.12089201877934265
0 0.6527845021517997 0.5365104981742306 0.08010563380281689 0.13556338028169007
0 0.3658187842331769 0.5570270387758651 0.08890845070422533 0.11032863849765262
0 0.8288322818857591 0.559979242740393 0.067781690140845 0.12969483568075116
0 0.4754049907081377 0.7254390540775517 0.07614436619718302 0.0938967136150233
0 0.19372035162363066 0.14563119457485654 0.08406690140845072 0.09859154929577467
0 0.19546013057511738 0.2765040862458703 0.054137323943661955 0.10328638497652581
0 0.5651818026212833 0.7271903799339245 0.058978873239436624 0.0839201877934272
0 0.2896582184076682 0.5517203529820901 0.06558098591549301 0.08333333333333333
0 0.6730355658255085 0.11571737523908886 0.08670774647887332 0.11561032863849766
0 0.3939728213028169 0.7213261824030602 0.06734154929577467 0.08861502347417848
0 0.08368697427621283 0.5470249739175795 0.08670774647887325 0.08274647887323947
0 0.39969587490219094 0.4308256172839506 0.06910211267605636 0.08039906103286378
0 0.05067518828247261 0.1479786124152321 0.08494718309859156 0.09859154929577467
0 0.04495519121674491 0.25831485828551554 0.08758802816901408 0.10680751173708919
0 0.298031897985133 0.43608883237697793 0.08142605633802821 0.0604460093896714
0 0.107886468114241 0.7371446270213875 0.07482394366197183 0.05985915492957748
0 0.21746808978873236 0.5587555425143452 0.055457746478873284 0.07570422535211271
0 0.3037476159037559 0.7207311771865762 0.07262323943661973 0.07981220657277001
0 0.019856465179968703 0.721906516258042 0.07218309859154928 0.08157276995305161
0 0.22759132922535208 0.7401104155798991 0.05545774647887324 0.09389671361502341
0 0.7993462074530515 0.737165818988002 0.07262323943661973 0.08274647887323956
0 0.2834791299882629 0.1497288515040862 0.04093309859154929 0.08744131455399064
0 0.6646643314749608 0.4566178708050773 0.07438380281690134 0.04870892018779353
0 0.013682572867762128 0.5570053034254913 0.05501760563380282 0.08685446009389676
0 0.4947656861306729 0.43784993914101894 0.06822183098591547 0.061032863849765216
0 0.4098227821791862 0.1056854242740393 0.07438380281690142 0.055751173708920194
0 0.9089434174491393 0.46720298643714137 0.07570422535211271 0.07218309859154928
0 0.776019659624413 0.2618734785254738 0.0739436619718311 0.14730046948356806
0 0.9071862162558685 0.5722982959485308 0.08054577464788729 0.12441314553990614
0 0.8411446107198748 0.45782037906451056 0.051056338028169064 0.0798122065727699
0 0.5449411311619718 0.8439831116327596 0.06734154929577467 0.09330985915492944
0 0.6334076071009389 0.8246332159624412 0.06470070422535217 0.11091549295774648
0 0.3983684223395931 0.8275403190749435 0.058978873239436624 0.08157276995305161
0 0.3156207208528951 0.8163710659015824 0.05721830985915497 0.061032863849765216
0 0.47627121234350545 0.8351824682663885 0.055897887323943726 0.09565727699530524
0 0.11228634829812206 0.8275359720048687 0.07262323943661972 0.07687793427230044
0 0.7113113140649452 0.8504412276125891 0.06294014084507041 0.096244131455399
0 0.0106122848200313 0.8163911711006782 0.07042253521126761 0.08274647887323935
0 0.8851645026408451 0.74831279342723 0.059419014084507026 0.07922535211267613
0 0.0026857761150234738 0.45312934707007474 0.06470070422535211 0.08392018779342726
0 0.7826239118740219 0.2025011954442706 0.07702464788732408 0.03931924882629108
0 0.8706361869131456 0.25365588593288124 0.05413732394366188 0.1455399061032864
0 0.9476547217331769 0.2565983089897409 0.04533450704225351 0.15434272300469482
0 0.8675542840375587 0.8521969005390366 0.05281690140845067 0.09096244131455396
0 0.9366634267410016 0.8510297122239611 0.06294014084507041 0.09800469483568072
0 0.7232079543231611 0.0006515171274560946 0.08142605633802825 0.06983568075117372
0 0.8103634829812206 0.004169383585463398 0.09242957746478879 0.06631455399061034
0 0.2016404416079812 0.8509943922796036 0.08054577464788737 0.05985915492957748
0 0.7223215595657276 0.7365577725612936 0.07262323943661973 0.05985915492957748
0 0.7165975890062597 0.8022735176491045 0.06954225352112675 0.04694835680751171
0 0.6417742566510172 0.7699938054251435 0.07042253521126764 0.04401408450704225
0 0.3724447378716745 0.002978829768735872 0.12323943661971831 0.04812206572769953
0 0.7509395784428795 0.4701106329334029 0.08538732394366204 0.04342723004694838
0 0.6593872261345853 0.5023892583898453 0.0809859154929577 0.04518779342722999
0 0.7460983348004695 0.5229226438880195 0.08582746478873243 0.03814553990610323
