0 0.6325808147496087 0.4990387541297165 0.1417253521126761 0.2294600938967137
0 0.7831092894170579 0.5002157233524605 0.14216549295774633 0.23298122065727703
0 0.5027472124413145 0.8686630585985046 0.15316901408450712 0.12793427230046944
0 0.1255144146126761 0.8539998478525475 0.10695422535211267 0.13673708920187794
0 0.10792192390453834 0.5089908276821422 0.12588028169014084 0.20305164319248828
0 0.11759035113458528 0.1439640932011824 0.10475352112676056 0.19953051643192485
0 0.2760428892801252 0.20085093896713616 0.10739436619718302 0.15845070422535215
0 0.4807310005868545 0.12109361415406017 0.13996478873239432 0.21772300469483566
0 0.47632867517605626 0.5072471091984002 0.13864436619718312 0.22124413145539912
0 0.6418219385758999 0.0993919535732916 0.13908450704225359 0.2306338028169014
0 0.9353463663928012 0.4931756433663711 0.06778169014084515 0.23532863849765262
0 0.6585424002347418 0.8745223656755347 0.13204225352112683 0.11795774647887314
0 0.352577269170579 0.7870250825943313 0.035211267605633784 0.057511737089201896
0 0.793208076584507 0.873356807511737 0.10695422535211271 0.12676056338028172
0 0.9159914783841941 0.8762861893583724 0.08406690140845068 0.12147887323943657
0 0.005780516431924883 0.13868729351417144 0.08450704225352114 0.20481220657276994
0 0.2504896566901409 0.13272256998782822 0.07130281690140844 0.10093896713615025
0 0.3746209898278561 0.10701943140323422 0.08802816901408445 0.22887323943661972
0 0.002260917938184664 0.492571400625978 0.08670774647887325 0.21654929577464793
0 0.005802523474178404 0.8516540601634498 0.11619718309859156 0.13849765258215965
0 0.4164319248826291 0.8622065727699529 0.08450704225352124 0.12676056338028183
0 0.4062906518974961 0.50137965136498 0.058538732394366216 0.22241784037558684
