0 0.8561950767318245 0.7060347126962353 0.14313271604938269 0.2952674897119342
0 0.6246699245541838 0.27536103490321595 0.08024691358024698 0.16769547325102885
0 0.7095740633573389 0.2723070035055632 0.11998456790123452 0.20267489711934158
0 0.5274570794753086 0.2681670096021948 0.09375 0.17592592592592593
0 0.6200810185185186 0.5073159579332419 0.1388888888888889 0.12345679012345671
0 0.0004450124314128944 0.3987520957171163 0.08526234567901235 0.09670781893004117
0 0.761295438957476 0.5047439414723365 0.15432098765432112 0.12345679012345682
0 0.36353764789094656 0.5047425125743027 0.1608796296296296 0.12191358024691354
0 0.43833215449245544 0.2691815272062186 0.08719135802469134 0.16049382716049387
0 0.8318680877057614 0.2856748209114464 0.1122685185185184 0.1954732510288066
0 0.5144032921810701 0.7106633897271757 0.1851851851851851 0.29423868312757206
0 0.3226616083676269 0.7060209000152415 0.18827160493827166 0.28034979423868317
0 0.7003410600994513 0.7075726832799878 0.15779320987654324 0.2896090534979425
0 0.002700617283950617 0.3924897119341564 0.0 0.0
0 0.0016099215534979424 0.5031935871056242 0.09606481481481483 0.11574074074074063
0 0.003904642489711934 0.2752981633897272 0.06712962962962962 0.09979423868312756
0 0.013921842849794237 0.18835067062947722 0.04745370370370371 0.0853909465020576
0 0.2508551954732511 0.0006134735558603871 0.12037037037037036 0.10699588477366255
