0 0.6333956866197182 0.13623228568944531 0.04753521126760568 0.0886150234741784
0 0.797121050958529 0.09454986089375761 0.037411971830985796 0.07159624413145539
0 0.2698384316314554 0.408557207442184 0.046214788732394395 0.11502347417840374
0 0.267199114827856 0.5793573943661973 0.04841549295774645 0.14260563380281693
0 0.1954540175078247 0.5852215918970615 0.04533450704225351 0.13791079812206566
0 0.05196657374804381 0.40621576682316113 0.04313380281690141 0.12147887323943668
0 0.21393504254694837 0.40680099113197704 0.03829225352112679 0.11971830985915496
0 0.3178079763302034 0.5799464223613284 0.03785211267605636 0.14495305164319253
0 0.19501815580985915 0.05880662058772387 0.051496478873239424 0.13086854460093897
0 0.24651218945618156 0.06056827073552425 0.04797535211267605 0.13204225352112675
0 0.867105279244914 0.6497402625630324 0.04005281690140837 0.09976525821596254
0 0.9115555311032864 0.6462245696400626 0.034330985915492815 0.10563380281690145
0 0.5647248508411581 0.6872723222048339 0.034771126760563376 0.07100938967136154
0 0.11315379254694835 0.05821704920883324 0.054137323943661955 0.12793427230046947
0 0.15055812304381844 0.5799475091288472 0.04313380281690142 0.14612676056338028
0 0.0629731514084507 0.05469809598330725 0.04753521126760564 0.1302816901408451
0 0.13779831768388104 0.2342695835506868 0.049295774647887314 0.1238262910798122
0 0.17915963663928008 0.40562565206051115 0.032130281690140844 0.11795774647887325
0 0.18885526701877936 0.2313402017040515 0.05017605633802814 0.12910798122065725
0 0.09993917498043818 0.5775788993218571 0.03917253521126762 0.12323943661971817
0 0.14658615757042254 0.4126602982090071 0.027728873239436604 0.10974178403755874
0 0.0031100229851330203 0.40328584159276654 0.04181338028169014 0.12617370892018778
0 0.6892954078638499 0.14034244044513997 0.050176056338028095 0.09096244131455401
0 0.5885037656494522 0.3439776777951661 0.05105633802816914 0.08744131455399053
0 0.31868734106025043 0.41148984959137547 0.03653169014084507 0.11326291079812197
0 0.048005917449139276 0.573480699008868 0.04401408450704226 0.13380281690140836
0 0.6606844190140845 0.6773028603721092 0.047535211267605605 0.07863849765258227
0 0.2993290908646323 0.061738175969396625 0.04797535211267605 0.12793427230046944
0 0.9472093847809078 0.6415302773430708 0.03785211267605636 0.10622065727699531
0 0.460423085387324 0.04878716744913928 0.051496478873239306 0.08450704225352113
0 0.7258270980046948 0.35629021039819164 0.050176056338028095 0.07511737089201873
0 0.006199261541471049 0.017173643714136672 0.05369718309859155 0.16725352112676056
0 0.8459751564945228 0.1010009128847157 0.035211267605633784 0.06690140845070422
0 0.2614788121087637 0.2301702964701791 0.05061619718309854 0.13321596244131456
0 0.5299525014671361 0.6913726960528604 0.03301056338028169 0.06279342723004694
0 0.45909563282472615 0.6092157885585116 0.04137323943661973 0.06572769953051649
0 0.8415755819640063 0.17376814901756218 0.03785211267605636 0.06396713615023471
0 0.1100605804968701 0.40385639454008 0.03653169014084507 0.10856807511737096
0 0.5299631993348982 0.35159972178751525 0.04841549295774657 0.0798122065727699
0 0.8829601305751174 0.3316705790297339 0.05413732394366204 0.10563380281690145
0 0.6906155247456964 0.0517230699008868 0.049735915492957694 0.08626760563380281
0 0.6316375684663537 0.04644355329507912 0.05105633802816898 0.0886150234741784
0 0.5167516383020344 0.606868370718136 0.03785211267605636 0.06572769953051628
0 0.6078607932316119 0.6825666188488959 0.03785211267605636 0.05927230046948361
0 0.9102396933685445 0.7999391410189532 0.04093309859154933 0.061032863849765216
0 0.7781959115805946 0.3592250260824205 0.03873239436619716 0.0757042253521126
0 0.643951119913928 0.36391551469309685 0.036091549295774746 0.07100938967136149
0 0.42784013106416274 0.6051126977916884 0.03345070422535217 0.07100938967136154
0 0.685767862382629 0.29583605025213 0.04093309859154933 0.06631455399061031
0 0.7429941192292645 0.06228264649626152 0.05237676056338027 0.08215962441314556
0 0.7958003227699533 0.1626238914971309 0.036971830985915236 0.07042253521126764
0 0.9406057438380283 0.3310880716397148 0.035651408450704185 0.11032863849765256
0 0.7438731783059467 0.1532440010432968 0.050616197183098656 0.08098591549295775
0 0.7892009609741784 0.61390464701791 0.04093309859154933 0.05927230046948351
0 0.889991686228482 0.10628097287428274 0.03873239436619716 0.06514084507042252
0 0.8437875953638497 0.5199954355764216 0.05413732394366204 0.04577464788732386
0 0.32397147642801255 0.8176268257694314 0.040052816901408446 0.1496478873239437
0 0.22846274696791863 0.8187994479221004 0.04269366197183102 0.14847417840375596
0 0.27775577073552427 0.8105938097722135 0.0387323943661972 0.1596244131455398
0 0.17784868935837245 0.8199764171448445 0.04577464788732395 0.15199530516431917
0 0.5233558905516431 0.8128570031298906 0.04093309859154941 0.06866197183098585
0 0.698534697769953 0.8791894887845593 0.04489436619718303 0.0880281690140845
0 0.7561903975938967 0.8733225743348982 0.04093309859154933 0.08978873239436622
0 0.6210708259976526 0.8780206703182055 0.046214788732394395 0.09330985915492965
0 0.8380526212832551 0.8903098374195793 0.035211267605633784 0.05575117370892018
0 0.4850590522300469 0.8105052382194401 0.03433098591549306 0.06396713615023478
0 0.4366441705790297 0.8897349374021909 0.03521126760563386 0.06866197183098595
0 0.4445676227503912 0.8046334333159451 0.03653169014084507 0.06044600938967146
0 0.3750278144561815 0.9044101025908537 0.040052816901408446 0.07276995305164315
0 0.4736178354851331 0.8932658450704224 0.03785211267605636 0.07922535211267613
0 0.9643733494718311 0.7970950704225352 0.035651408450704185 0.15845070422535207
0 0.9045126662754303 0.8832692140497304 0.03345070422535217 0.057511737089201896
0 0.31692800029342727 0.24072878629803515 0.03829225352112676 0.12793427230046944
0 0.0013549613654147104 0.23016757955138234 0.04973591549295774 0.13028169014084506
0 0.3631479851330204 0.03236828377673448 0.045774647887323994 0.09859154929577464
0 0.36226617517605636 0.13212376108502868 0.04357394366197182 0.08802816901408453
0 0.4128805384389671 0.052889171448443746 0.04093309859154925 0.07805164319248827
0 0.4247649525625979 0.13623119892192662 0.041813380281690134 0.08744131455399064
0 0.4687796483763693 0.13388704138410712 0.04269366197183102 0.09096244131455399
0 0.5163179161776212 0.04410319944357503 0.04709507042253528 0.09624413145539905
0 0.5193912607589984 0.14033428968874978 0.036091549295774586 0.08215962441314555
0 0.5695801545383412 0.038235198226395414 0.05457746478873236 0.09683098591549295
0 0.574418952953834 0.13740599460963313 0.050616197183098656 0.0886150234741784
0 0.8891104875782473 0.17670242131803165 0.037411971830985796 0.06396713615023475
0 0.9313615634780906 0.10628205964180143 0.03389084507042257 0.06631455399061031
0 0.9331196816314554 0.17670242131803165 0.030369718309859038 0.06396713615023475
0 0.9714104068857591 0.1021757085724222 0.028169014084507026 0.06807511737089204
0 0.9714104068857591 0.17553468961919666 0.028169014084507026 0.07042253521126758
0 0.39043213272691707 0.27822389584420104 0.03917253521126756 0.059272300469483556
0 0.3864726990414711 0.3451486697965571 0.041813380281690134 0.08450704225352113
0 0.449852063771518 0.25653745000869416 0.04049295774647885 0.08861502347417838
0 0.4498499241979656 0.34397387410885066 0.03741197183098595 0.08333333333333329
0 0.49518351428012514 0.2600525995479047 0.03609154929577466 0.08215962441314555
0 0.4899039637128326 0.34632509563554165 0.03917253521126756 0.08744131455399064
0 0.5343639964788732 0.25653038601982264 0.04753521126760568 0.08098591549295775
0 0.5907029416079812 0.2577062684750478 0.04885563380281697 0.08333333333333333
0 0.6417537778755867 0.29290177795166056 0.04093309859154933 0.06631455399061037
0 0.6875247579225352 0.36743229438358543 0.035651408450704185 0.06631455399061037
0 0.820009903169014 0.36098667623022085 0.03961267605633812 0.07687793427230044
0 0.6664105291471049 0.47129031907494345 0.05369718309859148 0.04988262910798121
0 0.6699298219874804 0.5223417666492784 0.051056338028169064 0.04460093896713612
0 0.7275833822378718 0.47832931229351416 0.044014084507042146 0.04636150234741773
0 0.7275842991979656 0.5287933620239958 0.04533450704225351 0.040492957746478715
0 0.84730719385759 0.46776864893062076 0.051936619718309866 0.04929577464788729
0 0.9529361062206573 0.498863784559207 0.04489436619718311 0.04049295774647892
0 0.9516166006455399 0.5434473352460442 0.04621478873239432 0.021713615023474138
0 0.37855230340375584 0.6056908581116327 0.04489436619718311 0.0616197183098593
0 0.5554843383215963 0.6056941184141889 0.03829225352112676 0.06514084507042263
0 0.5959779073748044 0.6068727177882108 0.03917253521126764 0.07042253521126746
0 0.7891969874804382 0.6855063249869588 0.035211267605633784 0.06514084507042252
0 0.36798281005477307 0.6890421231090246 0.03609154929577466 0.08098591549295775
0 0.4071580961463224 0.6866919883498521 0.040052816901408446 0.0780516431924883
0 0.4458865170187793 0.6814059511389324 0.03433098591549306 0.07335680751173701
0 0.4912207184076683 0.6866876412797773 0.03389084507042257 0.07335680751173712
0 0.514550322769953 0.9020577942966441 0.03697183098591539 0.067488262910798
0 0.8728234423904537 0.8821003955833768 0.034771126760563376 0.06279342723004704
0 0.8754639818075116 0.7964239914797427 0.034330985915492974 0.06748826291079821
0 0.8450887617370891 0.8017035080855504 0.026408450704225414 0.06514084507042263
0 0.00045848004694835687 0.7748136193705442 0.02640845070422535 0.17899061032863856
