0 0.0035727821791862284 0.08287200052164842 0.0743838028169014 0.13556338028169013
0 0.07089874315336463 0.0541411276299774 0.05193661971830986 0.16255868544600938
0 0.1228393363654147 0.051205768561989225 0.05765845070422536 0.16138497652582162
0 0.1826984912949922 0.05590006085898105 0.05765845070422537 0.16079812206572772
0 0.2548901481807512 0.05882509563554165 0.0699823943661972 0.15082159624413144
0 0.34426533157276995 0.09928055990262563 0.10827464788732395 0.11032863849765258
0 0.48067934516823163 0.09048589375760736 0.06558098591549298 0.11913145539906103
0 0.5506537925469485 0.09928436358894105 0.054137323943661955 0.11443661971830986
0 0.6206410773669796 0.10104492696922274 0.06117957746478879 0.11443661971830986
0 0.6818194322183099 0.0992870805077378 0.05941901408450694 0.11737089201877933
0 0.7460769390649452 0.10397919926969222 0.05501760563380284 0.11443661971830986
0 0.8024174124608763 0.10867675186924013 0.058538732394366216 0.11737089201877936
0 0.8825154049295775 0.1684804816553643 0.04753521126760568 0.057511737089201896
0 0.03612914465962442 0.28593070770300816 0.054137323943661976 0.1431924882629108
0 0.12636902142018783 0.28886769692227443 0.06998239436619716 0.14612676056338023
0 0.204249498728482 0.28593179447052686 0.034771126760563376 0.1443661971830986
0 0.23903499119718308 0.2618919535732916 0.05545774647887324 0.1672535211267606
0 0.29580979802425666 0.2607274821770127 0.05061619718309862 0.1772300469483568
0 0.3521447696596244 0.26365197356981396 0.04621478873239436 0.16666666666666666
0 0.39968762226134585 0.2818276169361851 0.05721830985915493 0.14847417840375585
0 0.46922620794209696 0.3310810076508433 0.051936619718309866 0.10269953051643194
0 0.53172376271518 0.32991110241697097 0.04841549295774649 0.10680751173708919
0 0.5801472026604069 0.32991110241697097 0.0598591549295775 0.10680751173708919
0 0.6364812573356808 0.32816031994435746 0.054137323943661955 0.11737089201877937
0 0.7742438135758999 0.3445715962441315 0.051936619718309866 0.09507042253521127
0 0.8270576584507043 0.3445759433142062 0.04753521126760552 0.09976525821596242
0 0.8983641431924884 0.34047719961745787 0.05281690140845067 0.10974178403755859
0 0.00046948356807511736 0.5406277169187967 0.04225352112676056 0.1455399061032863
0 0.08233048464397495 0.5329958920187794 0.03477112676056339 0.14260563380281693
0 0.118427535700313 0.5330045861589289 0.042693661971831 0.15199530516431928
0 0.16817384340766822 0.4965489697443923 0.05765845070422536 0.0757042253521126
0 0.07793855144757432 0.484784711354547 0.048415492957746505 0.046361502347417836
0 0.16244956719483566 0.5722917753434186 0.054137323943661955 0.11737089201877937
0 0.2209938013497653 0.573468201182403 0.06205985915492956 0.12030516431924873
0 0.2923060935054773 0.5582268301165014 0.07570422535211267 0.13849765258215965
0 0.23683123043818466 0.4848184011476264 0.05105633802816898 0.08274647887323947
0 0.3939832135172144 0.5629287297861242 0.08230633802816899 0.14612676056338017
0 0.8451089348591548 0.565855938097722 0.05545774647887324 0.13849765258215965
0 0.9005688209115804 0.5629232959485309 0.058538732394366216 0.14025821596244126
0 0.010210350645539906 0.7870316031994435 0.12544014084507044 0.06455399061032865
0 0.13565171410406887 0.7858660450356459 0.12720070422535212 0.07335680751173701
0 0.26417314651799684 0.8005363197704747 0.12764084507042256 0.07218309859154928
0 0.26197702709311427 0.7342277430012172 0.13424295774647893 0.07863849765258227
0 0.40634628080985913 0.7483046426708398 0.13864436619718312 0.07042253521126757
0 0.4129486991392802 0.82165058250739 0.1390845070422535 0.05868544600938974
0 0.5529125709115806 0.8110915492957745 0.13776408450704222 0.06338028169014091
0 0.6827400601525822 0.7993664145366024 0.11751760563380276 0.07629107981220647
0 0.8046566290101722 0.8022941662319596 0.11399647887323947 0.06924882629107992
0 0.9344636394757433 0.8157831246739696 0.06426056338028177 0.05985915492957748
0 0.9322653804773082 0.7570949617457834 0.06778169014084515 0.056924882629108026
0 0.0009102357198748045 0.893863023821944 0.043133802816901406 0.09037558685445989
0 0.03394555702269171 0.9437065292992523 0.07878521126760564 0.04812206572769955
0 0.11404660602503913 0.9360872022256999 0.07218309859154927 0.05868544600938974
