0 0.7645781372261348 0.6568977134411407 0.07702464788732376 0.22417840375586867
0 0.8517248019366197 0.6451742088332465 0.0752640845070423 0.23884976525821594
0 0.6857877298513302 0.6703779777430011 0.06954225352112692 0.20539906103286387
0 0.5189728213028169 0.6604041688402017 0.06734154929577474 0.20833333333333334
0 0.5783796092527388 0.27315629890453835 0.049735915492957694 0.29049295774647893
0 0.4547046165884194 0.2725618370718136 0.05633802816901413 0.28227699530516426
0 0.5207193246283255 0.27255694661797947 0.04709507042253528 0.27699530516431936
0 0.4300683440923318 0.6398675230394714 0.07306338028169014 0.21185446009389677
0 0.7025014671361502 0.2884014736567554 0.05281690140845075 0.2764084507042254
0 0.5977561986502348 0.6445819205355591 0.0647007042253521 0.23298122065727692
0 0.39924167400234745 0.2848846939662667 0.04885563380281689 0.28110328638497656
0 0.7601593065336464 0.30952117023126413 0.051936619718309866 0.26877934272300474
0 0.6408765527190924 0.2878184228829768 0.04533450704225343 0.2805164319248826
0 0.25978182462832555 0.7049735915492958 0.14216549295774641 0.17429577464788729
0 0.0595256871087637 0.34468298991479746 0.15360915492957744 0.2153755868544601
0 0.8164994742762128 0.30951356285863324 0.05501760563380284 0.26056338028169024
0 0.8864769781885758 0.28898289427925583 0.04797535211267608 0.2705399061032864
0 0.21707685348200312 0.3534863501999652 0.12588028169014082 0.21596244131455392
0 0.135656604557903 0.693822270039993 0.13424295774647882 0.17312206572769967
0 0.6708125489045383 0.02304110154755695 0.05457746478873236 0.16607981220657278
0 0.7284697769953052 0.02128162493479395 0.05281690140845067 0.16725352112676053
0 0.006251833920187793 0.6891290645105199 0.12940140845070425 0.17488262910798127
0 0.5378915419600939 0.023630672926447573 0.05677816901408453 0.16901408450704225
0 0.595987382629108 0.014827856025039126 0.05281690140845075 0.16901408450704225
0 0.46834837147887326 0.014249695705094767 0.05545774647887324 0.17840375586854462
0 0.39616741246087644 0.019525408624587026 0.05853873239436614 0.17194835680751175
0 0.0004960754107981221 0.0007618240306033734 0.08054577464788733 0.18896713615023472
0 0.9309489314358371 0.6563162928186402 0.07350352112676053 0.23004694835680747
0 0.9353320006846635 0.3054077551730134 0.04709507042253528 0.2629107981220657
0 0.7949325728677621 0.011899017562163102 0.05501760563380284 0.17488262910798125
0 0.8649119107003129 0.02422350460789428 0.050616197183098656 0.17546948356807512
0 0.9274088541666666 0.038876391062423916 0.04621478873239432 0.15551643192488263
0 0.09030498092723005 0.0019371631020692055 0.1095950704225352 0.19072769953051644
0 0.20434363996478871 0.006040253868892366 0.17033450704225356 0.18544600938967137
0 0.0035648351917057903 0.3523034037558685 0.06294014084507042 0.20598591549295775
