0 0.6269927769204389 0.4157998018594726 0.09182098765432103 0.17489711934156385
0 0.04941942086762689 0.4616107491236092 0.05285493827160494 0.20627572016460916
0 0.8299120156035665 0.1514274691358025 0.07330246913580238 0.20833333333333331
0 0.11617316100823045 0.7372913808870599 0.06712962962962964 0.16358024691358022
0 0.30443137002743487 0.1169672115531169 0.04783950617283948 0.21347736625514407
0 0.155127154063786 0.4497399405578418 0.04976851851851853 0.16358024691358022
0 0.6269919731652949 0.6117860272824265 0.09066358024691357 0.17335390946502063
0 0.3611563893175583 0.548470126505106 0.06520061728395063 0.12551440329218094
0 0.10265587491426612 0.45284445968602344 0.046682098765432105 0.18312757201646102
0 0.02435136959876543 0.12314195625666818 0.06597222222222222 0.21553497942386832
0 0.2446381494341564 0.11851137402834934 0.05671296296296294 0.21450617283950618
0 0.28089554398148153 0.5073045267489712 0.045138888888888846 0.1111111111111111
0 0.8102186749828533 0.6210148033836306 0.04822530864197524 0.14043209876543206
0 0.2130023469650206 0.45592230605090683 0.05671296296296294 0.17386831275720163
0 0.6373775612997257 0.20178516994360615 0.0459104938271604 0.15020576131687244
0 0.7519756301440329 0.1580847050754458 0.06712962962962953 0.17592592592592599
0 0.8229624807098765 0.40758840115836004 0.06597222222222222 0.19547325102880656
0 0.5451822916666665 0.3787379972565158 0.0625 0.14814814814814814
0 0.7369285300925925 0.384948464410913 0.06597222222222222 0.18878600823045255
0 0.6898437499999999 0.2002476756591983 0.041666666666666824 0.15637860082304522
0 0.38313400205761317 0.7691924820911447 0.04629629629629635 0.17232510288065842
0 0.7041304976851852 0.8113668838591678 0.059027777777777776 0.16512345679012339
0 0.6169562864368998 0.8206247142203934 0.08371913580246913 0.16358024691358022
0 0.335293156292867 0.7810070873342478 0.0443672839506173 0.15432098765432095
0 0.20219317986968452 0.7311337829599146 0.04706790123456786 0.1800411522633745
0 0.27974215534979424 0.7614616674287455 0.050925925925925916 0.1563786008230454
0 0.43829866469478734 0.7434942272519434 0.038966049382716035 0.1959876543209876
0 0.7222709833676269 0.6087000838286847 0.07021604938271603 0.1738683127572017
0 0.8329898619684499 0.7768937661941777 0.060956790123456825 0.15637860082304528
0 0.7820494684499314 0.8149500838286846 0.04012345679012349 0.14609053497942392
0 0.3557508680555556 0.20333076131687244 0.0590277777777777 0.1527777777777778
0 0.002729820387517147 0.4590268251790886 0.04205246913580247 0.19341563786008228
0 0.655533318329904 0.006792028654168572 0.07908950617283952 0.11316872427983538
0 0.5463538987482853 0.10825426764212771 0.08294753086419762 0.24794238683127576
0 0.8754142018175582 0.6117684042066758 0.04089506172839508 0.15432098765432095
0 0.9232504929698216 0.38032740816948635 0.0362654320987654 0.19804526748971196
0 0.9355961719821674 0.14114273738759334 0.03626543209876555 0.2119341563786008
0 0.757383830589849 0.009324035970126505 0.07716049382716048 0.06995884773662552
0 0.9618267211076817 0.008314281359548849 0.030478395061728412 0.0905349794238683
0 0.8619111153978052 0.005258821063862216 0.04089506172839508 0.12397119341563788
