0 0.5467324674211248 0.7867036274958086 0.07253086419753087 0.19547325102880644
0 0.669384966563786 0.48524091220850485 0.025462962962962857 0.1712962962962962
0 0.5799530071159124 0.226480814662399 0.13233024691358025 0.1548353909465021
0 0.5861255787037036 0.03409731748209114 0.13194444444444453 0.15843621399176958
0 0.4441427683470508 0.23419210105166893 0.12114197530864199 0.14969135802469138
0 0.5945676868998628 0.5253224546563025 0.0663580246913581 0.1260288065843621
0 0.03243071630658436 0.5443291800030483 0.03356481481481482 0.09773662551440318
0 0.5127727409122085 0.5319877876848041 0.059413580246913573 0.10236625514403291
0 0.07100774819958848 0.5504967802164304 0.02893518518518519 0.09207818930041153
0 0.15551242069615911 0.5448502514860539 0.04899691358024692 0.10493827160493831
0 0.43176359953703697 0.5314919600670629 0.07291666666666674 0.1224279835390947
0 0.11266852066186558 0.5659141137021796 0.02044753086419754 0.0761316872427982
0 0.06488072273662551 0.2516808603871361 0.09490740740740738 0.1486625514403292
0 0.2210985725308642 0.5571844993141291 0.04861111111111107 0.09259259259259249
0 0.20608978480795612 0.06699769471117209 0.10262345679012341 0.1352880658436214
0 0.3125870734739369 0.1056079484834629 0.1253858024691358 0.1676954732510288
0 0.3877582733196159 0.5222260326169792 0.038580246913580314 0.11522633744855969
0 0.9367543831447188 0.49292171543971947 0.03742283950617286 0.13323045267489714
0 0.8032683363340192 0.5011545496113398 0.039737654320987775 0.13580246913580254
0 0.8854439943415638 0.4955113549763756 0.03935185185185175 0.15226337448559663
0 0.7377416623799726 0.20386755067825027 0.12577160493827158 0.17695473251028804
0 0.7558135609567902 0.49500314357567443 0.03819444444444445 0.15895061728395057
0 0.8433907214506173 0.4955061156835848 0.03819444444444429 0.14660493827160487
0 0.16594087577160493 0.7264369951226948 0.06597222222222227 0.1075102880658436
0 0.059830997085048014 0.9013222069806432 0.045524691358024685 0.09465020576131693
0 0.11152692043895747 0.9049216011278768 0.04320987654320988 0.09310699588477375
0 0.4522199717078189 0.7877248132906569 0.08564814814814817 0.18724279835390953
0 0.10303739068930043 0.7238545000762079 0.040509259259259245 0.0961934156378601
0 0.6289193780006859 0.796467287761012 0.08834876543209881 0.184670781893004
0 0.3634736153978052 0.7810480490778845 0.06867283950617278 0.19855967078189302
0 0.015072284379286694 0.8936133020880963 0.03742283950617284 0.10236625514403301
0 0.05249833890603566 0.7258973479652492 0.04205246913580247 0.08024691358024688
0 0.16437596450617287 0.9049144566377075 0.034722222222222224 0.08539094650205778
0 0.00040670010288065844 0.7104766803840877 0.03009259259259259 0.0925925925925927
0 0.7404262045610425 0.7810566224660875 0.1026234567901235 0.2078189300411523
0 0.8596078210733882 0.7692396357262612 0.0574845679012346 0.22325102880658446
0 0.9333025227194788 0.7733396204846822 0.0667438271604938 0.20679012345679004
0 0.7102872620884775 0.4888326855662247 0.035879629629629685 0.16152263374485598
0 0.22263669195816185 0.9013198254839202 0.041280864197530874 0.09207818930041153
0 0.8966756687242798 0.1802178593202256 0.1018518518518519 0.190843621399177
0 0.7304307055898491 0.012494284407864653 0.15354938271604937 0.16049382716049382
0 0.4688188550240055 0.03564719554945892 0.09915123456790119 0.1656378600823045
