0 0.910168038408779 0.4317782159731748 0.08641975308641985 0.20936213991769545
0 0.42829619984567907 0.7486268289894834 0.07986111111111104 0.183641975308642
0 0.7469663601680384 0.45436194939795765 0.07600308641975317 0.15534979423868317
0 0.5864741405178328 0.7501605128791343 0.07831790123456778 0.17335390946502063
0 0.5127810463820301 0.7368141289437585 0.07137345679012341 0.2037037037037037
0 0.6346986454046639 0.47492426840420676 0.07716049382716048 0.14043209876543206
0 0.8584571116255143 0.07627838744093889 0.06712962962962968 0.15843621399176952
0 0.2581661522633745 0.4575021909769852 0.09259259259259255 0.21347736625514402
0 0.0015927747770919068 0.4507411217802164 0.07137345679012345 0.13374485596707814
0 0.0876395854766804 0.47548010973936905 0.08989197530864199 0.18518518518518517
0 0.5432709619341564 0.4553969478737997 0.08796296296296302 0.16203703703703698
0 0.6524509173525378 0.12465944596860236 0.08487654320987643 0.18775720164609053
0 0.04210551697530864 0.13540380658436213 0.07638888888888888 0.12500000000000003
0 0.17520763674554185 0.5207180688919373 0.07677469135802469 0.15329218106995873
0 0.471874196244856 0.11742064852918761 0.054398148148148175 0.14763374485596706
0 0.8437861689814814 0.4251024043590916 0.052083333333333336 0.2217078189300412
0 0.7523753643689985 0.1266956256668191 0.08719135802469143 0.16460905349794233
0 0.9259698645404664 0.0860401425087639 0.06327160493827158 0.14557613168724282
0 0.33454566400891633 0.7475889727175736 0.07908950617283948 0.17386831275720158
0 0.25043563528806584 0.7377867322054564 0.07175925925925929 0.14300411522633746
0 0.18445242841220852 0.7300278158817254 0.05594135802469139 0.09670781893004106
0 0.8098248349622771 0.730062585733882 0.03665123456790127 0.13425925925925916
0 0.9089787487139919 0.7126071673525377 0.0405092592592592 0.1712962962962963
0 0.8514981995884774 0.7141599032159731 0.04629629629629635 0.18158436213991777
0 0.674796114111797 0.7387683851547021 0.0397376543209877 0.09207818930041142
0 0.7296014981995886 0.7300535360463344 0.07060185185185175 0.12448559670781884
0 0.16287481781550067 0.10508687700045724 0.09529320987654322 0.16049382716049387
0 0.27282798568244176 0.11537637174211249 0.09452160493827158 0.16203703703703698
0 0.38431579003772287 0.1323250076207895 0.08140432098765436 0.13323045267489714
0 0.5463547025034293 0.10971460143270842 0.08410493827160492 0.15843621399176958
0 0.030141353737997253 0.6796515393994816 0.07021604938271606 0.1347736625514404
0 0.3692673503943758 0.5212277091906721 0.07831790123456793 0.14814814814814825
0 0.052899144804526746 0.8339601432708428 0.0636574074074074 0.1213991769547326
0 0.45800432956104253 0.5196830704160952 0.08179012345679008 0.14660493827160487
0 0.0004088434499314129 0.12611930345983846 0.033179012345679014 0.09773662551440328
