0 0.7927440947769953 0.48134563554164495 0.07262323943661973 0.13497652582159622
0 0.6747799295774648 0.2865077812554339 0.06338028169014089 0.13262910798122063
0 0.13252977063771518 0.07936663189010608 0.06822183098591549 0.15258215962441313
0 0.6783120598591549 0.0664623543731525 0.079225352112676 0.1596244131455399
0 0.5273364143192489 0.2835822030951139 0.06866197183098587 0.14201877934272303
0 0.24827978286384977 0.5059609198400279 0.05809859154929574 0.09976525821596233
0 0.7711716916079812 0.6732068335941576 0.06470070422535217 0.09154929577464783
0 0.5933599863067293 0.2865175621631021 0.07218309859154926 0.14319248826291076
0 0.25356544649843504 0.6526832290036515 0.06382042253521125 0.10915492957746477
0 0.816953980829421 0.07759954790471221 0.07570422535211271 0.1455399061032864
0 0.6628976550273866 0.4748934967831681 0.06558098591549298 0.13849765258215965
0 0.6017226623630673 0.05590603808033385 0.07218309859154926 0.16725352112676056
0 0.0643070226917058 0.0969657450878108 0.06690140845070422 0.14553990610328638
0 0.7518012152777778 0.2888546557120501 0.058538732394366064 0.1320422535211267
0 0.432706132629108 0.6556245652929925 0.06866197183098595 0.11678403755868551
0 0.1686210142801252 0.29941966614501825 0.06778169014084505 0.13380281690140847
0 0.7099896689162754 0.6614844157537819 0.06117957746478879 0.10739436619718316
0 0.18182034917840373 0.4907195487741262 0.06073943661971831 0.11795774647887325
0 0.4415086438771517 0.4883770213875848 0.06822183098591547 0.12323943661971828
0 0.524262764084507 0.07173317683881066 0.079225352112676 0.14788732394366197
0 0.10567903951486698 0.29648267692575203 0.06514084507042253 0.13086854460093897
0 0.19766419698748044 0.6515100634672231 0.05897887323943658 0.10974178403755853
0 0.6373731538536777 0.6573834985219962 0.07086267605633796 0.11502347417840379
0 0.4987232858959311 0.6544557468266389 0.06294014084507041 0.12206572769953054
0 0.38252885367762124 0.31407418275082594 0.06690140845070426 0.11561032863849766
0 0.92038310592723 0.6702763649800034 0.06998239436619716 0.09565727699530524
0 0.4547168427230047 0.26775560772039647 0.07394366197183101 0.1619718309859155
0 0.5885031543427229 0.49129825247782993 0.050176056338028255 0.10915492957746488
0 0.3156194982394366 0.6585490566857939 0.055457746478873284 0.10622065727699521
0 0.3103384194053208 0.5106584724395757 0.05633802816901417 0.10269953051643199
0 0.8477623117175273 0.6732084637454356 0.07350352112676053 0.09330985915492955
0 0.20119968945618155 0.08229710050426013 0.07966549295774644 0.14847417840375585
0 0.5119305677816901 0.48310456877064867 0.06734154929577467 0.1332159624413145
0 0.5625467649647887 0.6556278255955486 0.06734154929577467 0.12030516431924894
0 0.12151921948356807 0.4983415927664754 0.05809859154929578 0.11032863849765262
0 0.30858305213223786 0.30938043383759345 0.06382042253521125 0.11678403755868545
0 0.23376888937793427 0.3035156929229699 0.07790492957746475 0.12089201877934265
0 0.8715118838028169 0.49013160754651364 0.04753521126760568 0.11678403755868551
0 0.9260957673122066 0.500689010606851 0.05677816901408445 0.11032863849765262
0 0.8763647422730828 0.29882629107981223 0.06382042253521136 0.12676056338028172
0 0.7284813918231612 0.4995223656755347 0.0695422535211266 0.11795774647887325
0 0.7531268339201878 0.05473178577638671 0.06602112676056338 0.16666666666666666
0 0.943257286776213 0.3117224178403756 0.051056338028168904 0.11091549295774648
0 0.8147398278560251 0.28943988002086596 0.05633802816901405 0.13028169014084504
0 0.4437438869327074 0.8199334898278561 0.11795774647887317 0.10563380281690134
0 0.9168525039123631 0.8404733959311425 0.05633802816901405 0.10563380281690145
0 0.6540865854851331 0.8199432707355244 0.05369718309859148 0.11619718309859142
0 0.8464333308881065 0.8363637845592072 0.06117957746478864 0.10387323943661962
0 0.15982094825899842 0.7994098852373501 0.07174295774647889 0.12323943661971817
0 0.23375360670970266 0.8011715353851504 0.05589788732394364 0.12441314553990614
0 0.288766627543036 0.8041128716744914 0.04929577464788729 0.13204225352112675
0 0.33587117321987475 0.8041058076856199 0.06294014084507048 0.12441314553990614
0 0.5845568637519561 0.8170073682837767 0.07174295774647885 0.11443661971830991
0 0.7078008851721439 0.8216967701269344 0.0783450704225352 0.1085680751173708
0 0.13032600987871673 0.6503390714658319 0.06382042253521128 0.11267605633802831
0 0.3680081792840376 0.5018621761432794 0.07262323943661973 0.10974178403755865
0 0.3754783475156494 0.6702801686663188 0.05501760563380284 0.09976525821596254
0 0.8895827220266043 0.07466636237176143 0.08362676056338011 0.1467136150234742
