0 0.03593830375514403 0.10201045953360767 0.08449074074074073 0.1712962962962963
0 0.13317070687585736 0.0922467992684042 0.09915123456790123 0.18209876543209877
0 0.2887300132887517 0.09327131915866484 0.21566358024691365 0.17746913580246915
0 0.5089348100994513 0.10817520195092212 0.08834876543209881 0.16255144032921812
0 0.6019249935699588 0.10407283569577808 0.10532407407407413 0.17644032921810698
0 0.742357896090535 0.09944320606614847 0.10648148148148143 0.17644032921810704
0 0.8642709405006858 0.10818996723060507 0.10570987654321 0.1784979423868313
0 0.9371562607167353 0.4070516117969822 0.06057098765432095 0.1712962962962963
0 0.8368770897633746 0.3833938233500991 0.1030092592592592 0.17644032921810698
0 0.7165016289437587 0.3993269890260631 0.09567901234567905 0.16203703703703698
0 0.5814809456447187 0.38598393918609974 0.11033950617283961 0.19598765432098766
0 0.5235677083333332 0.38852737768632833 0.04861111111111119 0.16512345679012339
0 0.39590406378600823 0.3993336572168877 0.10185185185185183 0.169238683127572
0 0.26474515603566534 0.3751643232738912 0.12191358024691354 0.1774691358024691
0 0.17366603437928668 0.375148605395519 0.07908950617283948 0.16049382716049387
0 0.0498354981138546 0.38490940786465483 0.09645061728395063 0.1466049382716048
0 0.0007983967764060358 0.3689848155768937 0.038580246913580245 0.17026748971193412
0 0.030544570901920438 0.6246284865112025 0.09529320987654322 0.15432098765432095
0 0.17290327074759945 0.6174292219173906 0.091820987654321 0.15689300411522636
0 0.2828591177983539 0.6138360196616369 0.09490740740740743 0.16512345679012339
0 0.3851010588134431 0.6308194253924707 0.10108024691358024 0.17386831275720158
0 0.4950376157407408 0.6297825217192501 0.07638888888888881 0.16512345679012339
0 0.5807010352366255 0.6282497904282883 0.09837962962962968 0.17644032921810687
0 0.6999062285665295 0.6282250228623686 0.08719135802469143 0.14969135802469133
0 0.8295396090534979 0.62822930955647 0.0925925925925927 0.15432098765432095
0 0.9298292288237312 0.6431446235329981 0.06520061728395063 0.15174897119341554
0 0.007380079732510288 0.844272976680384 0.07175925925925927 0.14814814814814825
0 0.09188100137174213 0.8365659769852157 0.08641975308641972 0.15792181069958847
0 0.1836968985768176 0.8427311957018747 0.07908950617283948 0.14969135802469144
0 0.2874860682441701 0.8478704656302393 0.09104938271604937 0.14454732510288074
0 0.38201410322359397 0.8684261164456638 0.10030864197530866 0.1224279835390946
0 0.48887415337791496 0.8622675659198293 0.08989197530864199 0.13786008230452676
0 0.588018957904664 0.864836724584667 0.08063271604938278 0.13477366255144022
0 0.697208826303155 0.8658598155768938 0.09182098765432095 0.12860082304526751
0 0.8102591306584362 0.8550673487273283 0.10648148148148143 0.13940329218106995
0 0.9313713670267489 0.8710043247980491 0.06365740740740745 0.12911522633744857
