0 0.5585842747456964 0.10528277690836377 0.0655809859154929 0.2546948356807512
0 0.621969752543036 0.7889280125195617 0.07306338028169014 0.2112676056338029
0 0.47319603384194053 0.07303132063988871 0.0642605633802816 0.2822769953051643
0 0.40848799393583723 0.09061576247609111 0.053697183098591554 0.2593896713615023
0 0.8631687695618154 0.0671682098765432 0.07570422535211255 0.2881455399061033
0 0.2804054797535211 0.11464908276821424 0.051496478873239465 0.22946009389671365
0 0.728912057413928 0.09237904277516952 0.05589788732394364 0.2623239436619718
0 0.2130633191510172 0.11230438184663537 0.05061619718309862 0.23239436619718312
0 0.29228622603677623 0.4720434489653973 0.04709507042253516 0.22946009389671365
0 0.34642844043427234 0.4937494566162406 0.054137323943661955 0.22124413145539912
0 0.6488103971048513 0.5166199356633628 0.0616197183098592 0.20305164319248828
0 0.4621787583137715 0.5131113067292645 0.04445422535211271 0.21654929577464782
0 0.5167586683294209 0.5189532255259957 0.04797535211267608 0.18779342723004683
0 0.3455487700508607 0.106432033559381 0.05501760563380284 0.2282863849765258
0 0.40804174002347415 0.5048915406016344 0.04489436619718311 0.21244131455399062
0 0.1580447965571205 0.11931729264475745 0.04929577464788729 0.20070422535211266
0 0.5788249462050078 0.5166302599547905 0.05721830985915501 0.21420187793427226
0 0.09994620500782471 0.12871131107633454 0.049295774647887335 0.20539906103286387
0 0.6404541397691705 0.13868403321161535 0.07086267605633813 0.20129107981220656
0 0.23242676545383414 0.47907755173013394 0.04665492957746476 0.22065727699530513
0 0.17653437989045384 0.4579703529820901 0.05457746478873238 0.2417840375586854
0 0.11975712783646321 0.4667579551382368 0.055897887323943685 0.22535211267605634
0 0.051963211561032854 0.12812391323248132 0.038292253521126765 0.20481220657277
0 0.7922914221439751 0.081235872022257 0.05457746478873228 0.2699530516431925
0 0.9098026090571205 0.5178132063988871 0.04533450704225351 0.22417840375586867
0 0.8512629597026604 0.5224906537993392 0.044014084507042146 0.20539906103286376
0 0.7953650723787168 0.5183799556598851 0.044014084507042306 0.20246478873239443
0 0.7311093994522693 0.5259992827334378 0.051056338028168904 0.19190140845070414
0 0.9489849251760564 0.10410852460441662 0.059419014084507026 0.25410798122065725
0 0.9590977723982785 0.52426860545992 0.04445422535211287 0.22417840375586856
0 0.7553174515845071 0.8364181229351418 0.051496478873239306 0.16255868544600938
0 0.276881602112676 0.8018344635715527 0.04753521126760568 0.2065727699530517
0 0.5035547486306728 0.8035776386715354 0.04841549295774649 0.18779342723004694
0 0.7038182218309859 0.8422801469309685 0.047535211267605605 0.15551643192488251
0 0.21922162314162755 0.8112105503390714 0.04533450704225351 0.19190140845070433
0 0.33849795823552425 0.8082713875847679 0.04269366197183102 0.18661971830985918
0 0.3886730976134586 0.8071025691184143 0.04137323943661973 0.19190140845070425
0 0.16992462588028168 0.7936081768388107 0.04357394366197184 0.19542253521126768
0 0.44721519219483574 0.8065124543557642 0.04621478873239432 0.18838028169014082
0 0.11358965424491393 0.8000662928186403 0.04797535211267605 0.1983568075117369
0 0.5686928428208137 0.818232155277343 0.04445422535211278 0.16960093896713613
0 0.8662372236893583 0.8200095635541647 0.057658450704225414 0.18779342723004694
0 0.9326905443075119 0.830557729090593 0.04621478873239432 0.17136150234741795
0 0.815616747359155 0.8422768866284125 0.051496478873239465 0.15199530516431928
