0 0.03393241392801252 0.10105470787689098 0.05985915492957747 0.125
0 0.09248459507042253 0.1474080594679186 0.07922535211267605 0.11619718309859157
0 0.2901084458137715 0.10401940966788385 0.08010563380281689 0.1578638497652582
0 0.3702000195618153 0.10108242044861764 0.0598591549295775 0.15492957746478875
0 0.5246958749021909 0.10283591984002782 0.06910211267605636 0.14730046948356806
0 0.46922712490219093 0.10104764388801948 0.05325704225352108 0.11737089201877933
0 0.6004013228677622 0.09932348721961398 0.07086267605633804 0.1566901408450704
0 0.6769846072965572 0.09930935924187098 0.06910211267605636 0.1414319248826291
0 0.8090103555359938 0.09343375065206051 0.04533450704225351 0.13380281690140847
0 0.9309458749021909 0.09522420013910624 0.06910211267605636 0.1660798122065728
0 0.03482125391236307 0.3404924143627196 0.07218309859154928 0.12617370892018773
0 0.0009142092136150236 0.4637378282037906 0.04885563380281691 0.13262910798122063
0 0.044941436815336466 0.46667481742305683 0.06778169014084508 0.13556338028169013
0 0.10963969581377153 0.33580192575204315 0.06426056338028169 0.13086854460093897
0 0.11402918378325509 0.4713636758824552 0.04709507042253522 0.12910798122065736
0 0.16598781054381848 0.46494359676577984 0.07878521126760564 0.1672535211267606
0 0.2821703222809077 0.4754890453834116 0.057658450704225296 0.147887323943662
0 0.34996423855633807 0.47725069553121197 0.07526408450704222 0.14906103286384972
0 0.42433337001173704 0.4725460789427926 0.05413732394366204 0.1384976525821596
0 0.47716066363458526 0.4743191401495392 0.06910211267605643 0.15199530516431917
0 0.5471344997065729 0.4608187706485829 0.05677816901408445 0.14906103286384972
0 0.6061216255868546 0.4684571161537124 0.06866197183098587 0.15903755868544603
0 0.6805063453638498 0.46375412971657104 0.06998239436619716 0.15023474178403767
0 0.7592940018583725 0.4772588462876021 0.07350352112676038 0.1578638497652582
0 0.8349951706768388 0.48196074595722477 0.06910211267605636 0.16549295774647893
0 0.9040914759389671 0.45612230481655364 0.06073943661971839 0.14730046948356812
0 0.8926527044209703 0.3252331116327595 0.06778169014084515 0.125
0 0.05284593847809076 0.758334420100852 0.04181338028169014 0.12793427230046944
0 0.09598035260172144 0.7964853938445488 0.04269366197183098 0.13380281690140836
0 0.1263745231807512 0.6938027082246565 0.07790492957746475 0.15199530516431928
0 0.1364977626173709 0.8487100069553121 0.07790492957746478 0.12793427230046955
0 0.2201211609937402 0.8217456746652756 0.07306338028169014 0.1613849765258215
0 0.21439566216744915 0.6996462571726656 0.0677816901408451 0.125
0 0.36316724129499217 0.8053007085724221 0.07350352112676053 0.14730046948356823
0 0.6118394830790298 0.772436858807164 0.06294014084507041 0.147300469483568
0 0.6840250268974961 0.8111725134759171 0.06646126760563378 0.15082159624413155
0 0.8138806362480437 0.7783097504781776 0.08670774647887325 0.15199530516431917
0 0.9106975621087637 0.8053094027125717 0.06646126760563378 0.15669014084507055
