0 0.24263253129890452 0.3275022822117893 0.16549295774647887 0.040492957746478875
0 0.14841977210485133 0.7383090984176665 0.1329225352112676 0.04988262910798116
0 0.5956239607785604 0.5534428794992176 0.16329225352112675 0.042253521126760535
0 0.8042320764866979 0.3292889280125196 0.13644366197183094 0.0686619718309859
0 0.3438221341940532 0.4413623717614328 0.10387323943661965 0.05164319248826293
0 0.3438578956377152 0.0833740871152843 0.15536971830985913 0.04401408450704225
0 0.7654947916666667 0.06755727264823508 0.12940140845070433 0.07453051643192488
0 0.23559486257824724 0.26999217527386543 0.17209507042253525 0.04225352112676059
0 0.24879144659624408 0.20016844896539734 0.16109154929577466 0.055164319248826255
0 0.6083614534428795 0.6772914493131629 0.12500000000000008 0.06631455399061037
0 0.8834265576095461 0.46784798295948526 0.0919894366197184 0.13497652582159622
0 0.3231465179968701 0.49652180055642503 0.11971830985915494 0.046361502347417836
0 0.29280491979655715 0.634429881759694 0.16021126760563378 0.04342723004694838
0 0.045011125782472614 0.2899555512084855 0.16813380281690138 0.05340375586854454
0 0.11018681533646324 0.09393312032689966 0.21830985915492956 0.03931924882629108
0 0.1567787803208138 0.6444069509650496 0.1276408450704225 0.04401408450704225
0 0.31259903169014086 0.7230389280125195 0.14260563380281688 0.0369718309859155
0 0.6004071302816901 0.2589201877934272 0.079225352112676 0.12676056338028172
0 0.21397844532472612 0.5364192097026604 0.10079225352112679 0.0369718309859155
0 0.017713835093896714 0.5293813032516084 0.15580985915492956 0.041666666666666664
0 0.14841579861111112 0.685486219787863 0.1272007042253521 0.04342723004694838
0 0.6110105511541472 0.443707616066771 0.13688380281690135 0.04929577464788729
0 0.06129572574334899 0.22892051382368284 0.16725352112676056 0.05105633802816901
0 0.10667730340375586 0.02057359589636585 0.2350352112676056 0.0363849765258216
0 0.6171694664514866 0.4929979568770649 0.13248239436619724 0.04342723004694838
0 0.003147924002347418 0.08103210311250218 0.09639084507042256 0.04988262910798121
0 0.7060507140062598 0.274182207442184 0.09330985915492952 0.13086854460093897
0 0.46306454176447576 0.4291340636411059 0.05237676056338019 0.1549295774647887
0 0.22013094190140847 0.48244164058424627 0.08714788732394364 0.05105633802816901
0 0.7861713248239437 0.6948807816031995 0.11487676056338027 0.04870892018779332
0 0.9120338786189358 0.09453464614849592 0.08934859154929566 0.05516431924882627
0 0.8077290566314554 0.2195297556946618 0.10167253521126757 0.04988262910798119
0 0.7760273009585289 0.4567097026604069 0.08494718309859163 0.147887323943662
0 0.7734032668231612 0.6532168318553295 0.10915492957746473 0.05164319248826298
0 0.31347625684663544 0.7658841940532082 0.13820422535211263 0.042253521126760535
0 0.7830930897887325 0.7441770996348461 0.11883802816901405 0.0492957746478874
0 0.6228714299687012 0.7664672448269866 0.10387323943661965 0.03814553990610323
0 0.32620794209702664 0.5546002869066249 0.0915492957746479 0.0246478873239437
0 0.01156439505086072 0.43254162319596595 0.17385563380281688 0.03227699530516427
0 0.00936674735915493 0.4753885193879325 0.17825704225352113 0.03931924882629108
0 0.0005150259194053209 0.7054697009215789 0.10783450704225352 0.07629107981220647
0 0.4705533548513302 0.6426518214223612 0.0616197183098592 0.04988262910798127
0 0.9217084189162754 0.660288428099461 0.07702464788732408 0.08333333333333333
0 0.8029046239241001 0.2711838158581117 0.12632042253521136 0.06161971830985914
0 0.6695025185837246 0.055821813597635196 0.06954225352112668 0.07629107981220658
0 0.77869840571205 0.0012160928534167973 0.12852112676056338 0.04577464788732394
0 0.36058385905712054 0.011766975308641974 0.15624999999999992 0.03227699530516432
0 0.9247881822183098 0.027627803860198225 0.0752640845070423 0.049295774647887335
0 0.4450658377347418 0.23889486611024166 0.12015845070422533 0.04870892018779342
0 0.45737113654147105 0.30929838288993217 0.09330985915492968 0.028169014084507078
0 0.0027105340375586854 0.04991251521474527 0.10035211267605633 0.03227699530516432
0 0.008428391529733958 0.005896800556424969 0.09463028169014084 0.030516431924882622
0 0.11063673708920188 0.05989610502521301 0.23239436619718304 0.03990610328638498
0 0.20651286189358373 0.4313668275082594 0.125 0.031103286384976586
