0 0.09806964806241428 0.33446883097088864 0.10918209876543208 0.11522633744855963
0 0.20957031249999997 0.33241169410150895 0.11458333333333337 0.11574074074074069
0 0.5378552597736626 0.09987616217040086 0.06712962962962961 0.08847736625514403
0 0.46108137217078193 0.19452970202713002 0.06828703703703706 0.09207818930041153
0 0.6142403978052126 0.1060418571864045 0.06172839506172849 0.08076131687242798
0 0.33726048096707817 0.3406221422039323 0.09953703703703706 0.09413580246913582
0 0.59187859010631 0.6405383135192806 0.08294753086419746 0.11471193415637862
0 0.5486408500514404 0.4625542981252858 0.04282407407407405 0.11419753086419746
0 0.23153238597393688 0.11426707056851089 0.0733024691358025 0.07510288065843623
0 0.5359246399176955 0.19967040085352844 0.06481481481481476 0.08847736625514405
0 0.6042156957304526 0.20377895900015242 0.07060185185185183 0.08127572016460904
0 0.4579962920096022 0.45792419219631153 0.07021604938271603 0.11368312757201651
0 0.29827380186899866 0.5967468754762992 0.06983024691358024 0.04218106995884783
0 0.4074392896947873 0.17548773052888278 0.045910493827160476 0.0823045267489712
0 0.44758685913923185 0.3380467916476147 0.0806327160493827 0.0905349794238683
0 0.3657865547839506 0.5483972527053803 0.06597222222222214 0.046810699588477354
0 0.2365451388888889 0.19812004648681605 0.06944444444444445 0.08076131687242796
0 0.32451479981138553 0.16932775110501447 0.07908950617283944 0.0961934156378601
0 0.4668603716563786 0.09781045191281817 0.05671296296296286 0.07973251028806586
0 0.7207154492455419 0.42448321521109583 0.05246913580246905 0.10853909465020577
0 0.04943308470507545 0.5412084666971498 0.07253086419753085 0.06069958847736624
0 0.36925824116941014 0.5988002019509221 0.06520061728395063 0.037551440329218096
0 0.6751894182956104 0.19348898795915256 0.05054012345679016 0.07921810699588479
0 0.6404701431755829 0.45226575598231983 0.05478395061728405 0.11368312757201651
0 0.13084169238683127 0.5890365416857186 0.07870370370370366 0.048353909465020634
0 0.21301949374142662 0.5864669067215365 0.08140432098765432 0.05092592592592592
0 0.13432731052812072 0.17962153254077123 0.09799382716049383 0.10236625514403294
0 0.8090711805555556 0.4512469516841945 0.0625 0.12448559670781889
0 0.8958770040294924 0.5005948978814204 0.06288580246913587 0.08693415637860084
0 0.8256786372599452 0.16421753543667122 0.08834876543209873 0.1327160493827161
0 0.8816004372427984 0.3750743026977595 0.06018518518518524 0.08024691358024694
0 0.7820901920438957 0.0036427373875933546 0.09876543209876555 0.04526748971193416
0 0.9660740312071331 0.4954422915714068 0.03549382716049381 0.07767489711934158
0 0.934459126371742 0.20841573311995124 0.0655864197530865 0.08899176954732513
0 0.9016793124142661 0.006734396433470507 0.08487654320987667 0.05092592592592592
0 0.2963603287894375 0.749095031245237 0.09220679012345682 0.1337448559670782
0 0.39858940972222223 0.7192801211705532 0.0798611111111111 0.15586419753086422
0 0.491188432355967 0.7583395252248133 0.08912037037037039 0.11779835390946508
0 0.14163880315500685 0.7079089506172839 0.07098765432098764 0.09722222222222222
0 0.5845502186213991 0.7583257125438194 0.0856481481481481 0.10288065843621408
0 0.496972254372428 0.6610968221307728 0.08449074074074071 0.09567901234567894
0 0.8916248713991769 0.6364497599451302 0.050925925925925875 0.14351851851851852
0 0.6825547625171469 0.7706599603718945 0.10108024691358015 0.09053497942386825
0 0.8349046746399177 0.6410636716963877 0.0405092592592592 0.12654320987654327
0 0.6825185935356654 0.09422534674592288 0.048996913580246985 0.09670781893004116
0 0.7369435335219479 0.1837286617893614 0.08757716049382715 0.09362139917695468
0 0.8256818522805213 0.10344983615302546 0.09297839506172842 0.059156378600823054
0 0.041336859139231824 0.1821911675049535 0.0806327160493827 0.09979423868312759
0 0.0004466199417009602 0.33806489102271 0.08757716049382716 0.11008230452674894
0 0.14241871356310015 0.08084943225118121 0.08294753086419754 0.09516460905349795
0 0.1412556798696845 0.8128062604785856 0.07484567901234568 0.05298353909465016
0 0.7485087662894375 0.6580184994665448 0.07484567901234572 0.10442386831275725
0 0.5339932163065844 0.3514017489711934 0.06134259259259262 0.06944444444444445
0 0.0004104509602194788 0.7027339582380735 0.035493827160493825 0.0637860082304527
0 0.00041286222565157756 0.765984606005182 0.03896604938271605 0.041152263374485715
0 0.3025203082133059 0.6934575522024082 0.07368827160493825 0.04526748971193418
0 0.7099245006001372 0.35448435832952296 0.06905864197530866 0.06532921810699588
0 0.7836143797153634 0.35140889346136256 0.0713734567901235 0.07716049382716048
0 0.684837159207819 0.6497823311995122 0.0543981481481481 0.09825102880658435
