0 0.8341524843505478 0.7103395061728396 0.1232394366197184 0.26525821596244137
0 0.3926741001564945 0.1024664188836724 0.09859154929577467 0.38204225352112675
0 0.6074579420970265 0.14287134846113722 0.0915492957746479 0.2869718309859155
0 0.5049097099960876 0.15050426012867327 0.09815140845070418 0.29107981220657275
0 0.4221681215766823 0.6411471917927317 0.10519366197183101 0.32629107981220656
0 0.07225370451877934 0.6200128238567205 0.1016725352112676 0.31807511737089217
0 0.18096421410406885 0.10603210311250218 0.09551056338028173 0.43016431924882637
0 0.11183826046557122 0.07896887497826466 0.061179577464788734 0.3568075117370892
0 0.7681194371087637 0.1394333594157538 0.1060739436619719 0.3767605633802817
0 0.8953030247456962 0.1253423317683881 0.08142605633802825 0.36971830985915494
0 0.30596635367762126 0.6346939662667362 0.09859154929577463 0.3286384976525822
0 0.19153279049295777 0.6311750130412103 0.10299295774647885 0.33098591549295775
0 0.5392526163928013 0.6411461050252131 0.11531690140845059 0.32511737089201886
0 0.6690990561424099 0.6511275213006434 0.12235915492957751 0.33039906103286376
