0 0.3513136981611894 0.4642524126238915 0.1170774647887324 0.05457746478873249
0 0.3649513399843506 0.5417144844374892 0.10739436619718302 0.05164319248826298
0 0.7267373337245696 0.4912564119283603 0.09330985915492959 0.06396713615023468
0 0.21882641334115804 0.5346744044513997 0.11003521126760564 0.053990610328638465
0 0.8513008607198749 0.19853123369848724 0.09859154929577474 0.18838028169014084
0 0.4648403878129891 0.13914536602330033 0.07438380281690142 0.0657276995305164
0 0.2197076119913928 0.6003988436793603 0.11135563380281689 0.05046948356807514
0 0.35791795041079816 0.6115409276647539 0.12015845070422533 0.041666666666666664
0 0.4538393119131455 0.2242485002608242 0.0779049295774648 0.07570422535211273
0 0.6347338370500782 0.33163525908537644 0.07306338028169014 0.06748826291079815
0 0.3622933783255086 0.2312934707007477 0.08274647887323938 0.07863849765258211
0 0.6127454396517996 0.5387769518344635 0.09991197183098595 0.048122065727699656
0 0.3565651286189358 0.3099314249695705 0.07350352112676062 0.07805164319248835
0 0.6167076242175275 0.6109638541123283 0.10123239436619716 0.05223004694835675
0 0.7359750953638498 0.5669530299078421 0.08582746478873243 0.05575117370892018
0 0.10173060935054773 0.31695955051295427 0.08362676056338027 0.06279342723004694
0 0.0960216158059468 0.5781048948009042 0.10211267605633806 0.05751173708920179
0 0.4648348860524257 0.31286624065379937 0.06646126760563378 0.07863849765258216
0 0.5502225156494522 0.231304881759694 0.06690140845070426 0.09096244131455401
0 0.5651805800078247 0.323425817249174 0.05721830985915501 0.07453051643192492
0 0.07578736306729264 0.24594635715527732 0.11971830985915494 0.058685446009389686
0 0.00047284575508607207 0.7665905929403581 0.04709507042253521 0.17136150234741795
0 0.11054167889280127 0.7072052686489306 0.09551056338028167 0.0492957746478874
0 0.3741683171948357 0.15087810815510347 0.06998239436619724 0.061032863849765244
0 0.49302529587245697 0.7647180925056511 0.09727112676056338 0.05046948356807514
0 0.6210998630672927 0.4830154538341158 0.08802816901408453 0.0369718309859155
0 0.7293690091940531 0.31345907233524606 0.08010563380281689 0.085093896713615
0 0.21793512812989044 0.7342261128499391 0.09419014084507041 0.07687793427230044
0 0.6638399843505477 0.007110719874804382 0.1549295774647888 0.073943661971831
0 0.6417712001173709 0.2342293731524952 0.06602112676056338 0.08039906103286387
0 0.6430830643583725 0.14677067031820554 0.05369718309859148 0.06161971830985914
0 0.8618627127347417 0.609210354720918 0.09639084507042257 0.05985915492957748
0 0.8381064162754303 0.5000711832724744 0.11267605633802825 0.07687793427230044
0 0.8565868300078248 0.7588740001738827 0.10475352112676053 0.07687793427230044
0 0.23951028217918618 0.9167041601460615 0.10607394366197186 0.04049295774647892
0 0.3715455056729265 0.9255145844201008 0.0959507042253521 0.04870892018779332
0 0.5009579176447575 0.9360676404103634 0.11179577464788722 0.03755868544600936
0 0.3385438062402191 0.7394860676404105 0.1087147887323944 0.053403755868544595
0 0.22586010856807512 0.8087430446878803 0.09771126760563383 0.06220657276995307
0 0.34735334751564945 0.8040286471917927 0.11839788732394364 0.041079812206572794
0 0.4912735964397496 0.8228155972874284 0.1100352112676056 0.04929577464788729
0 0.11670181680359938 0.8850167362197878 0.09286971830985914 0.04342723004694838
0 0.5018363654147106 0.8897104851330203 0.10915492957746473 0.04225352112676064
0 0.8583440312010956 0.8545742044861764 0.0999119718309858 0.12323943661971828
0 0.11932676789906102 0.8052181142410015 0.0699823943661972 0.05809859154929587
0 0.3693457184076683 0.8662379368805425 0.09727112676056338 0.04401408450704225
0 0.03573485181924883 0.0006629281864023648 0.12015845070422533 0.08215962441314555
0 0.1633705007824726 0.0059408146409320114 0.11267605633802817 0.07805164319248827
0 0.2980358714788732 0.004764932185706834 0.0871478873239436 0.07570422535211267
0 0.3913698772496087 0.007110176491045036 0.12191901408450702 0.07335680751173708
0 0.5207642556729265 0.004760585115632065 0.11179577464788729 0.0710093896713615
0 0.8618862480438185 0.015912993392453487 0.13028169014084515 0.07335680751173708
0 0.7592869718309859 0.22249445748565466 0.0633802816901408 0.08274647887323947
0 0.7372670921361503 0.1514693096852721 0.04489436619718311 0.06572769953051644
0 0.2465286947378717 0.2723955616414536 0.07174295774647889 0.10269953051643194
0 0.10746802865805946 0.5000385802469135 0.10607394366197184 0.041666666666666664
0 0.4886296948356807 0.5951247609111459 0.10563380281690142 0.05868544600938974
0 0.4895111991392801 0.5159059294035819 0.10739436619718311 0.0657276995305164
0 0.6281534257629109 0.8510416666666667 0.10431338028169014 0.11091549295774648
0 0.7373034648865413 0.8750614023648061 0.09727112676056338 0.06631455399061037
0 0.7324631382042254 0.7958365936358894 0.099031690140845 0.06690140845070414
0 0.2144436497456964 0.8773773039471396 0.13688380281690143 0.03227699530516433
