0 0.04274867957746479 0.2154896974439228 0.07922535211267606 0.12323943661971828
0 0.13869388204225352 0.20316738393322897 0.07130281690140847 0.125
0 0.07443790346244132 0.0030206703182055292 0.07790492957746477 0.09330985915492958
0 0.16819737871674492 0.0030081724917405666 0.09154929577464793 0.07981220657276995
0 0.34687286042644755 0.0006493435924187098 0.060299295774647946 0.06748826291079812
0 0.4243397887323943 0.0006645583376804035 0.06338028169014089 0.08392018779342723
0 0.4965250268974961 0.003009802643018605 0.06646126760563378 0.08157276995305164
0 0.894848823845853 0.015310924187097896 0.06117957746478864 0.056924882629107984
0 0.7223023034037559 0.004756238045557294 0.04489436619718311 0.06631455399061033
0 0.0022303526017214397 0.37514888715006084 0.04269366197183099 0.16079812206572774
0 0.059912338615023465 0.3657456311945748 0.07658450704225354 0.1461267605633803
0 0.14573185641627542 0.3463919318379412 0.06514084507042256 0.15962441314553996
0 0.2179204567683881 0.35812902103981914 0.07306338028169017 0.15962441314553985
0 0.30814780174100154 0.3616512345679012 0.07086267605633804 0.16079812206572774
0 0.38693943172926454 0.3628211398017736 0.08010563380281689 0.15669014084507046
0 0.4718756113067292 0.3311266518866284 0.06426056338028169 0.15199530516431928
0 0.5541773645344289 0.3358285515562511 0.05765845070422534 0.1596244131455399
0 0.6351632800273865 0.3223211180664233 0.057658450704225414 0.14906103286384972
0 0.7007402924491392 0.29943977134411404 0.05193661971830994 0.15551643192488265
0 0.7764515478286386 0.3117604547035298 0.06205985915492944 0.15199530516431922
0 0.044061155125195615 0.6996560380803338 0.06778169014084509 0.13556338028169018
0 0.11712392410015651 0.703178251608416 0.06690140845070422 0.13673708920187794
0 0.18623367811032862 0.6879287297861242 0.0779049295774648 0.14612676056338017
0 0.2570853506455399 0.6474270778994958 0.06205985915492956 0.13673708920187794
0 0.3217946131651017 0.6650414058424621 0.07438380281690146 0.14612676056338028
0 0.39837147887323937 0.6580002390888541 0.06338028169014089 0.147300469483568
0 0.4661562255477308 0.6550643366371066 0.06778169014084506 0.1455399061032864
0 0.5418531152190924 0.6398034037558685 0.05721830985915501 0.14260563380281693
0 0.6012663218896713 0.5764111676230221 0.04885563380281697 0.12969483568075116
0 0.6804968701095462 0.6157412841245001 0.05633802816901405 0.1414319248826291
0 0.7460692977308295 0.5699666362371762 0.044014084507042306 0.1414319248826291
0 0.8305848982785602 0.6561994653103808 0.05633802816901405 0.10387323943661973
0 0.8363168158255087 0.5734263606329334 0.07086267605633796 0.07511737089201873
0 0.5801472026604069 0.9120500782472614 0.0598591549295775 0.08450704225352107
0 0.6611221146322379 0.8791900321683186 0.04401408450704222 0.08861502347417838
0 0.715266774256651 0.8938700878108157 0.05457746478873244 0.09800469483568061
0 0.7988892556729265 0.8715929838288994 0.04841549295774649 0.12323943661971828
0 0.9093529929577465 0.8926860545992001 0.0316901408450704 0.08685446009389687
0 0.8530174100156496 0.9044122761258911 0.035211267605633784 0.07511737089201884
0 0.8781045212245696 0.8310467744740045 0.03389084507042257 0.0657276995305164
0 0.9331215155516432 0.8216576464962616 0.03301056338028161 0.06631455399061037
0 0.7852516138497652 0.0006406494522691707 0.058098591549295815 0.05809859154929578
0 0.5801410895931143 0.0006390193009911321 0.05105633802816898 0.056338028169014086
0 0.6466005232785602 0.00063358546339767 0.04841549295774641 0.05046948356807512
0 0.8477571156103285 0.3610051512780386 0.06602112676056338 0.09683098591549298
0 0.9349043916275429 0.31111926186750133 0.06514084507042257 0.09330985915492955
0 0.9261021860328639 0.3973602416970961 0.06602112676056338 0.06455399061032865
0 0.954696669600939 0.6192439358372457 0.04489436619718311 0.12147887323943668
0 0.9533771640258217 0.8891725352112676 0.04621478873239432 0.09507042253521115
0 0.46043164368153366 0.8921165884194053 0.06382042253521121 0.10563380281690134
0 0.41772178208137717 0.8891861198052512 0.04049295774647885 0.10974178403755874
0 0.3539114461071987 0.8891795992001391 0.05501760563380288 0.10269953051643188
0 0.2922917277973396 0.8950399930446878 0.0550176056338028 0.09389671361502352
0 0.2350709727112676 0.9050072813423752 0.051496478873239424 0.0839201877934273
0 0.17564981905320814 0.9097015736393671 0.04841549295774647 0.08333333333333344
0 0.11183550958528952 0.9079426404103634 0.057218309859154916 0.08509389671361516
0 0.06209500929186229 0.9167400234741784 0.0506161971830986 0.07922535211267603
0 0.38781451731220656 0.5869087984698313 0.07262323943661982 0.05868544600938964
0 0.31651078345070427 0.5957116153712397 0.07130281690140841 0.05868544600938974
