0 0.874624352014867 0.41331670579029733 0.0928697183098592 0.18485915492957744
0 0.7610707648669798 0.39513399843505476 0.09683098591549281 0.19542253521126762
0 0.4248111062206573 0.3652055077377847 0.108274647887324 0.19659624413145535
0 0.2020943368544601 0.3276560598156842 0.10035211267605636 0.20657276995305168
0 0.03179589690923318 0.38276441053729787 0.1522887323943662 0.1461267605633803
0 0.6215439774061033 0.7689385541644933 0.09375 0.1719483568075116
0 0.030915003912363067 0.22256129368805425 0.15140845070422534 0.15492957746478875
0 0.5211854460093897 0.6960680751173709 0.08450704225352107 0.0633802816901408
0 0.5405653975938967 0.3839815901582333 0.10431338028169014 0.19307511737089203
0 0.39839104068857584 0.6280380585985046 0.09154929577464799 0.11208920187793434
0 0.6506021371283255 0.3933641975308642 0.10651408450704222 0.18544600938967135
0 0.6453146395735524 0.20145898539384455 0.09815140845070426 0.18133802816901412
0 0.45781066607981225 0.0024680490349504435 0.09242957746478864 0.13028169014084506
0 0.8759423293231611 0.6491409102764736 0.08934859154929582 0.0862676056338029
0 0.3301643192488263 0.3311521909233177 0.08450704225352107 0.17957746478873232
0 0.780443075117371 0.0077877760389497485 0.1056338028169015 0.17136150234741784
0 0.34030498092723005 0.0007102025734654842 0.1095950704225352 0.13321596244131456
0 0.00047376271517996876 0.0006748826291079812 0.04841549295774648 0.09507042253521128
0 0.6444453614045383 0.0007357416101547558 0.1139964788732393 0.16079812206572772
0 0.42437493886932703 0.16977753868892367 0.11399647887323947 0.1907276995305164
0 0.276050530614241 0.7630863110763346 0.11839788732394364 0.18955399061032865
0 0.5062383851721439 0.78594592244827 0.1100352112676056 0.1596244131455399
0 0.17128356073943662 0.7571846200660755 0.09903169014084505 0.153755868544601
0 0.3931206597222222 0.7660216701443228 0.10783450704225359 0.1907276995305165
0 0.02914404831768388 0.7677539775691183 0.13644366197183097 0.1602112676056339
0 0.7135367762128325 0.7689434446183273 0.09859154929577474 0.17723004694835676
0 0.8358999046361503 0.7994560728568946 0.10431338028169014 0.17312206572769945
0 0.05769268388106417 0.007127021387584769 0.049295774647887314 0.09154929577464788
0 0.9036733421361502 0.01014877847330899 0.09242957746478879 0.18603286384976528
0 0.5568172926447574 0.0007248739349678317 0.05633802816901413 0.14906103286384975
0 0.7601819248826291 0.22784678751521475 0.08450704225352107 0.159037558685446
0 0.8539221439749609 0.23079573117718655 0.07042253521126757 0.17488262910798122
0 0.9331395491001566 0.23549165362545643 0.058978873239436624 0.17605633802816903
0 0.5370396860328638 0.3046448443748913 0.09771126760563378 0.0727699530516432
0 0.7755886883802816 0.6368289210572075 0.08714788732394364 0.09917840375586856
0 0.9441378741197184 0.7894751999652234 0.051496478873239465 0.16842723004694837
