0 0.48080981009945134 0.6194520652339582 0.1439043209876543 0.11934156378600826
0 0.4090548375342936 0.4893094612101814 0.15007716049382713 0.12088477366255143
0 0.438762163494513 0.3684275453436976 0.15084876543209874 0.12397119341563793
0 0.5621803733710563 0.4996061004420059 0.09529320987654326 0.13014403292181068
0 0.658628847307956 0.5011564548087182 0.09220679012345682 0.13786008230452676
0 0.628180191186557 0.6436404511507392 0.13503086419753088 0.13168724279835398
0 0.6189249507030178 0.7855652720621856 0.14081790123456794 0.07716049382716042
0 0.45690050582990394 0.7495918114616674 0.15895061728395063 0.11471193415637852
0 0.46924216606652946 0.8704756325255296 0.15316358024691357 0.11368312757201651
0 0.6281775120027434 0.8797410836762688 0.13117283950617292 0.12037037037037036
0 0.7620466820987654 0.9007944673068129 0.125 0.08024691358024688
0 0.7666752400548698 0.7840601661332115 0.12345679012345682 0.11831275720164604
0 0.7678358624828533 0.6467211553116903 0.12808641975308635 0.12551440329218105
0 0.7574272333676269 0.5150353414113702 0.13966049382716048 0.12705761316872424
0 0.7358656978737997 0.30778939948178635 0.20216049382716048 0.19032921810699593
0 0.7358608753429354 0.19249209343087945 0.1952160493827162 0.11368312757201643
0 0.5977031357167353 0.37100670629477217 0.13695987654320993 0.1316872427983538
0 0.13667990183470508 0.8658417162017985 0.15239197530864196 0.10905349794238688
0 0.13784507887517147 0.7357091144642585 0.16358024691358022 0.12139917695473249
0 0.13360661008230454 0.5695901920438957 0.1712962962962963 0.1574074074074074
0 0.33191229423868307 0.1292271566834324 0.17592592592592604 0.12088477366255143
0 0.3149260009430727 0.25165799801859473 0.16010802469135801 0.12397119341563784
0 0.28442295739026063 0.4954680117360159 0.12461419753086421 0.10545267489711936
0 0.1243427962105624 0.44094554945892395 0.16473765432098764 0.110082304526749
0 0.1447838970336077 0.22601213610730073 0.1554783950617284 0.20421810699588477
0 0.0016377850651577504 0.20791847660417617 0.13618827160493827 0.10751028806584362
0 0.0027984074931412892 0.3241693339429965 0.1408179012345679 0.10288065843621402
0 0.006254822530864197 0.4409526939490931 0.11805555555555555 0.11779835390946508
0 0.0008637688614540467 0.6739773853071178 0.13271604938271606 0.11779835390946508
0 0.0008541237997256516 0.8041076055479348 0.11882716049382716 0.10288065843621397
0 0.0008637688614540467 0.5484644109129706 0.13271604938271606 0.11934156378600826
0 0.0027724194101508915 0.9172577541533303 0.10339506172839506 0.08281893004115227
0 0.29794988854595333 0.7449583714372808 0.1589506172839506 0.11059670781892995
0 0.3048887067043896 0.8689486168267031 0.15084876543209874 0.13117283950617292
0 0.3264928412208505 0.6086553116902911 0.14969135802469136 0.12551440329218116
0 0.6019418724279836 0.2866021757354062 0.12962962962962976 0.08590534979423868
0 0.49197289737654326 0.2624352232891327 0.1076388888888889 0.09670781893004117
0 0.5197386188271605 0.14516032235939647 0.09027777777777778 0.10648148148148148
0 0.5601851851851852 0.06995884773662552 0.0 0.0
0 0.6054100758744856 0.18528711324493216 0.12384259259259262 0.110082304526749
0 0.9040005572702332 0.5011688385916782 0.09413580246913572 0.1512345679012346
0 0.8982183427640603 0.6616278959000153 0.10108024691358032 0.11368312757201651
0 0.8924353245027434 0.7886912246608748 0.1068672839506173 0.11985596707818931
0 0.8858817729766805 0.9038932708428593 0.11419753086419746 0.09362139917695471
0 0.005119652349108368 0.10502495808565766 0.15007716049382713 0.09362139917695475
