0 0.5673870916471049 0.44201714919144497 0.06558098591549298 0.125
0 0.9203910529147105 0.5388432446531037 0.08142605633802825 0.11971830985915506
0 0.9212728628716745 0.3528364632237872 0.08362676056338042 0.14788732394366194
0 0.17654446645148672 0.2882563901930099 0.06910211267605633 0.11971830985915491
0 0.21087331279342725 0.34519159711354547 0.06602112676056333 0.13086854460093902
0 0.7346519219483568 0.4760769866110242 0.0818661971830985 0.14906103286384972
0 0.6598102503912363 0.3369598765432099 0.05633802816901405 0.113849765258216
0 0.655412204127543 0.47780603373326375 0.06117957746478871 0.11502347417840379
0 0.30636614827856024 0.41321400625978094 0.04049295774647889 0.07394366197183094
0 0.3503774819053208 0.4214326856198922 0.036531690140845105 0.07687793427230044
0 0.8279663659037557 0.49720592070944186 0.088468309859155 0.15140845070422532
0 0.7337704176447574 0.3399196878803686 0.08010563380281689 0.14143192488262915
0 0.734651004988263 0.0049078421144148855 0.08054577464788729 0.23004694835680753
0 0.3063637030516432 0.31052153973222046 0.036971830985915506 0.08157276995305167
0 0.8301716549295775 0.348731742305686 0.09507042253521121 0.15140845070422537
0 0.6074237089201878 0.3375184750478178 0.042253521126760535 0.08333333333333329
0 0.11137886345852896 0.289960985046079 0.03345070422535209 0.059272300469483556
0 0.26146475205399067 0.31285482959485306 0.030369718309859114 0.06631455399061031
0 0.39791941754694843 0.4267203529820901 0.04621478873239432 0.08333333333333329
0 0.32926722662363067 0.6473575247782994 0.06029929577464787 0.06161971830985909
0 0.8961826951291079 0.7576975743348983 0.08054577464788729 0.073943661971831
0 0.34686063429186226 0.3058315945053034 0.04269366197183098 0.08685446009389672
0 0.2249345901799687 0.31109209267953397 0.03257042253521129 0.06396713615023472
0 0.22889524647887324 0.4020572509128847 0.0316901408450704 0.06690140845070429
0 0.2663084409233177 0.40675752043122937 0.03345070422535209 0.07276995305164315
0 0.4322452073552426 0.3058250739001913 0.03873239436619716 0.07981220657276995
0 0.8349786653951486 0.7406782516084159 0.04533450704225367 0.07335680751173712
0 0.15891438037949923 0.29935446009389666 0.03389084507042253 0.06338028169014091
0 0.031712147887323947 0.15148126412797772 0.03169014084507042 0.07863849765258216
0 0.8121283255086073 0.0008052947313510695 0.09859154929577459 0.2359154929577465
0 0.9124727968505477 0.006076117197009216 0.08758802816901405 0.22417840375586853
0 0.8904642263302034 0.8339870239958267 0.08538732394366204 0.07218309859154928
0 0.6281286678403757 0.791737849939141 0.06866197183098587 0.07687793427230044
0 0.8944184639084508 0.9167302425665103 0.07526408450704215 0.06866197183098595
0 0.718356929773083 0.8117017692575204 0.067781690140845 0.08861502347417838
0 0.5057600376564945 0.42441857937749955 0.055017605633802764 0.13262910798122074
0 0.5475767801251956 0.29823345939836543 0.0598591549295775 0.12030516431924888
0 0.14131394268388103 0.368610350373848 0.04137323943661971 0.07100938967136154
0 0.09950086805555558 0.3598184011476265 0.04181338028169011 0.08274647887323941
0 0.055491368348982786 0.28469124934793943 0.04841549295774647 0.07218309859154932
0 0.07792296312597807 0.3580344722656929 0.025968309859154933 0.057511737089201896
0 0.21350040346244134 0.06460832898626326 0.046214788732394395 0.05868544600938967
0 0.1752057047143975 0.06813325943314207 0.042693661971831 0.06279342723004695
0 0.2192372114632238 0.12798209007129194 0.06778169014084506 0.05164319248826293
0 0.17829005281690138 0.12857220483394194 0.04753521126760564 0.05516431924882628
0 0.2280519488458529 0.18666699269692227 0.08494718309859156 0.05105633802816898
0 0.16026078345070424 0.19253445053034254 0.07130281690140844 0.04988262910798119
0 0.28657325899843505 0.11156374978264649 0.0598591549295775 0.06631455399061036
0 0.8275054406298903 0.8157901886628413 0.058538732394366376 0.06748826291079811
0 0.7496200728677621 0.6802463701964875 0.08670774647887325 0.08861502347417859
0 0.6206591109154929 0.7072433055120848 0.08714788732394364 0.0903755868544601
0 0.5665223982785602 0.7406950965049556 0.08802816901408445 0.09154929577464783
0 0.5158921410406886 0.7195656190227787 0.067781690140845 0.08861502347417838
0 0.45383136492566506 0.6984502695183447 0.06646126760563378 0.10093896713615028
0 0.45956664465962443 0.6110116718831508 0.08582746478873236 0.10387323943661973
0 0.3204760245500783 0.5974803295079117 0.07702464788732391 0.06748826291079811
0 0.3182728750978091 0.5417307859502695 0.07350352112676058 0.06924882629107983
0 0.4265554699726135 0.8744924795687707 0.08494718309859156 0.08568075117370881
0 0.3151980022496088 0.8909135367762129 0.08230633802816899 0.0739436619718311
0 0.38826138253129894 0.8422018996696228 0.08230633802816899 0.07100938967136143
0 0.2562270759976526 0.8551181316292817 0.09375 0.07687793427230055
0 0.34335998630672926 0.820502956007651 0.07218309859154928 0.08685446009389666
0 0.2561824506064163 0.764672448269866 0.029489436619718312 0.0011737089201878453
0 0.296700471928795 0.8081377151799687 0.06558098591549298 0.04225352112676064
0 0.24962007286776208 0.7688325943314207 0.08670774647887325 0.05751173708920179
0 0.22363556338028168 0.8298757824726135 0.06338028169014084 0.06866197183098585
0 0.28565140845070425 0.914906103286385 0.0 0.0
0 0.5383601085680751 0.936092092679534 0.09771126760563385 0.06396713615023478
0 0.150142128814554 0.785853547209181 0.0779049295774648 0.05985915492957737
0 0.14441571302816902 0.5012237002260476 0.07130281690140843 0.053990610328638465
0 0.152328772985133 0.544665058250739 0.05765845070422537 0.06924882629107992
0 0.00044931044600938965 0.0030081724917405666 0.013204225352112676 0.07981220657276995
0 0.01409489925665102 0.004176447574334899 0.014964788732394367 0.073943661971831
0 0.27776402337636935 0.5282304164493132 0.05061619718309858 0.06631455399061037
0 0.2812851501369327 0.5810386237176144 0.05061619718309858 0.056924882629108026
0 0.290086438771518 0.6215511432794297 0.04841549295774649 0.07805164319248818
0 0.24387103873239435 0.5041639497478699 0.047535211267605605 0.06044600938967135
0 0.2416773645344288 0.5552311554512257 0.05765845070422537 0.07218309859154938
0 0.23595614485524258 0.5928055990262564 0.05853873239436618 0.08920187793427235
0 0.2165847515649452 0.4936114371413666 0.05105633802816902 0.07218309859154928
0 0.20998783499608764 0.5446569074943488 0.05853873239436618 0.06044600938967135
0 0.20558398131846636 0.5822270039993044 0.0550176056338028 0.07276995305164326
