0 0.07187744522691707 0.7366208050773778 0.1936619718309859 0.12793427230046955
0 0.8522129303599373 0.7689217092679536 0.14436619718309865 0.1537558685446008
0 0.28622511981611887 0.6938445487741262 0.1923415492957747 0.1971830985915494
0 0.5695972711267605 0.09178621109372284 0.07922535211267609 0.255868544600939
0 0.15849930311032867 0.09357557381324988 0.06998239436619716 0.28697183098591544
0 0.07619082550860719 0.10059935228655886 0.06690140845070422 0.26701877934272295
0 0.23508350449921755 0.09181881411928361 0.06954225352112672 0.2910798122065728
0 0.48112559908059466 0.0794785689445314 0.07438380281690142 0.2734741784037559
0 0.688504071302817 0.5013943227264822 0.17825704225352115 0.23826291079812217
0 0.829270894464006 0.08123858894105374 0.06558098591549313 0.27288732394366194
0 0.022486918035993737 0.11527288732394365 0.05721830985915493 0.2693661971830987
0 0.03976917057902974 0.564111676230221 0.22535211267605632 0.15610328638497648
0 0.6844648620892019 0.0911026343244653 0.06602112676056338 0.15140845070422534
0 0.4256516529733959 0.089457268301165 0.051056338028169064 0.27582159624413144
0 0.4935122016823161 0.6099846765779864 0.16461267605633811 0.2623239436619719
0 0.875955778071205 0.4754651364980004 0.10871478873239447 0.12206572769953054
0 0.9005862431533647 0.08302251782298731 0.08362676056338027 0.29812206572769956
0 0.6906696253912363 0.7431104373152495 0.12764084507042256 0.16490610328638494
0 0.320493752445227 0.20203388541123282 0.10255281690140844 0.16842723004694835
0 0.7007448772496088 0.2319357503042949 0.0585387323943663 0.13849765258215965
