0 0.8403195730452675 0.7722065043438501 0.06018518518518508 0.09413580246913576
0 0.18638090492112483 0.4563676459381192 0.05516975308641976 0.09927983539094651
0 0.694482220936214 0.28660979652491997 0.0543981481481481 0.09413580246913576
0 0.48113265174897124 0.18063033455265967 0.053240740740740713 0.08076131687242794
0 0.18561680169753086 0.5633611492150585 0.06597222222222222 0.09670781893004127
0 0.4680266203703704 0.4543105090687395 0.06944444444444445 0.09979423868312762
0 0.1944846322016461 0.18937900091449475 0.0578703703703704 0.08487654320987656
0 0.588383058984911 0.6950345793324189 0.0493827160493827 0.08179012345679015
0 0.47689311128257883 0.28609825102880654 0.059413580246913573 0.09722222222222228
0 0.2535188400205761 0.4589401386983692 0.06712962962962964 0.09979423868312756
0 0.11732815715020577 0.5633568625209571 0.0636574074074074 0.09207818930041153
0 0.0559748478223594 0.5720864769090077 0.04822530864197531 0.07561728395061725
0 0.03245616855281207 0.2778725613473556 0.07021604938271606 0.10236625514403291
0 0.25235580632716054 0.28454360996799266 0.059027777777777776 0.08487654320987656
0 0.611155317644033 0.4573816872427984 0.0636574074074073 0.08333333333333333
0 0.12774643132716051 0.1981143308946807 0.06597222222222222 0.07458847736625517
0 0.25583445859053494 0.19502410074683735 0.06828703703703706 0.07047325102880661
0 0.4093688378772291 0.17908712467611643 0.04668209876543214 0.08076131687242805
0 0.5467228223593964 0.2902096669714983 0.058641975308641986 0.09310699588477366
0 0.03399991426611797 0.18783293324188385 0.07098765432098766 0.08179012345679011
0 0.6130899562757202 0.291238949855205 0.0717592592592592 0.09362139917695482
0 0.1809847608024691 0.29019299649443686 0.0625 0.07510288065843614
0 0.6809630594135803 0.18733186633135193 0.031250000000000076 0.09619341563786005
0 0.8245062264231824 0.5587234224965707 0.0667438271604938 0.08796296296296297
0 0.32487327460562415 0.2001643232738912 0.03973765432098766 0.06635802469135801
0 0.00041420181755829906 0.5582118770004573 0.04089506172839506 0.09104938271604932
0 0.5501926333161865 0.5494541609510746 0.05516975308641976 0.07716049382716042
0 0.31985998585390946 0.2752905426002134 0.04282407407407405 0.09156378600823042
0 0.6165565522119342 0.18629972565157749 0.06365740740740745 0.09259259259259256
0 0.14431557570301784 0.4573859739368999 0.03665123456790123 0.08796296296296297
0 0.5440232767489712 0.45376990931260475 0.06018518518518516 0.07150205761316879
0 0.07797442986968449 0.44762945816186556 0.0609567901234568 0.10648148148148154
0 0.0004230431241426612 0.4604671543971956 0.05362654320987654 0.08230452674897126
0 0.6813708311899863 0.4537937242798354 0.06288580246913572 0.09722222222222222
0 0.7500428669410151 0.45430765127267186 0.06172839506172841 0.09670781893004117
0 0.8252708654835392 0.4573816872427984 0.05671296296296286 0.08333333333333333
0 0.7612306027091907 0.18938995579942083 0.060956790123456825 0.09670781893004111
0 0.7461891289437587 0.564891975308642 0.0679012345679011 0.08333333333333333
0 0.681370563271605 0.5602694901691815 0.0625 0.09104938271604941
0 0.8256660450960219 0.18528235025148604 0.07021604938271603 0.10493827160493831
0 0.8912457668895747 0.4589296601127877 0.06057098765432111 0.08847736625514396
0 0.8900888953189301 0.5494741655235482 0.06134259259259254 0.0987654320987654
0 0.7183875064300412 0.19247113625971654 0.03356481481481476 0.09104938271604934
0 0.7650789823388204 0.291733824874257 0.04706790123456794 0.07253086419753085
0 0.8341397676611797 0.2891689529035208 0.05015432098765445 0.08024691358024694
0 0.9016533243312757 0.18475984987044658 0.04745370370370381 0.0961934156378601
0 0.8924047818072702 0.09422058375247677 0.06288580246913587 0.09156378600823044
0 0.9502628279320989 0.5515213001066911 0.04513888888888873 0.0874485596707818
0 0.8935651363168723 0.28969145328456025 0.06712962962962968 0.08899176954732513
0 0.6539745691872428 0.8961696006706293 0.05671296296296294 0.08539094650205767
0 0.11732279878257887 0.8930784179240969 0.05594135802469135 0.08024691358024688
0 0.7824508101851853 0.8838305898491085 0.0625 0.09259259259259249
0 0.5339862504286694 0.9059342135345222 0.05131172839506175 0.07561728395061725
0 0.24618725351508916 0.7943163199207439 0.06520061728395063 0.0838477366255144
0 0.5964833033264746 0.8869103414113703 0.04706790123456786 0.08539094650205757
0 0.052509055641289444 0.8930703208352385 0.05748456790123457 0.07150205761316857
0 0.46686117541152267 0.8879543895747599 0.057870370370370315 0.10185185185185185
0 0.6929387431412893 0.6965530216430422 0.0540123456790123 0.055041152263374395
0 0.5312893840020576 0.7994660684346898 0.05671296296296294 0.0900205761316872
0 0.10961291152263374 0.779388622161256 0.06481481481481483 0.07304526748971196
0 0.17982333461934155 0.8941034141137021 0.05671296296296298 0.07613168724279841
0 0.5216499485596707 0.6981171886907483 0.06481481481481492 0.07767489711934149
0 0.5964798203875171 0.7896933584819388 0.04205246913580246 0.09104938271604932
0 0.03939498671124829 0.7799011202560585 0.062114197530864196 0.07098765432098772
0 0.8530379265260631 0.8678812299954275 0.04128086419753079 0.08950617283950624
0 0.7484897440843622 0.6950102880658436 0.04745370370370365 0.05555555555555555
0 0.1751953125 0.7942882182594116 0.059027777777777776 0.05349794238683122
0 0.7137774348422496 0.8828060699588477 0.06172839506172825 0.09722222222222211
0 0.910148480366941 0.7742688805060204 0.05825617283950635 0.09927983539094656
0 0.7585248949759945 0.766020328456028 0.05362654320987666 0.07973251028806581
0 0.10614068930041151 0.28969431108062793 0.06481481481481483 0.09207818930041153
0 0.40667465063443076 0.2881582456942539 0.05594135802469135 0.09979423868312752
0 0.2523622363683128 0.5602718716659046 0.06828703703703702 0.09362139917695471
0 0.25350544410150894 0.9007944673068129 0.04783950617283948 0.08024691358024688
0 0.14587753986625515 0.6965706447187928 0.06365740740740738 0.07407407407407407
0 0.46918563528806584 0.5556441472336534 0.07175925925925929 0.09567901234567905
0 0.6065310463820301 0.5469111987501905 0.07137345679012341 0.10853909465020571
0 0.6427943351337448 0.7932994208199968 0.06828703703703698 0.09670781893004117
0 0.704126478909465 0.772197930955647 0.05324074074074064 0.0848765432098765
0 0.9116914223251029 0.8781550068587105 0.057870370370370315 0.07407407407407397
