0 0.8390129841549296 0.36342049208833244 0.15052816901408445 0.1701877934272301
0 0.22893406445618156 0.7835371022430883 0.08758802816901409 0.09330985915492955
0 0.1290719141236307 0.5488360719874804 0.15933098591549294 0.1373239436619718
0 0.7698451560054773 0.6069254260128675 0.05589788732394364 0.12734741784037548
0 0.31433208626760567 0.5241876412797775 0.10299295774647885 0.13673708920187802
0 0.030503288830203444 0.36337593462006607 0.19234154929577466 0.12206572769953043
0 0.8460543207159625 0.09345983307250914 0.14920774647887325 0.16197183098591544
0 0.3565739925665101 0.08223298122065728 0.08626760563380284 0.07922535211267606
0 0.3565779660602504 0.17730720744218398 0.09198943661971831 0.08333333333333333
0 0.45567048122065723 0.35925762910798126 0.17957746478873243 0.11091549295774643
0 0.4978750978090767 0.5916313467223091 0.10915492957746473 0.08861502347417838
0 0.03748043818466354 0.22247435228655885 0.09859154929577464 0.06103286384976527
0 0.5458348616001565 0.5200041297165711 0.08670774647887317 0.055164319248826206
0 0.4195315556533647 0.7313488958442009 0.11135563380281689 0.13849765258215965
0 0.2548999290884194 0.18961756651017211 0.08406690140845074 0.06866197183098592
0 0.8468615512519563 0.6133666970961572 0.044014084507042306 0.11208920187793434
0 0.2633280149647887 0.3633688706311946 0.17825704225352113 0.11443661971830982
0 0.0014032545970266042 0.5582186793601113 0.11927816901408451 0.12969483568075127
0 0.41379658157276994 0.5247848200312989 0.09242957746478872 0.147887323943662
0 0.2579766358568075 0.0933864762649974 0.07790492957746473 0.08274647887323942
0 0.6849667449139281 0.09053425491218918 0.15492957746478872 0.17136150234741784
0 0.05243758558294209 0.15204529647017911 0.08758802816901409 0.05399061032863849
0 0.5352852357198747 0.719029299252304 0.10651408450704222 0.1431924882629107
0 0.15234894610719873 0.20898322030951139 0.08670774647887325 0.068075117370892
0 0.07313092967527386 0.08807598678490697 0.09727112676056338 0.05164319248826291
0 0.4556124070813772 0.16734535298209008 0.0959507042253521 0.09917840375586853
0 0.9049595314945228 0.6004722004868719 0.043133802816901344 0.12969483568075107
0 0.9520527679968702 0.6057506303251607 0.04049295774647877 0.12617370892018795
0 0.059519574041471054 0.7483595244305338 0.144806338028169 0.12969483568075116
0 0.4551652362089202 0.9272881890106068 0.08582746478873236 0.06279342723004704
0 0.32488476868153365 0.7717989262736915 0.08758802816901413 0.0921361502347419
0 0.7853543133802816 0.8152462615197357 0.2059859154929577 0.11384976525821594
0 0.5563942683881065 0.1767230699008868 0.08098591549295778 0.08626760563380287
0 0.6637693784233177 0.5939852851677969 0.05325704225352108 0.09565727699530513
0 0.6699224863067292 0.6925382542166579 0.04049295774647892 0.05399061032863857
0 0.7231819737871674 0.5904527473482872 0.044014084507042306 0.08333333333333333
0 0.7262629597026604 0.6772925360806816 0.044014084507042146 0.06748826291079811
0 0.5471562010954618 0.9255341462354374 0.08802816901408445 0.06983568075117369
