0 0.22380294067215362 0.7501057384545039 0.05401234567901234 0.11419753086419746
0 0.2893880208333333 0.7516522824264594 0.052083333333333294 0.11779835390946508
0 0.7334603266460906 0.5130077351013566 0.07175925925925937 0.15946502057613163
0 0.8052131558641976 0.5119798811156836 0.0625 0.16049382716049376
0 0.6663213198731138 0.5104395290352081 0.05825617283950627 0.16358024691358022
0 0.13469033993484222 0.7496232472184119 0.06520061728395063 0.1486625514403292
0 0.6655494470164609 0.761427850175278 0.0578703703703704 0.11985596707818942
0 0.6169404792524006 0.23373247218411825 0.06095679012345675 0.20884773662551442
0 0.20841210133744856 0.2306331923487273 0.11342592592592592 0.19495884773662553
0 0.36542781207133057 0.2414328036884621 0.10493827160493834 0.1918724279835391
0 0.08341370884773663 0.2142046753543667 0.11574074074074076 0.2299382716049383
0 0.6894775055727023 0.2291057003505563 0.06983024691358039 0.2119341563786008
0 0.5293718921467765 0.2244803574150282 0.07330246913580238 0.21656378600823042
0 0.35152954603909464 0.5114726223136716 0.09143518518518524 0.16820987654320985
0 0.545209083504801 0.5186790313976528 0.10108024691358032 0.17335390946502052
0 0.4514462234224966 0.507371208657217 0.08256172839506175 0.18312757201646085
0 0.8368663730281207 0.24859396433470507 0.08757716049382715 0.14814814814814814
0 0.5598360875342935 0.0016446616369455874 0.05285493827160492 0.1095679012345679
0 0.24890823259602193 0.5089087029416247 0.09452160493827162 0.17695473251028804
0 0.13664426868998628 0.5104490550221003 0.10108024691358025 0.17386831275720158
0 0.46108699845679013 0.002155730833714373 0.0763888888888889 0.1059670781893004
0 0.5077589163237313 0.760384278311233 0.061728395061728336 0.10390946502057609
0 0.24385127314814814 0.0006306203322664228 0.03472222222222226 0.12551440329218108
0 0.37157814643347054 0.0037003696082914188 0.07253086419753087 0.10751028806584362
0 0.2901673954046639 0.0021781169029111416 0.06327160493827162 0.13014403292181068
0 0.8804419581618655 0.5073573959762232 0.0586419753086419 0.16820987654320985
0 0.6258174189814815 0.0006249047401310776 0.06597222222222231 0.11934156378600823
0 0.772414319701646 0.23989102270995272 0.05439814814814825 0.19341563786008234
0 0.3742575981652949 0.7562614311842708 0.04205246913580246 0.09567901234567894
0 0.8754409936556927 0.7598970240816948 0.0794753086419754 0.13323045267489714
0 0.1207901984739369 0.005258821063862216 0.04899691358024692 0.12397119341563788
0 0.7585460605281207 0.0021766880048773056 0.08410493827160492 0.12860082304526746
0 0.8993615504972565 0.000654435299497028 0.0806327160493827 0.15123456790123457
0 0.690633573388203 0.003715611187319006 0.06790123456790119 0.12397119341563785
0 0.4271307548868313 0.7598803536046335 0.06828703703703698 0.11522633744855969
0 0.5802895126028806 0.7583414304221916 0.06134259259259262 0.11985596707818942
0 0.8005880808470508 0.7583609586953208 0.06905864197530857 0.14094650205761322
