0 0.4826809520747599 0.6828208352385307 0.06057098765432095 0.22427983539094656
0 0.40282252014746234 0.6905245008382868 0.06442901234567897 0.21090534979423872
0 0.5563804762517146 0.684371189605243 0.07677469135802469 0.23199588477366265
0 0.17366308727709193 0.30422286998933096 0.07484567901234568 0.2273662551440328
0 0.8295224622770918 0.014043686175887821 0.06790123456790127 0.16718106995884774
0 0.39704727151920444 0.28831923487273287 0.08140432098765428 0.27366255144032925
0 0.3368414566186557 0.34329275262917236 0.0516975308641975 0.20061728395061734
0 0.6076863104423867 0.3001347927145252 0.06828703703703715 0.2566872427983539
0 0.48346005872770914 0.2744346326779455 0.07137345679012341 0.2782921810699588
0 0.2512093835733882 0.3330123075750648 0.07484567901234568 0.2088477366255144
0 0.6798402134773661 0.34895404663923185 0.08101851851851866 0.20370370370370366
0 0.18328484010631002 0.6323707323578723 0.04128086419753083 0.1826131687242798
0 0.8372344928840879 0.3212148491083676 0.062114197530864126 0.24537037037037038
0 0.03709249614197531 0.2744174859015394 0.07986111111111112 0.25977366255144035
0 0.6701889896262002 0.00219812147538485 0.07214506172839516 0.15174897119341563
0 0.5632975930212619 0.3036937014174669 0.03742283950617286 0.21141975308641975
0 0.2141726144547325 0.0037284712696235333 0.07523148148148147 0.13786008230452676
0 0.5926234032064471 0.6595969554945892 0.0443672839506173 0.1424897119341564
0 0.048660408093278464 0.08288275415333028 0.07098765432098766 0.06893004115226338
0 0.3005671832133059 0.014525701112635268 0.03896604938271611 0.132201646090535
0 0.5656207133058986 0.0232800830666057 0.0493827160493827 0.14248971193415638
0 0.5513414673353909 0.6996994551135497 0.04282407407407405 0.11985596707818931
0 0.7735647612311385 0.31298296753543664 0.0443672839506173 0.24382716049382713
0 0.9001283329046639 0.03819730224051212 0.07368827160493825 0.14197530864197533
0 0.9170747063614542 0.39777520576131686 0.03202160493827159 0.1527777777777778
0 0.7542907128772292 0.0022133630544124375 0.06751543209876555 0.16820987654320987
0 0.2284325703017832 0.6416709533607682 0.05401234567901234 0.22685185185185186
0 0.34032118055555555 0.6771514441396128 0.0625 0.2124485596707819
0 0.05367744770233196 0.6498999771376314 0.07330246913580248 0.22530864197530867
0 0.6493452074759946 0.6663508802011888 0.05709876543209873 0.21450617283950613
0 0.29208194015775035 0.6658379058070416 0.042438271604938294 0.21604938271604932
0 0.8924141589506173 0.6751143118427069 0.0763888888888889 0.23456790123456783
0 0.7990566593792868 0.6905325979271453 0.0860339506172838 0.21965020576131694
0 0.7214859825102881 0.7043952903520805 0.050925925925925875 0.1913580246913581
0 0.04595550411522634 0.008290466392318245 0.06481481481481483 0.06481481481481481
0 0.12543938614540467 0.002203360768175583 0.07716049382716049 0.1574074074074074
0 0.39087711119684493 0.008281893004115226 0.08526234567901238 0.05555555555555555
0 0.39086693029835384 0.08236596936442615 0.0706018518518519 0.06635802469135804
0 0.49078333976337457 0.00837572397500381 0.06134259259259254 0.15689300411522636
0 0.6188563635973937 0.012485711019661635 0.04205246913580254 0.15123456790123457
