0 0.131340288494513 0.49610053726566067 0.2411265432098765 0.23302469135802475
0 0.12621259859396436 0.11482291190367323 0.07947530864197527 0.11985596707818925
0 0.48230667009602196 0.4326760402377686 0.07716049382716048 0.06790123456790122
0 0.5926735039437585 0.31486339734796526 0.11651234567901238 0.052469135802469154
0 0.31913473079561044 0.3117822168876696 0.10956790123456786 0.0581275720164609
0 0.31373269247256513 0.22587829599146475 0.10841049382716048 0.05967078189300407
0 0.4503123928326474 0.23771338210638626 0.11651234567901246 0.06378600823045265
0 0.4429821459190672 0.3066386602652035 0.11651234567901231 0.05864197530864196
0 0.5768545310356653 0.23513755525072397 0.11496913580246913 0.0596707818930041
0 0.4842367541152264 0.6333195206523395 0.07870370370370365 0.0961934156378601
0 0.6505125278635115 0.5216968640451151 0.07137345679012357 0.09927983539094645
0 0.49426279578189297 0.5345440862673372 0.07175925925925929 0.08539094650205767
0 0.6551434970850479 0.6286822702331961 0.07330246913580254 0.08796296296296297
0 0.5694956168552813 0.5211786503581771 0.07368827160493825 0.095164609053498
0 0.5687232081618656 0.6271357262612408 0.07253086419753087 0.08436213991769545
0 0.3951142403978052 0.6343421353452218 0.07561728395061722 0.08950617283950614
0 0.40591536994170097 0.5253010211857949 0.07368827160493825 0.10288065843621397
0 0.21803144290123455 0.13485272824264594 0.07638888888888892 0.08539094650205761
0 0.8549921231995885 0.5022209838439262 0.07754629629629635 0.17644032921810687
0 0.8029106652949245 0.1728838020118884 0.08024691358024698 0.047839506172839524
0 0.7230704518175582 0.30510259487882946 0.11033950617283952 0.06635802469135799
0 0.8434477880658438 0.3123009068739521 0.12037037037037032 0.06275720164609053
0 0.7643231845850481 0.49968135573845446 0.06983024691358015 0.21141975308641978
0 0.7419426225994512 0.8345093164151806 0.06404320987654333 0.15895061728395068
0 0.2936974879972565 0.833446692577351 0.14660493827160495 0.1224279835390946
0 0.8156383959190673 0.8514665256820607 0.07484567901234555 0.13940329218106995
0 0.12858072916666666 0.8262455227861607 0.15625000000000003 0.12294238683127566
0 0.003941347307956104 0.8329265736930347 0.11998456790123456 0.1162551440329218
0 0.46729118441358025 0.7932422648986435 0.12152777777777786 0.034979423868312806
0 0.46536351165980794 0.8812095145557081 0.12345679012345682 0.03960905349794233
0 0.4591896004801097 0.8379991617131535 0.12191358024691357 0.03909465020576148
0 0.46188834233539094 0.9408917276329828 0.11921296296296294 0.05195473251028794
0 0.8966480731310014 0.7922415599756134 0.062114197530864286 0.06532921810699588
0 0.006636338305898492 0.5022662322816644 0.1118827160493827 0.22530864197530867
0 0.9471788194444445 0.5268985291876239 0.04861111111111111 0.16152263374485587
0 0.7138162830075446 0.23153482700807804 0.11766975308641968 0.057613168724279844
0 0.8368757501714678 0.24028396966925775 0.10108024691358015 0.06224279835390947
0 0.12126334233539092 0.2526863283036122 0.17476851851851855 0.12345679012345682
0 0.02938100137174211 0.14475927831123303 0.08641975308641975 0.2289094650205761
0 0.009313378772290808 0.43369532083523854 0.0779320987654321 0.057613168724279844
0 0.6266024198388204 0.8355314548087182 0.08526234567901231 0.15174897119341565
