0 0.6945942145931142 0.5717473048165536 0.0748239436619719 0.16314553990610323
0 0.10218144806338027 0.1780011085028691 0.09903169014084509 0.19894366197183094
0 0.5414230609350548 0.018940727699530518 0.07174295774647893 0.17429577464788734
0 0.2909881161971831 0.5400430359937403 0.079225352112676 0.14788732394366208
0 0.6219773938771518 0.29770909407059637 0.08406690140845074 0.18779342723004688
0 0.18888155320813774 0.5688168362023995 0.08802816901408445 0.16725352112676065
0 0.4239201266627543 0.05886367588245523 0.09286971830985911 0.1924882629107981
0 0.7755831866197183 0.51542557816032 0.07922535211267624 0.1807511737089202
0 0.6844511076877934 0.02768594592244827 0.04621478873239432 0.11208920187793427
0 0.45295627934272303 0.38279592679533997 0.07394366197183094 0.18016431924882637
0 0.6259313258020345 0.6222200486871848 0.07350352112676045 0.16666666666666657
0 0.5621014280125196 0.6539161667536082 0.05985915492957743 0.17312206572769945
0 0.3781335582942097 0.48606220657277 0.07570422535211263 0.15845070422535218
0 0.7751295970266041 0.22024919579203617 0.05985915492957743 0.193075117370892
0 0.7038319762323944 0.24959028864545293 0.06734154929577467 0.19131455399061037
0 0.01589397496087637 0.22552925578160324 0.0704225352112676 0.19131455399061031
0 0.7781983568075117 0.7993740219092332 0.042253521126760535 0.08450704225352107
0 0.8979353115219093 0.11929555729438358 0.06910211267605619 0.1772300469483568
0 0.6140319346635367 0.013028712397843853 0.05105633802816914 0.1273474178403756
0 0.5189712930359937 0.35106014171448446 0.06514084507042266 0.13086854460093897
0 0.3473065825508607 0.06232231351069379 0.05105633802816898 0.125
0 0.7597252787558686 0.003609698313336811 0.06073943661971823 0.09565727699530517
0 0.8623086609937402 0.4708094244479221 0.10475352112676053 0.16431924882629104
0 0.83410908157277 0.1562652147452617 0.06073943661971839 0.17488262910798122
0 0.3711023082942097 0.7630613154234047 0.09154929577464783 0.16255868544600938
0 0.46132781934663536 0.7073155755520779 0.08670774647887317 0.16842723004694837
0 0.2852748435054773 0.832292210050426 0.09154929577464786 0.14319248826291092
0 0.6527728873239437 0.8833061641453659 0.0633802816901408 0.09741784037558696
0 0.8380847148865413 0.7911982698661102 0.08142605633802825 0.12793427230046944
0 0.17701333871283254 0.8727639758302904 0.1104753521126761 0.12030516431924894
0 0.9397422730829422 0.7389872413493306 0.05985915492957743 0.14847417840375585
0 0.7187845388302034 0.8111301295426883 0.049735915492957694 0.10504694835680757
0 0.1026035553599374 0.5869587897756913 0.07306338028169015 0.1126760563380281
0 0.011935763888888888 0.6063103155972873 0.07482394366197183 0.09683098591549308
