0 0.7628047364045383 0.6715141931837941 0.058538732394366216 0.16490610328638505
0 0.43404367175273867 0.7014182316118935 0.09330985915492959 0.1373239436619718
0 0.4195178012519562 0.5147832985567727 0.0915492957746479 0.1208920187793427
0 0.7971293035993741 0.5124212093548949 0.04929577464788729 0.10504694835680747
0 0.6360457012910798 0.6744430316466702 0.06073943661971823 0.15903755868544595
0 0.5695871845657278 0.6826541036341506 0.0647007042253521 0.153755868544601
0 0.35348933881064165 0.690866805772909 0.0809859154929577 0.15023474178403756
0 0.2808602919600939 0.6937994479221004 0.07262323943661977 0.14847417840375596
0 0.5832245207355242 0.5223955616414537 0.05457746478873236 0.10269953051643188
0 0.7438857100938967 0.10807794296644063 0.06866197183098595 0.10446009389671362
0 0.3328051643192488 0.5118539167101374 0.08450704225352111 0.12617370892018784
0 0.8583073527973397 0.5159271213701965 0.04709507042253512 0.08861502347417838
0 0.05858458039906103 0.6908624587028342 0.06602112676056338 0.14553990610328651
0 0.1717093358763693 0.5118522865588594 0.07834507042253522 0.12441314553990603
0 0.7011856294014085 0.6762073987132672 0.059419014084507026 0.16314553990610323
0 0.09292381895539907 0.5136128499391411 0.07790492957746478 0.12441314553990614
0 0.7306619229264475 0.5177067031820553 0.04049295774647892 0.10915492957746488
0 0.24788273914319248 0.2965038688923665 0.12015845070422537 0.15375586854460088
0 0.6915016138497653 0.277139301860546 0.058098591549295815 0.15551643192488265
0 0.6611202807120501 0.5200486871848374 0.04137323943661973 0.10328638497652576
0 0.552868251173709 0.27421426708398544 0.07394366197183101 0.16549295774647887
0 0.0013595461658841939 0.7066825334724396 0.056338028169014086 0.11854460093896711
0 0.2095507506846635 0.7055240392975135 0.06294014084507044 0.13497652582159622
0 0.09952134683098593 0.2965136498000348 0.07130281690140843 0.1643192488262911
0 0.1290095608372457 0.6920350808555034 0.06954225352112675 0.14436619718309865
0 0.2504963810641628 0.5106818379412275 0.08098591549295774 0.12793427230046955
0 0.17214550322769953 0.30237676056338025 0.07262323943661972 0.15845070422535212
0 0.22589311913145538 0.08347461311076335 0.14524647887323947 0.15258215962441313
0 0.8781185812793427 0.27537710832898626 0.05413732394366188 0.15375586854460094
0 0.6848976672535212 0.09987828203790645 0.055457746478873166 0.12206572769953054
0 0.6263638253129891 0.27596776647539556 0.0625 0.15786384976525825
0 0.6210778560250391 0.09694835680751174 0.05633802816901405 0.12676056338028172
0 0.9410620843114241 0.10104221005042602 0.058978873239436624 0.1115023474178404
0 0.8235508973982787 0.6773702399582681 0.06822183098591524 0.15140845070422543
0 0.8948454616588419 0.6756140236480612 0.05633802816901405 0.15610328638497648
0 0.95249749364241 0.6797198313336811 0.04709507042253528 0.153755868544601
0 0.9199234032668231 0.5194596591897062 0.041813380281690134 0.10093896713615017
0 0.8191415419600939 0.27596994001043296 0.05677816901408445 0.16021126760563384
0 0.8794429773082942 0.10279896974439229 0.059859154929577586 0.1073943661971831
0 0.8125455423513301 0.1039764823508955 0.06558098591549298 0.11150234741784038
0 0.7614806460289515 0.2830013258563728 0.05325704225352123 0.14847417840375585
0 0.7540071156103285 0.8844967179620935 0.06602112676056338 0.11561032863849766
0 0.8363128423317684 0.8844967179620935 0.06514084507042257 0.11561032863849766
0 0.3600902288732394 0.8862556511910972 0.07922535211267609 0.11384976525821605
0 0.442403596928795 0.8833240958094244 0.08934859154929574 0.11678403755868551
0 0.6739097344483568 0.8815651625804208 0.07790492957746488 0.11854460093896711
0 0.2817430188771518 0.8833240958094244 0.07614436619718307 0.11678403755868551
0 0.05726965962441315 0.8833240958094244 0.07394366197183098 0.11678403755868551
0 0.5924867346439749 0.8815651625804208 0.08230633802816906 0.11854460093896711
0 0.9217093358763693 0.8833240958094244 0.07834507042253527 0.11678403755868551
0 0.12769677963615023 0.8815651625804208 0.08054577464788729 0.11854460093896711
0 0.00048048708920187796 0.8950503173361155 0.05809859154929578 0.10504694835680747
0 0.20735738214006258 0.877460985046079 0.07350352112676058 0.12265258215962442
0 0.14222509536384975 0.09696954877412622 0.08582746478873242 0.14964788732394368
0 0.0533203125 0.12629868718483742 0.09110915492957747 0.13497652582159628
0 0.003557193857589985 0.12337093548948008 0.051936619718309866 0.142018779342723
0 0.9322650748239436 0.27889823508954964 0.06734154929577474 0.15375586854460094
0 0.5374654611697965 0.1098466571031125 0.077024647887324 0.11326291079812206
0 0.022496087636932706 0.2953410276473657 0.0704225352112676 0.16549295774647887
