0 0.2068359375 0.7218407064471878 0.06597222222222227 0.14351851851851863
0 0.1134789737654321 0.39425725880201185 0.07638888888888891 0.24228395061728392
0 0.37235055512688614 0.39939128943758573 0.07368827160493825 0.23148148148148143
0 0.5405628429355281 0.37420124599908544 0.07716049382716056 0.24845679012345687
0 0.288241598079561 0.013631210943453742 0.06790123456790131 0.2772633744855967
0 0.4630133316186557 0.38499895214144186 0.07253086419753095 0.24331275720164608
0 0.1798399455589849 0.02801164075598232 0.08063271604938274 0.2525720164609053
0 0.07221472050754457 0.024930460295686633 0.10030864197530863 0.25823045267489714
0 0.29827380186899866 0.3967845031245237 0.06983024691358024 0.19393004115226345
0 0.20414255401234568 0.39732938957475994 0.0763888888888889 0.22685185185185186
0 0.6250618891460905 0.3629096174363664 0.08912037037037032 0.2757201646090535
0 0.7130034186385459 0.1025424859015394 0.05825617283950635 0.19032921810699588
0 0.716500289351852 0.3808937280902301 0.09375 0.2541152263374486
0 0.5000439386145404 0.0994489216582838 0.06327160493827158 0.18261316872427985
0 0.5706380208333334 0.09174096936442615 0.05208333333333341 0.19135802469135807
0 0.358838091563786 0.10304926840420668 0.06018518518518516 0.18209876543209877
0 0.42905280135459534 0.09790380658436214 0.05825617283950619 0.18055555555555555
0 0.6354656957304526 0.08866359929888736 0.07060185185185183 0.20113168724279837
0 0.7855455354080932 0.10099832342630696 0.07445987654320985 0.18930041152263377
0 0.4174781914437586 0.7141437090382564 0.0574845679012346 0.1640946502057614
0 0.5714090899348422 0.7336872237463801 0.051311728395061824 0.1599794238683128
0 0.7608356910150892 0.731624371284865 0.047839506172839524 0.15432098765432106
0 0.29324765303497946 0.7074402720621855 0.05439814814814813 0.1466049382716051
0 0.35960219478738 0.7187571444901693 0.049382716049382776 0.14660493827160487
0 0.4900098593964335 0.7187642889803384 0.05864197530864206 0.15432098765432084
0 0.6358383701989027 0.716719059594574 0.05169753086419746 0.1676954732510288
0 0.12890249914266116 0.7156826322206982 0.06404320987654322 0.15946502057613163
0 0.693318919324417 0.7208142813595487 0.0459104938271604 0.146090534979424
0 0.8121514381858712 0.7228785627190978 0.05362654320987635 0.15329218106995884
