0 0.9525792502572017 0.5263317329675355 0.04745370370370365 0.10493827160493831
0 0.00042759773662551443 0.15502733958238074 0.06018518518518518 0.2073045267489712
0 0.4074722436556927 0.5463439262307574 0.09336419753086421 0.051440329218106984
0 0.13814782664609054 0.48061747447035513 0.04398148148148149 0.17798353909465017
0 0.740412540723594 0.2855757506477671 0.08294753086419762 0.08847736625514402
0 0.41556284293552803 0.6111625514403292 0.07716049382716056 0.05555555555555555
0 0.3974362890089163 0.4696983119951227 0.08603395061728397 0.05195473251028809
0 0.6898421424897119 0.6060156607224508 0.0393518518518519 0.0524691358024691
0 0.397825842335391 0.41567262993446114 0.09143518518518516 0.037551440329218096
0 0.6026789158950616 0.5448040504496265 0.07986111111111119 0.0550411522633745
0 0.0004222393689986283 0.4965396852613931 0.05246913580246914 0.15174897119341565
0 0.6042194465877915 0.6055060204237158 0.07600308641975317 0.05761316872427989
0 0.8252772955246914 0.3066610463344002 0.06597222222222207 0.08281893004115227
0 0.3233528377914952 0.5947011697911904 0.07253086419753087 0.055041152263374395
0 0.24815055941358025 0.16119589239445206 0.11458333333333329 0.2026748971193416
0 0.3677340534979424 0.2984143994817863 0.09259259259259262 0.06532921810699598
0 0.4618698559670782 0.298419638774577 0.09259259259259262 0.07098765432098772
0 0.6921558856310014 0.5478833257125438 0.037808641975308574 0.04732510288065852
0 0.08375450102880658 0.49704789666209415 0.0509259259259259 0.1450617283950617
0 0.7377081725823045 0.18527187166590459 0.07754629629629635 0.09362139917695471
0 0.5610026041666666 0.3066438995579942 0.06597222222222222 0.06430041152263381
0 0.635868912894376 0.16108920134125895 0.09567901234567905 0.08744855967078188
0 0.7291891718106995 0.5386274005486968 0.03240740740740746 0.05092592592592592
0 0.5633182227366256 0.22538770766651425 0.06712962962962961 0.0853909465020576
0 0.9055250128600822 0.26194320606614846 0.06712962962962953 0.12088477366255143
0 0.6362544474451303 0.2593654740131078 0.09529320987654333 0.11471193415637858
0 0.877749110510974 0.09888260173754 0.06983024691358015 0.12654320987654322
0 0.7311195237482854 0.6055060204237158 0.03433641975308635 0.05761316872427989
0 0.9510357724622771 0.11277291952446274 0.04706790123456794 0.1280864197530864
0 0.2546958054698217 0.7110177564395671 0.09529320987654322 0.12139917695473239
0 0.023607896090534982 0.8488778387440938 0.10648148148148148 0.1213991769547326
0 0.2577792781207133 0.8391175125743027 0.0910493827160494 0.13580246913580254
0 0.4622599451303155 0.9275267680231672 0.0987654320987654 0.06224279835390952
0 0.3600233624828532 0.9300992607834171 0.10030864197530866 0.06275720164609047
0 0.14050845550411523 0.7089553802773968 0.10995370370370369 0.1162551440329218
0 0.1601768797153635 0.8298515851242189 0.09915123456790123 0.12860082304526751
0 0.6643880208333334 0.7207852270995274 0.05208333333333341 0.11471193415637862
0 0.5760612247085047 0.7639536655997562 0.08371913580246913 0.0699588477366255
0 0.565257683899177 0.9331761545496113 0.08217592592592596 0.052469135802468994
0 0.5147164887688614 0.6055160227099526 0.08063271604938278 0.06841563786008233
0 0.7415592313957476 0.7572611835086115 0.0675154320987654 0.06430041152263376
0 0.8380149391289435 0.7593173677793019 0.07484567901234572 0.06275720164609047
0 0.8576844350137175 0.9203165485444292 0.06558641975308635 0.05298353909465016
0 0.06063421639231824 0.16684051592745008 0.0910493827160494 0.18775720164609053
0 0.15515635716735254 0.1683922991921963 0.09182098765432099 0.19701646090534977
0 0.46572761274005486 0.22178164532845604 0.09220679012345674 0.07973251028806581
0 0.46379592121056246 0.18058746761164457 0.08834876543209873 0.03446502057613169
0 0.3865904170953361 0.21972307956104253 0.02353395061728397 0.07870370370370365
0 0.4135944465877915 0.22434842249657067 0.02044753086419754 0.07407407407407403
0 0.4363583997770919 0.22743055555555555 0.0227623456790123 0.0694444444444445
0 0.8175706232853224 0.19557422648986436 0.07947530864197525 0.10905349794238685
0 0.1844741298010974 0.48935994894071033 0.08719135802469134 0.17541152263374488
0 0.3387763631687243 0.5314300411522633 0.060185185185185196 0.055555555555555663
0 0.7268738211591221 0.48461410227099533 0.031635802469135714 0.049897119341563705
0 0.6269793810013717 0.4799916171315349 0.07253086419753087 0.05761316872427979
0 0.7017904985425241 0.4799873304374333 0.02276234567901238 0.05298353909465016
0 0.8152472350823045 0.6193877648224356 0.06712962962962953 0.04989711934156381
0 0.6566743827160494 0.9218554717268709 0.055555555555555636 0.048353909465020634
0 0.7234214248971195 0.9280311690291114 0.06018518518518508 0.051440329218106984
0 0.7947903270747599 0.9125990702636793 0.05362654320987666 0.051440329218106984
0 0.9413982124485596 0.92802688233501 0.057870370370370475 0.046810699588477354
0 0.9390855409807957 0.8796620179850633 0.060956790123456825 0.034979423868312806
0 0.3650045010288066 0.7767951722298431 0.05092592592592595 0.049897119341563705
0 0.43175877700617277 0.759825579180003 0.06597222222222222 0.05606995884773672
0 0.5023555384087791 0.7433689605243105 0.058641975308641986 0.06069958847736624
0 0.7994111153978052 0.4995503734186862 0.04089506172839508 0.0699588477366255
0 0.5135590813614541 0.5725537265660723 0.0806327160493827 0.024691358024691322
0 0.5124024777091907 0.5391213229690595 0.08179012345679008 0.028806584362139894
0 0.4271347736625514 0.7207123532998018 0.07407407407407413 0.03600823045267492
