0 0.6158170974794238 0.5495722831885383 0.10995370370370373 0.20473251028806583
0 0.9294471772119342 0.24401244093888128 0.0706018518518519 0.20010288065843623
0 0.2797625171467764 0.8134321178174059 0.08024691358024695 0.17335390946502052
0 0.6771280757030179 0.2897600403901844 0.06442901234567905 0.16306584362139914
0 0.5216504843964335 0.2969578760859625 0.06558641975308643 0.15895061728395057
0 0.6019032921810699 0.2938743141289437 0.07407407407407413 0.16203703703703703
0 0.47384420010288064 0.5511083485749124 0.11342592592592596 0.19701646090534974
0 0.36504308127572016 0.5423687319006248 0.10648148148148151 0.20267489711934158
0 0.23580461248285323 0.5346479195244628 0.11419753086419754 0.1975308641975309
0 0.4510480967078189 0.2984939414723365 0.06481481481481484 0.1512345679012346
0 0.3854614090363512 0.30157893232738914 0.06442901234567905 0.14969135802469138
0 0.08686637302812071 0.5377181450998323 0.08757716049382716 0.1800411522633745
0 0.3056032450274349 0.2990045343697607 0.06867283950617281 0.14711934156378598
0 0.22767409336419753 0.2913032502667276 0.07291666666666663 0.1630658436213992
0 0.11231647590877915 0.30774986663618353 0.06905864197530863 0.1476337448559671
0 0.00390249914266118 0.543380391708581 0.0640432098765432 0.18415637860082318
0 0.17558191872427983 0.5377276710867246 0.060185185185185196 0.19032921810699588
0 0.7508184906550069 0.28205113549763755 0.06751543209876555 0.1707818930041152
0 0.8268489047496571 0.24402053802773965 0.1068672839506173 0.2088477366255144
0 0.8472993827160493 0.5470093164151806 0.1111111111111111 0.21450617283950613
0 0.7292446309156378 0.5454580094497791 0.11226851851851857 0.20576131687242794
0 0.08493227023319617 0.8124033112330438 0.08024691358024692 0.17335390946502052
0 0.6624965170610425 0.8288604061880811 0.10609567901234555 0.16923868312757206
0 0.4830924747085048 0.838625971650663 0.09760802469135801 0.16049382716049387
0 0.366196201989026 0.8406759640298735 0.10030864197530866 0.15226337448559663
0 0.16787899734224965 0.7964849108367626 0.07908950617283951 0.2037037037037037
0 0.00043965406378600826 0.8072626124066453 0.0775462962962963 0.17695473251028804
0 0.5860808363340191 0.8103571292485902 0.06751543209876548 0.18569958847736634
0 0.8719910086591219 0.8530168800487731 0.11149691358024698 0.14711934156378603
0 0.0008117926954732511 0.2851475575369608 0.057870370370370364 0.18158436213991772
0 0.9583609289266118 0.5408536236854138 0.03973765432098762 0.23302469135802464
0 0.46574556327160493 0.4877005220240817 0.11805555555555555 0.04989711934156381
0 0.3318675518689986 0.48769909312604787 0.11149691358024698 0.048353909465020634
0 0.13470320001714675 0.4907769394909313 0.08371913580246916 0.03909465020576127
0 0.007383026834705075 0.49695120789513786 0.07600308641975309 0.04063786008230455
0 0.7859072252229081 0.7918290847431795 0.03973765432098762 0.17541152263374496
