0 0.6646997872652581 0.09546165884194052 0.12544014084507055 0.42253521126760557
0 0.5418900992762128 0.09370544253173362 0.11047535211267609 0.4272300469483568
0 0.7940865243544601 0.11597548252477831 0.10431338028169014 0.39436619718309857
0 0.2844046483763693 0.17579062336984871 0.10607394366197186 0.346830985915493
0 0.4028236257824726 0.10426175882455226 0.13644366197183103 0.41960093896713613
0 0.13255727944053206 0.17051817075291256 0.10783450704225353 0.3568075117370892
0 0.007997725938967136 0.1288857372630847 0.10827464788732395 0.39377934272300474
0 0.9054094532472613 0.12067575204312293 0.05721830985915485 0.40023474178403756
0 0.3319239656690141 0.6851552990784212 0.08318661971830986 0.3198356807511737
0 0.10436931484741782 0.6757667144844376 0.08054577464788733 0.32100938967136144
0 0.2091332281885759 0.6757683446357156 0.09551056338028165 0.322769953051643
0 0.6726033719679185 0.6863230307772561 0.09815140845070426 0.3133802816901409
0 0.5550802645735524 0.7138747609111459 0.09022887323943654 0.28051643192488274
0 0.005331205985915493 0.6792851243262041 0.07130281690140844 0.318075117370892
0 0.43580759732003127 0.677525647713441 0.09815140845070418 0.3192488262910798
0 0.7980395393192488 0.7285434054946966 0.09242957746478879 0.27758215962441307
