0 0.5462814211658843 0.47436206746652754 0.0959507042253521 0.198356807511737
0 0.4472469801447575 0.48022137454355757 0.09198943661971831 0.1883802816901409
0 0.646639035602504 0.16449313162928186 0.10387323943661965 0.18779342723004694
0 0.16248227210485133 0.15686945748565467 0.1012323943661972 0.19366197183098588
0 0.2944982394366197 0.44562413058598505 0.06338028169014084 0.21772300469483563
0 0.3605306753716745 0.723154125369501 0.07966549295774648 0.16138497652582162
0 0.6422376271517998 0.4591125456442358 0.10387323943661973 0.2077464788732394
0 0.5563942683881065 0.16155614241001565 0.08098591549295778 0.18485915492957744
0 0.4635257726917058 0.7272441749260998 0.08274647887323947 0.14201877934272297
0 0.4701288023278561 0.1480737045731177 0.08406690140845074 0.2012910798122066
0 0.7461539637128325 0.6803452660406885 0.16593309859154934 0.19542253521126768
0 0.3622900161384977 0.4726004173187272 0.0779049295774648 0.19718309859154923
0 0.0766450264084507 0.1644958485480786 0.08714788732394367 0.19072769953051644
0 0.1690449554968701 0.7037754303599374 0.044454225352112686 0.147887323943662
0 0.09246961805555555 0.7107997522170058 0.05765845070422536 0.12852112676056332
0 0.13429063967136148 0.43798578508085545 0.06866197183098594 0.20774647887323947
0 0.35878692292644765 0.15217244826986612 0.10387323943661965 0.1913145539906103
0 0.22494162020735525 0.7102183315945053 0.04269366197183098 0.13438967136150234
0 0.9221552841353678 0.7043704355764214 0.08670774647887325 0.15669014084507046
0 0.7597558440923318 0.1551175882455225 0.10475352112676053 0.20305164319248828
0 0.8381143632629108 0.4426561684924361 0.1241197183098592 0.18133802816901415
0 0.7447797461854458 0.43387671709267955 0.088468309859155 0.20657276995305168
0 0.8724364852308294 0.1598064467049209 0.11135563380281689 0.1965962441314554
0 0.28877701975743353 0.7149033863675882 0.06426056338028169 0.12382629107981215
0 0.33679118984741785 0.9525142366544951 0.12015845070422533 0.05340375586854449
