0 0.1400915745027435 0.14887545724737083 0.0652006172839506 0.2299382716049383
0 0.23887870799039781 0.5058518137479043 0.09645061728395063 0.2088477366255144
0 0.20374067644032923 0.14272357491236093 0.053240740740740713 0.25257201646090527
0 0.2878590106310014 0.15609282121627802 0.07253086419753087 0.24691358024691354
0 0.08452717764060357 0.16120256058527663 0.05246913580246914 0.2098765432098766
0 0.6802193179869686 0.3241259907026368 0.07137345679012333 0.05606995884773661
0 0.6752044217249656 0.27524481786313065 0.07214506172839508 0.042181069958847725
0 0.6755910279492455 0.21815176802316721 0.07330246913580238 0.04835390946502056
0 0.6759779020919068 0.1487158969669258 0.07484567901234564 0.057613168724279816
0 0.7292114090363512 0.5180593659503125 0.06442901234567905 0.05967078189300413
0 0.5868516375171468 0.3308013260173754 0.06635802469135801 0.04320987654320984
0 0.5204890582133058 0.1770023624447493 0.05979938271604945 0.051440329218106984
0 0.588777702760631 0.2757620789513794 0.06211419753086421 0.045267489711934075
0 0.00042545438957476 0.1746108634354519 0.05709876543209876 0.24639917695473249
0 0.9151676633230453 0.33233882030178324 0.0636574074074073 0.037037037037037035
0 0.8302996935013719 0.3318334666971498 0.07600308641975302 0.04681069958847741
0 0.830290584276406 0.21660760554793476 0.06288580246913572 0.047325102880658436
0 0.9113093707133059 0.5489102270995274 0.06327160493827175 0.04526748971193418
0 0.7554374035493827 0.15951931870141747 0.052083333333333336 0.058641975308641986
0 0.7569816850994513 0.3297796639231824 0.05362654320987651 0.05092592592592592
0 0.9063011724108367 0.26805460295686634 0.07368827160493825 0.05452674897119339
0 0.8291366598079561 0.27576493674744706 0.0679012345679011 0.04835390946502053
0 0.8283680019718793 0.3801845183661027 0.07214506172839492 0.043724279835390956
0 0.8341504843964335 0.5062109434537418 0.0655864197530865 0.04115226337448551
0 0.038644279406721535 0.9527158588629783 0.09220679012345681 0.044238683127572065
0 0.821804805384088 0.8400829713458313 0.06558641975308635 0.0673868312757202
0 0.6655526620370371 0.835978699893309 0.06250000000000008 0.07921810699588466
0 0.9032029642489712 0.9239364235634812 0.056712962962963014 0.07355967078189302
0 0.7403959297839506 0.8442077236701722 0.059027777777777776 0.07767489711934158
0 0.8997288665980796 0.8406083295229386 0.054012345679012225 0.07921810699588466
0 0.022448077417695472 0.5331332876085962 0.10300925925925927 0.22839506172839502
0 0.29212668252743484 0.8915604519128183 0.1068672839506173 0.1075102880658436
0 0.04134891546639232 0.8704903978052126 0.09799382716049383 0.12962962962962962
0 0.15709822959533606 0.8812819120560891 0.11033950617283951 0.11779835390946497
0 0.12892902306241424 0.5253615112025606 0.10223765432098766 0.16820987654320985
0 0.5906959983710562 0.5617703094040544 0.04668209876543214 0.045267489711934075
0 0.5906989454732511 0.6132120675201951 0.05092592592592595 0.04681069958847746
0 0.6620764210390947 0.5766884811766498 0.05671296296296294 0.045781893004115344
0 0.6566797410836762 0.6255506020423717 0.06327160493827166 0.039094650205761375
0 0.6543649262688614 0.6646495389422344 0.06327160493827151 0.0437242798353909
0 0.7326790766460906 0.6224741845755222 0.057870370370370475 0.049897119341563705
0 0.7303666730967079 0.6795534217344915 0.06134259259259254 0.028806584362139998
0 0.7338324652777778 0.5843973860691968 0.052083333333333336 0.03806584362139926
0 0.8322265625 0.5453151196463953 0.07291666666666667 0.05144032921810688
0 0.8356987847222223 0.6101118350861149 0.07291666666666667 0.03189300411522624
0 0.8302980859910837 0.6646442996494437 0.07368827160493825 0.038065843621399156
0 0.8368481545781893 0.7068377533912513 0.06134259259259254 0.05144032921810688
0 0.9105428562242799 0.7114602385307118 0.0706018518518519 0.0437242798353909
0 0.9140094521604938 0.6553936137783875 0.0625 0.04732510288065852
0 0.9140118634259259 0.6024138850784941 0.06597222222222222 0.05144032921810688
0 0.9197876478909464 0.5041585695778082 0.04976851851851857 0.046810699588477354
0 0.6586074138374485 0.5283317139155618 0.0613425925925927 0.042695473251028675
0 0.6030448924039781 0.8416228471269623 0.05131172839506175 0.06378600823045259
0 0.5988064236111111 0.9141356119493979 0.05902777777777786 0.044238683127572065
0 0.6643952546296296 0.9172206028044505 0.06250000000000008 0.04269547325102889
0 0.7438665444958849 0.915671677335772 0.056712962962963014 0.03652263374485587
0 0.7461891289437587 0.9640184423106234 0.0679012345679011 0.028806584362139894
0 0.8221836419753087 0.9110463344002439 0.05555555555555555 0.04115226337448551
0 0.8245043509945129 0.9655668914799573 0.06404320987654318 0.03446502057613164
0 0.6825344007201646 0.3817262993446121 0.0717592592592592 0.042181069958847725
0 0.7596782836076817 0.28500752552964487 0.047839506172839524 0.03034979423868312
0 0.7550510652434842 0.22740245389422342 0.05131172839506175 0.03909465020576132
0 0.8515038258744855 0.17133011354976374 0.05439814814814825 0.036522633744855953
0 0.7562098122427983 0.38481129019966476 0.05324074074074064 0.040637860082304494
0 0.5158605002572016 0.23512136107300716 0.06134259259259254 0.0421810699588477
0 0.5826115612139918 0.38172487044657827 0.07175925925925929 0.04063786008230455
0 0.9063011724108367 0.3740202522481329 0.07368827160493825 0.05298353909465026
